"Status","Year","Disability","Ethnicity","Region_ITL1","Region_ITL3","Headcount","FTE","Mean_salary","Median_salary"
"In post","2022","Declared disabled","Asian","East Midlands (England)","Derby","15","15","[c]","[c]"
"In post","2022","Declared disabled","Asian","East Midlands (England)","East Derbyshire","[c]","[c]","[c]","[c]"
"In post","2022","Declared disabled","Asian","East Midlands (England)","Leicester","100","85","24740","22200"
"In post","2022","Declared disabled","Asian","East Midlands (England)","Leicestershire CC and Rutland","10","10","[c]","[c]"
"In post","2022","Declared disabled","Asian","East Midlands (England)","Lincolnshire CC","[c]","[c]","[c]","[c]"
"In post","2022","Declared disabled","Asian","East Midlands (England)","North Northamptonshire","[c]","[c]","[c]","[c]"
"In post","2022","Declared disabled","Asian","East Midlands (England)","North Nottinghamshire","[c]","[c]","[c]","[c]"
"In post","2022","Declared disabled","Asian","East Midlands (England)","Nottingham","65","60","31490","31150"
"In post","2022","Declared disabled","Asian","East Midlands (England)","South and West Derbyshire","[c]","[c]","[c]","[c]"
"In post","2022","Declared disabled","Asian","East Midlands (England)","South Nottinghamshire","[c]","[c]","[c]","[c]"
"In post","2022","Declared disabled","Asian","East Midlands (England)","West Northamptonshire","10","10","[c]","[c]"
"In post","2022","Declared disabled","Asian","East of England","Bedford","15","15","[c]","[c]"
"In post","2022","Declared disabled","Asian","East of England","Breckland and South Norfolk","[c]","[c]","[c]","[c]"
"In post","2022","Declared disabled","Asian","East of England","Cambridgeshire CC","5","5","[c]","[c]"
"In post","2022","Declared disabled","Asian","East of England","Central Bedfordshire","[c]","[c]","[c]","[c]"
"In post","2022","Declared disabled","Asian","East of England","Essex Haven Gateway","[c]","[c]","[c]","[c]"
"In post","2022","Declared disabled","Asian","East of England","Essex Thames Gateway","5","5","[c]","[c]"
"In post","2022","Declared disabled","Asian","East of England","Heart of Essex","[c]","[c]","[c]","[c]"
"In post","2022","Declared disabled","Asian","East of England","Hertfordshire CC","45","40","36500","30750"
"In post","2022","Declared disabled","Asian","East of England","Luton","20","15","[c]","[c]"
"In post","2022","Declared disabled","Asian","East of England","North and West Norfolk","[c]","[c]","[c]","[c]"
"In post","2022","Declared disabled","Asian","East of England","Norwich and East Norfolk","[c]","[c]","[c]","[c]"
"In post","2022","Declared disabled","Asian","East of England","Peterborough","20","15","[c]","[c]"
"In post","2022","Declared disabled","Asian","East of England","Southend-on-Sea","[c]","[c]","[c]","[c]"
"In post","2022","Declared disabled","Asian","East of England","Suffolk CC","[c]","[c]","[c]","[c]"
"In post","2022","Declared disabled","Asian","East of England","Thurrock","[c]","[c]","[c]","[c]"
"In post","2022","Declared disabled","Asian","East of England","West Essex","10","10","[c]","[c]"
"In post","2022","Declared disabled","Asian","London","Barking & Dagenham and Havering","25","25","[c]","[c]"
"In post","2022","Declared disabled","Asian","London","Barnet","25","25","[c]","[c]"
"In post","2022","Declared disabled","Asian","London","Bexley and Greenwich","10","10","[c]","[c]"
"In post","2022","Declared disabled","Asian","London","Brent","15","15","[c]","[c]"
"In post","2022","Declared disabled","Asian","London","Bromley","[c]","[c]","[c]","[c]"
"In post","2022","Declared disabled","Asian","London","Camden and City of London","30","30","28930","28450"
"In post","2022","Declared disabled","Asian","London","Croydon","160","140","34250","30880"
"In post","2022","Declared disabled","Asian","London","Ealing","25","25","[c]","[c]"
"In post","2022","Declared disabled","Asian","London","Enfield","10","10","[c]","[c]"
"In post","2022","Declared disabled","Asian","London","Hackney and Newham","155","140","34990","31060"
"In post","2022","Declared disabled","Asian","London","Haringey and Islington","30","25","[c]","[c]"
"In post","2022","Declared disabled","Asian","London","Harrow and Hillingdon","120","105","30770","29510"
"In post","2022","Declared disabled","Asian","London","Hounslow and Richmond upon Thames","55","50","32010","30110"
"In post","2022","Declared disabled","Asian","London","Kensington & Chelsea and Hammersmith & Fulham","5","5","[c]","[c]"
"In post","2022","Declared disabled","Asian","London","Lambeth","25","25","[c]","[c]"
"In post","2022","Declared disabled","Asian","London","Lewisham and Southwark","15","10","[c]","[c]"
"In post","2022","Declared disabled","Asian","London","Merton, Kingston upon Thames and Sutton","10","10","[c]","[c]"
"In post","2022","Declared disabled","Asian","London","Redbridge and Waltham Forest","55","50","29170","30330"
"In post","2022","Declared disabled","Asian","London","Tower Hamlets","75","70","40670","34550"
"In post","2022","Declared disabled","Asian","London","Wandsworth","[c]","[c]","[c]","[c]"
"In post","2022","Declared disabled","Asian","London","Westminster","545","525","42470","39320"
"In post","2022","Declared disabled","Asian","North East (England)","Darlington","[c]","[c]","[c]","[c]"
"In post","2022","Declared disabled","Asian","North East (England)","Durham","[c]","[c]","[c]","[c]"
"In post","2022","Declared disabled","Asian","North East (England)","Hartlepool and Stockton-on-Tees","5","5","[c]","[c]"
"In post","2022","Declared disabled","Asian","North East (England)","Northumberland","[c]","[c]","[c]","[c]"
"In post","2022","Declared disabled","Asian","North East (England)","South Teesside","5","5","[c]","[c]"
"In post","2022","Declared disabled","Asian","North East (England)","Sunderland","[c]","[c]","[c]","[c]"
"In post","2022","Declared disabled","Asian","North East (England)","Tyneside","30","25","[c]","[c]"
"In post","2022","Declared disabled","Asian","North West (England)","Blackburn with Darwen","20","20","[c]","[c]"
"In post","2022","Declared disabled","Asian","North West (England)","Blackpool","10","10","[c]","[c]"
"In post","2022","Declared disabled","Asian","North West (England)","Cheshire East","[c]","[c]","[c]","[c]"
"In post","2022","Declared disabled","Asian","North West (England)","Cheshire West and Chester","[c]","[c]","[c]","[c]"
"In post","2022","Declared disabled","Asian","North West (England)","Chorley and West Lancashire","[c]","[c]","[c]","[c]"
"In post","2022","Declared disabled","Asian","North West (England)","East Cumbria","[c]","[c]","[c]","[c]"
"In post","2022","Declared disabled","Asian","North West (England)","East Lancashire","10","10","[c]","[c]"
"In post","2022","Declared disabled","Asian","North West (England)","East Merseyside","[c]","[c]","[c]","[c]"
"In post","2022","Declared disabled","Asian","North West (England)","Greater Manchester North East","15","15","[c]","[c]"
"In post","2022","Declared disabled","Asian","North West (England)","Greater Manchester North West","15","10","[c]","[c]"
"In post","2022","Declared disabled","Asian","North West (England)","Greater Manchester South East","10","10","[c]","[c]"
"In post","2022","Declared disabled","Asian","North West (England)","Greater Manchester South West","50","50","28860","26490"
"In post","2022","Declared disabled","Asian","North West (England)","Lancaster and Wyre","[c]","[c]","[c]","[c]"
"In post","2022","Declared disabled","Asian","North West (England)","Liverpool","10","10","[c]","[c]"
"In post","2022","Declared disabled","Asian","North West (England)","Manchester","75","70","30440","27570"
"In post","2022","Declared disabled","Asian","North West (England)","Mid Lancashire","70","60","26250","22080"
"In post","2022","Declared disabled","Asian","North West (England)","Sefton","[c]","[c]","[c]","[c]"
"In post","2022","Declared disabled","Asian","North West (England)","Warrington","[c]","[c]","[c]","[c]"
"In post","2022","Declared disabled","Asian","North West (England)","West Cumbria","[c]","[c]","[c]","[c]"
"In post","2022","Declared disabled","Asian","North West (England)","Wirral","5","5","[c]","[c]"
"In post","2022","Declared disabled","Asian","Northern Ireland","Antrim and Newtownabbey","[c]","[c]","[c]","[c]"
"In post","2022","Declared disabled","Asian","Northern Ireland","Ards and North Down","[c]","[c]","[c]","[c]"
"In post","2022","Declared disabled","Asian","Northern Ireland","Armagh City, Banbridge and Craigavon","[c]","[c]","[c]","[c]"
"In post","2022","Declared disabled","Asian","Northern Ireland","Belfast","[c]","[c]","[c]","[c]"
"In post","2022","Declared disabled","Asian","Northern Ireland","Causeway Coast and Glens","[c]","[c]","[c]","[c]"
"In post","2022","Declared disabled","Asian","Northern Ireland","Derry City and Strabane","[c]","[c]","[c]","[c]"
"In post","2022","Declared disabled","Asian","Northern Ireland","Fermanagh and Omagh","[c]","[c]","[c]","[c]"
"In post","2022","Declared disabled","Asian","Northern Ireland","Lisburn and Castlereagh","[c]","[c]","[c]","[c]"
"In post","2022","Declared disabled","Asian","Northern Ireland","Mid and East Antrim","[c]","[c]","[c]","[c]"
"In post","2022","Declared disabled","Asian","Northern Ireland","Mid Ulster","[c]","[c]","[c]","[c]"
"In post","2022","Declared disabled","Asian","Northern Ireland","Newry, Mourne and Down","[c]","[c]","[c]","[c]"
"In post","2022","Declared disabled","Asian","Overseas","Overseas","10","10","[c]","[c]"
"In post","2022","Declared disabled","Asian","Scotland","Aberdeen City and Aberdeenshire","[c]","[c]","[c]","[c]"
"In post","2022","Declared disabled","Asian","Scotland","Angus and Dundee City","10","10","[c]","[c]"
"In post","2022","Declared disabled","Asian","Scotland","Caithness and Sutherland, and Ross and Cromarty","[c]","[c]","[c]","[c]"
"In post","2022","Declared disabled","Asian","Scotland","City of Edinburgh","15","15","[c]","[c]"
"In post","2022","Declared disabled","Asian","Scotland","Clackmannanshire and Fife","[c]","[c]","[c]","[c]"
"In post","2022","Declared disabled","Asian","Scotland","Dumfries and Galloway","[c]","[c]","[c]","[c]"
"In post","2022","Declared disabled","Asian","Scotland","East Ayrshire and North Ayrshire mainland","[c]","[c]","[c]","[c]"
"In post","2022","Declared disabled","Asian","Scotland","East Dunbartonshire, West Dunbartonshire, and Helensburgh and Lomond","[c]","[c]","[c]","[c]"
"In post","2022","Declared disabled","Asian","Scotland","East Lothian and Midlothian","[c]","[c]","[c]","[c]"
"In post","2022","Declared disabled","Asian","Scotland","Falkirk","[c]","[c]","[c]","[c]"
"In post","2022","Declared disabled","Asian","Scotland","Glasgow City","15","15","[c]","[c]"
"In post","2022","Declared disabled","Asian","Scotland","Inverclyde, East Renfrewshire, and Renfrewshire","[c]","[c]","[c]","[c]"
"In post","2022","Declared disabled","Asian","Scotland","Inverness and Nairn, Moray, and Badenoch and Strathspey","[c]","[c]","[c]","[c]"
"In post","2022","Declared disabled","Asian","Scotland","Lochaber, Skye and Lochalsh, Arran and Cumbrae, and Argyll and Bute","[c]","[c]","[c]","[c]"
"In post","2022","Declared disabled","Asian","Scotland","Na h-Eileanan Siar","[c]","[c]","[c]","[c]"
"In post","2022","Declared disabled","Asian","Scotland","North Lanarkshire","[c]","[c]","[c]","[c]"
"In post","2022","Declared disabled","Asian","Scotland","Orkney Islands","[c]","[c]","[c]","[c]"
"In post","2022","Declared disabled","Asian","Scotland","Perth and Kinross, and Stirling","[c]","[c]","[c]","[c]"
"In post","2022","Declared disabled","Asian","Scotland","Scottish Borders","[c]","[c]","[c]","[c]"
"In post","2022","Declared disabled","Asian","Scotland","Shetland Islands","[c]","[c]","[c]","[c]"
"In post","2022","Declared disabled","Asian","Scotland","South Ayrshire","[c]","[c]","[c]","[c]"
"In post","2022","Declared disabled","Asian","Scotland","South Lanarkshire","[c]","[c]","[c]","[c]"
"In post","2022","Declared disabled","Asian","Scotland","West Lothian","[c]","[c]","[c]","[c]"
"In post","2022","Declared disabled","Asian","South East (England)","Berkshire","35","35","30490","29290"
"In post","2022","Declared disabled","Asian","South East (England)","Brighton and Hove","[c]","[c]","[c]","[c]"
"In post","2022","Declared disabled","Asian","South East (England)","Buckinghamshire","10","10","[c]","[c]"
"In post","2022","Declared disabled","Asian","South East (England)","Central Hampshire","[c]","[c]","[c]","[c]"
"In post","2022","Declared disabled","Asian","South East (England)","East Kent","[c]","[c]","[c]","[c]"
"In post","2022","Declared disabled","Asian","South East (England)","East Surrey","[c]","[c]","[c]","[c]"
"In post","2022","Declared disabled","Asian","South East (England)","East Sussex CC","[c]","[c]","[c]","[c]"
"In post","2022","Declared disabled","Asian","South East (England)","Isle of Wight","[c]","[c]","[c]","[c]"
"In post","2022","Declared disabled","Asian","South East (England)","Kent Thames Gateway","[c]","[c]","[c]","[c]"
"In post","2022","Declared disabled","Asian","South East (England)","Medway","5","5","[c]","[c]"
"In post","2022","Declared disabled","Asian","South East (England)","Mid Kent","[c]","[c]","[c]","[c]"
"In post","2022","Declared disabled","Asian","South East (England)","Milton Keynes","10","10","[c]","[c]"
"In post","2022","Declared disabled","Asian","South East (England)","North Hampshire","[c]","[c]","[c]","[c]"
"In post","2022","Declared disabled","Asian","South East (England)","Oxfordshire CC","[c]","[c]","[c]","[c]"
"In post","2022","Declared disabled","Asian","South East (England)","Portsmouth","[c]","[c]","[c]","[c]"
"In post","2022","Declared disabled","Asian","South East (England)","South Hampshire","5","5","[c]","[c]"
"In post","2022","Declared disabled","Asian","South East (England)","Southampton","5","5","[c]","[c]"
"In post","2022","Declared disabled","Asian","South East (England)","West Kent","[c]","[c]","[c]","[c]"
"In post","2022","Declared disabled","Asian","South East (England)","West Surrey","10","10","[c]","[c]"
"In post","2022","Declared disabled","Asian","South East (England)","West Sussex (North East)","5","5","[c]","[c]"
"In post","2022","Declared disabled","Asian","South East (England)","West Sussex (South West)","[c]","[c]","[c]","[c]"
"In post","2022","Declared disabled","Asian","South West (England)","Bath and North East Somerset, North Somerset and South Gloucestershire","20","20","[c]","[c]"
"In post","2022","Declared disabled","Asian","South West (England)","Bournemouth, Christchurch and Poole","[c]","[c]","[c]","[c]"
"In post","2022","Declared disabled","Asian","South West (England)","Bristol, City of","25","20","[c]","[c]"
"In post","2022","Declared disabled","Asian","South West (England)","Cornwall and Isles of Scilly","[c]","[c]","[c]","[c]"
"In post","2022","Declared disabled","Asian","South West (England)","Devon CC","[c]","[c]","[c]","[c]"
"In post","2022","Declared disabled","Asian","South West (England)","Dorset","[c]","[c]","[c]","[c]"
"In post","2022","Declared disabled","Asian","South West (England)","Gloucestershire CC","[c]","[c]","[c]","[c]"
"In post","2022","Declared disabled","Asian","South West (England)","Plymouth","[c]","[c]","[c]","[c]"
"In post","2022","Declared disabled","Asian","South West (England)","Somerset CC","[c]","[c]","[c]","[c]"
"In post","2022","Declared disabled","Asian","South West (England)","Swindon","[c]","[c]","[c]","[c]"
"In post","2022","Declared disabled","Asian","South West (England)","Torbay","[c]","[c]","[c]","[c]"
"In post","2022","Declared disabled","Asian","South West (England)","Wiltshire","5","5","[c]","[c]"
"In post","2022","Declared disabled","Asian","Unknown","Unknown","25","25","[c]","[c]"
"In post","2022","Declared disabled","Asian","Wales","Bridgend and Neath Port Talbot","[c]","[c]","[c]","[c]"
"In post","2022","Declared disabled","Asian","Wales","Cardiff and Vale of Glamorgan","20","20","[c]","[c]"
"In post","2022","Declared disabled","Asian","Wales","Central Valleys","5","5","[c]","[c]"
"In post","2022","Declared disabled","Asian","Wales","Conwy and Denbighshire","[c]","[c]","[c]","[c]"
"In post","2022","Declared disabled","Asian","Wales","Flintshire and Wrexham","[c]","[c]","[c]","[c]"
"In post","2022","Declared disabled","Asian","Wales","Gwent Valleys","[c]","[c]","[c]","[c]"
"In post","2022","Declared disabled","Asian","Wales","Gwynedd","[c]","[c]","[c]","[c]"
"In post","2022","Declared disabled","Asian","Wales","Isle of Anglesey","[c]","[c]","[c]","[c]"
"In post","2022","Declared disabled","Asian","Wales","Monmouthshire and Newport","10","10","[c]","[c]"
"In post","2022","Declared disabled","Asian","Wales","Powys","[c]","[c]","[c]","[c]"
"In post","2022","Declared disabled","Asian","Wales","South West Wales","[c]","[c]","[c]","[c]"
"In post","2022","Declared disabled","Asian","Wales","Swansea","[c]","[c]","[c]","[c]"
"In post","2022","Declared disabled","Asian","West Midlands (England)","Birmingham","295","270","28330","27570"
"In post","2022","Declared disabled","Asian","West Midlands (England)","Coventry","30","30","32150","28460"
"In post","2022","Declared disabled","Asian","West Midlands (England)","Dudley","10","10","[c]","[c]"
"In post","2022","Declared disabled","Asian","West Midlands (England)","Herefordshire, County of","[c]","[c]","[c]","[c]"
"In post","2022","Declared disabled","Asian","West Midlands (England)","Sandwell","5","5","[c]","[c]"
"In post","2022","Declared disabled","Asian","West Midlands (England)","Shropshire","[c]","[c]","[c]","[c]"
"In post","2022","Declared disabled","Asian","West Midlands (England)","Solihull","30","30","26950","27570"
"In post","2022","Declared disabled","Asian","West Midlands (England)","Staffordshire CC","15","15","[c]","[c]"
"In post","2022","Declared disabled","Asian","West Midlands (England)","Stoke-on-Trent","5","5","[c]","[c]"
"In post","2022","Declared disabled","Asian","West Midlands (England)","Telford and Wrekin","5","5","[c]","[c]"
"In post","2022","Declared disabled","Asian","West Midlands (England)","Walsall","15","15","[c]","[c]"
"In post","2022","Declared disabled","Asian","West Midlands (England)","Warwickshire CC","15","15","[c]","[c]"
"In post","2022","Declared disabled","Asian","West Midlands (England)","Wolverhampton","50","45","27870","27570"
"In post","2022","Declared disabled","Asian","West Midlands (England)","Worcestershire CC","[c]","[c]","[c]","[c]"
"In post","2022","Declared disabled","Asian","Yorkshire and The Humber","Barnsley, Doncaster and Rotherham","[c]","[c]","[c]","[c]"
"In post","2022","Declared disabled","Asian","Yorkshire and The Humber","Bradford","65","60","24810","21260"
"In post","2022","Declared disabled","Asian","Yorkshire and The Humber","Calderdale and Kirklees","20","20","[c]","[c]"
"In post","2022","Declared disabled","Asian","Yorkshire and The Humber","East Riding of Yorkshire","[c]","[c]","[c]","[c]"
"In post","2022","Declared disabled","Asian","Yorkshire and The Humber","Kingston upon Hull, City of","[c]","[c]","[c]","[c]"
"In post","2022","Declared disabled","Asian","Yorkshire and The Humber","Leeds","105","95","31800","27570"
"In post","2022","Declared disabled","Asian","Yorkshire and The Humber","North and North East Lincolnshire","[c]","[c]","[c]","[c]"
"In post","2022","Declared disabled","Asian","Yorkshire and The Humber","North Yorkshire CC","[c]","[c]","[c]","[c]"
"In post","2022","Declared disabled","Asian","Yorkshire and The Humber","Sheffield","35","30","26630","25040"
"In post","2022","Declared disabled","Asian","Yorkshire and The Humber","Wakefield","[c]","[c]","[c]","[c]"
"In post","2022","Declared disabled","Asian","Yorkshire and The Humber","York","[c]","[c]","[c]","[c]"
"In post","2022","Declared disabled","Black","East Midlands (England)","Derby","10","10","[c]","[c]"
"In post","2022","Declared disabled","Black","East Midlands (England)","East Derbyshire","[c]","[c]","[c]","[c]"
"In post","2022","Declared disabled","Black","East Midlands (England)","Leicester","10","5","[c]","[c]"
"In post","2022","Declared disabled","Black","East Midlands (England)","Leicestershire CC and Rutland","[c]","[c]","[c]","[c]"
"In post","2022","Declared disabled","Black","East Midlands (England)","Lincolnshire CC","[c]","[c]","[c]","[c]"
"In post","2022","Declared disabled","Black","East Midlands (England)","North Northamptonshire","[c]","[c]","[c]","[c]"
"In post","2022","Declared disabled","Black","East Midlands (England)","North Nottinghamshire","[c]","[c]","[c]","[c]"
"In post","2022","Declared disabled","Black","East Midlands (England)","Nottingham","35","30","27230","27380"
"In post","2022","Declared disabled","Black","East Midlands (England)","South and West Derbyshire","[c]","[c]","[c]","[c]"
"In post","2022","Declared disabled","Black","East Midlands (England)","South Nottinghamshire","[c]","[c]","[c]","[c]"
"In post","2022","Declared disabled","Black","East Midlands (England)","West Northamptonshire","5","5","[c]","[c]"
"In post","2022","Declared disabled","Black","East of England","Bedford","[c]","[c]","[c]","[c]"
"In post","2022","Declared disabled","Black","East of England","Breckland and South Norfolk","[c]","[c]","[c]","[c]"
"In post","2022","Declared disabled","Black","East of England","Cambridgeshire CC","5","5","[c]","[c]"
"In post","2022","Declared disabled","Black","East of England","Central Bedfordshire","[c]","[c]","[c]","[c]"
"In post","2022","Declared disabled","Black","East of England","Essex Haven Gateway","[c]","[c]","[c]","[c]"
"In post","2022","Declared disabled","Black","East of England","Essex Thames Gateway","10","10","[c]","[c]"
"In post","2022","Declared disabled","Black","East of England","Heart of Essex","[c]","[c]","[c]","[c]"
"In post","2022","Declared disabled","Black","East of England","Hertfordshire CC","25","25","[c]","[c]"
"In post","2022","Declared disabled","Black","East of England","Luton","10","10","[c]","[c]"
"In post","2022","Declared disabled","Black","East of England","North and West Norfolk","[c]","[c]","[c]","[c]"
"In post","2022","Declared disabled","Black","East of England","Norwich and East Norfolk","[c]","[c]","[c]","[c]"
"In post","2022","Declared disabled","Black","East of England","Peterborough","5","5","[c]","[c]"
"In post","2022","Declared disabled","Black","East of England","Southend-on-Sea","[c]","[c]","[c]","[c]"
"In post","2022","Declared disabled","Black","East of England","Suffolk CC","5","5","[c]","[c]"
"In post","2022","Declared disabled","Black","East of England","Thurrock","5","5","[c]","[c]"
"In post","2022","Declared disabled","Black","East of England","West Essex","5","5","[c]","[c]"
"In post","2022","Declared disabled","Black","London","Barking & Dagenham and Havering","20","15","[c]","[c]"
"In post","2022","Declared disabled","Black","London","Barnet","25","25","[c]","[c]"
"In post","2022","Declared disabled","Black","London","Bexley and Greenwich","30","30","33400","31060"
"In post","2022","Declared disabled","Black","London","Brent","15","15","[c]","[c]"
"In post","2022","Declared disabled","Black","London","Bromley","25","25","[c]","[c]"
"In post","2022","Declared disabled","Black","London","Camden and City of London","45","40","27980","24310"
"In post","2022","Declared disabled","Black","London","Croydon","175","165","34350","31020"
"In post","2022","Declared disabled","Black","London","Ealing","20","20","[c]","[c]"
"In post","2022","Declared disabled","Black","London","Enfield","20","15","[c]","[c]"
"In post","2022","Declared disabled","Black","London","Hackney and Newham","130","120","32060","31040"
"In post","2022","Declared disabled","Black","London","Haringey and Islington","60","60","31470","31060"
"In post","2022","Declared disabled","Black","London","Harrow and Hillingdon","30","30","29860","29020"
"In post","2022","Declared disabled","Black","London","Hounslow and Richmond upon Thames","15","15","[c]","[c]"
"In post","2022","Declared disabled","Black","London","Kensington & Chelsea and Hammersmith & Fulham","25","25","[c]","[c]"
"In post","2022","Declared disabled","Black","London","Lambeth","40","35","32810","31060"
"In post","2022","Declared disabled","Black","London","Lewisham and Southwark","60","60","32100","31060"
"In post","2022","Declared disabled","Black","London","Merton, Kingston upon Thames and Sutton","10","10","[c]","[c]"
"In post","2022","Declared disabled","Black","London","Redbridge and Waltham Forest","40","40","30280","30780"
"In post","2022","Declared disabled","Black","London","Tower Hamlets","55","55","37630","34220"
"In post","2022","Declared disabled","Black","London","Wandsworth","40","35","32550","31060"
"In post","2022","Declared disabled","Black","London","Westminster","460","445","38510","34650"
"In post","2022","Declared disabled","Black","North East (England)","Darlington","[c]","[c]","[c]","[c]"
"In post","2022","Declared disabled","Black","North East (England)","Durham","[c]","[c]","[c]","[c]"
"In post","2022","Declared disabled","Black","North East (England)","Hartlepool and Stockton-on-Tees","[c]","[c]","[c]","[c]"
"In post","2022","Declared disabled","Black","North East (England)","Northumberland","[c]","[c]","[c]","[c]"
"In post","2022","Declared disabled","Black","North East (England)","South Teesside","[c]","[c]","[c]","[c]"
"In post","2022","Declared disabled","Black","North East (England)","Sunderland","[c]","[c]","[c]","[c]"
"In post","2022","Declared disabled","Black","North East (England)","Tyneside","10","10","[c]","[c]"
"In post","2022","Declared disabled","Black","North West (England)","Blackburn with Darwen","[c]","[c]","[c]","[c]"
"In post","2022","Declared disabled","Black","North West (England)","Blackpool","[c]","[c]","[c]","[c]"
"In post","2022","Declared disabled","Black","North West (England)","Cheshire East","[c]","[c]","[c]","[c]"
"In post","2022","Declared disabled","Black","North West (England)","Cheshire West and Chester","[c]","[c]","[c]","[c]"
"In post","2022","Declared disabled","Black","North West (England)","Chorley and West Lancashire","[c]","[c]","[c]","[c]"
"In post","2022","Declared disabled","Black","North West (England)","East Cumbria","[c]","[c]","[c]","[c]"
"In post","2022","Declared disabled","Black","North West (England)","East Lancashire","[c]","[c]","[c]","[c]"
"In post","2022","Declared disabled","Black","North West (England)","East Merseyside","[c]","[c]","[c]","[c]"
"In post","2022","Declared disabled","Black","North West (England)","Greater Manchester North East","[c]","[c]","[c]","[c]"
"In post","2022","Declared disabled","Black","North West (England)","Greater Manchester North West","[c]","[c]","[c]","[c]"
"In post","2022","Declared disabled","Black","North West (England)","Greater Manchester South East","[c]","[c]","[c]","[c]"
"In post","2022","Declared disabled","Black","North West (England)","Greater Manchester South West","15","15","[c]","[c]"
"In post","2022","Declared disabled","Black","North West (England)","Lancaster and Wyre","[c]","[c]","[c]","[c]"
"In post","2022","Declared disabled","Black","North West (England)","Liverpool","5","5","[c]","[c]"
"In post","2022","Declared disabled","Black","North West (England)","Manchester","35","30","33150","31990"
"In post","2022","Declared disabled","Black","North West (England)","Mid Lancashire","[c]","[c]","[c]","[c]"
"In post","2022","Declared disabled","Black","North West (England)","Sefton","[c]","[c]","[c]","[c]"
"In post","2022","Declared disabled","Black","North West (England)","Warrington","[c]","[c]","[c]","[c]"
"In post","2022","Declared disabled","Black","North West (England)","West Cumbria","[c]","[c]","[c]","[c]"
"In post","2022","Declared disabled","Black","North West (England)","Wirral","[c]","[c]","[c]","[c]"
"In post","2022","Declared disabled","Black","Northern Ireland","Antrim and Newtownabbey","[c]","[c]","[c]","[c]"
"In post","2022","Declared disabled","Black","Northern Ireland","Ards and North Down","[c]","[c]","[c]","[c]"
"In post","2022","Declared disabled","Black","Northern Ireland","Armagh City, Banbridge and Craigavon","[c]","[c]","[c]","[c]"
"In post","2022","Declared disabled","Black","Northern Ireland","Belfast","[c]","[c]","[c]","[c]"
"In post","2022","Declared disabled","Black","Northern Ireland","Causeway Coast and Glens","[c]","[c]","[c]","[c]"
"In post","2022","Declared disabled","Black","Northern Ireland","Derry City and Strabane","[c]","[c]","[c]","[c]"
"In post","2022","Declared disabled","Black","Northern Ireland","Fermanagh and Omagh","[c]","[c]","[c]","[c]"
"In post","2022","Declared disabled","Black","Northern Ireland","Lisburn and Castlereagh","[c]","[c]","[c]","[c]"
"In post","2022","Declared disabled","Black","Northern Ireland","Mid and East Antrim","[c]","[c]","[c]","[c]"
"In post","2022","Declared disabled","Black","Northern Ireland","Mid Ulster","[c]","[c]","[c]","[c]"
"In post","2022","Declared disabled","Black","Northern Ireland","Newry, Mourne and Down","[c]","[c]","[c]","[c]"
"In post","2022","Declared disabled","Black","Overseas","Overseas","5","5","[c]","[c]"
"In post","2022","Declared disabled","Black","Scotland","Aberdeen City and Aberdeenshire","[c]","[c]","[c]","[c]"
"In post","2022","Declared disabled","Black","Scotland","Angus and Dundee City","[c]","[c]","[c]","[c]"
"In post","2022","Declared disabled","Black","Scotland","Caithness and Sutherland, and Ross and Cromarty","[c]","[c]","[c]","[c]"
"In post","2022","Declared disabled","Black","Scotland","City of Edinburgh","5","5","[c]","[c]"
"In post","2022","Declared disabled","Black","Scotland","Clackmannanshire and Fife","[c]","[c]","[c]","[c]"
"In post","2022","Declared disabled","Black","Scotland","Dumfries and Galloway","[c]","[c]","[c]","[c]"
"In post","2022","Declared disabled","Black","Scotland","East Ayrshire and North Ayrshire mainland","[c]","[c]","[c]","[c]"
"In post","2022","Declared disabled","Black","Scotland","East Dunbartonshire, West Dunbartonshire, and Helensburgh and Lomond","[c]","[c]","[c]","[c]"
"In post","2022","Declared disabled","Black","Scotland","East Lothian and Midlothian","[c]","[c]","[c]","[c]"
"In post","2022","Declared disabled","Black","Scotland","Falkirk","[c]","[c]","[c]","[c]"
"In post","2022","Declared disabled","Black","Scotland","Glasgow City","5","5","[c]","[c]"
"In post","2022","Declared disabled","Black","Scotland","Inverclyde, East Renfrewshire, and Renfrewshire","[c]","[c]","[c]","[c]"
"In post","2022","Declared disabled","Black","Scotland","Inverness and Nairn, Moray, and Badenoch and Strathspey","[c]","[c]","[c]","[c]"
"In post","2022","Declared disabled","Black","Scotland","Lochaber, Skye and Lochalsh, Arran and Cumbrae, and Argyll and Bute","[c]","[c]","[c]","[c]"
"In post","2022","Declared disabled","Black","Scotland","Na h-Eileanan Siar","[c]","[c]","[c]","[c]"
"In post","2022","Declared disabled","Black","Scotland","North Lanarkshire","[c]","[c]","[c]","[c]"
"In post","2022","Declared disabled","Black","Scotland","Orkney Islands","[c]","[c]","[c]","[c]"
"In post","2022","Declared disabled","Black","Scotland","Perth and Kinross, and Stirling","[c]","[c]","[c]","[c]"
"In post","2022","Declared disabled","Black","Scotland","Scottish Borders","[c]","[c]","[c]","[c]"
"In post","2022","Declared disabled","Black","Scotland","Shetland Islands","[c]","[c]","[c]","[c]"
"In post","2022","Declared disabled","Black","Scotland","South Ayrshire","[c]","[c]","[c]","[c]"
"In post","2022","Declared disabled","Black","Scotland","South Lanarkshire","[c]","[c]","[c]","[c]"
"In post","2022","Declared disabled","Black","Scotland","West Lothian","[c]","[c]","[c]","[c]"
"In post","2022","Declared disabled","Black","South East (England)","Berkshire","10","10","[c]","[c]"
"In post","2022","Declared disabled","Black","South East (England)","Brighton and Hove","[c]","[c]","[c]","[c]"
"In post","2022","Declared disabled","Black","South East (England)","Buckinghamshire","5","5","[c]","[c]"
"In post","2022","Declared disabled","Black","South East (England)","Central Hampshire","[c]","[c]","[c]","[c]"
"In post","2022","Declared disabled","Black","South East (England)","East Kent","[c]","[c]","[c]","[c]"
"In post","2022","Declared disabled","Black","South East (England)","East Surrey","10","10","[c]","[c]"
"In post","2022","Declared disabled","Black","South East (England)","East Sussex CC","[c]","[c]","[c]","[c]"
"In post","2022","Declared disabled","Black","South East (England)","Isle of Wight","[c]","[c]","[c]","[c]"
"In post","2022","Declared disabled","Black","South East (England)","Kent Thames Gateway","[c]","[c]","[c]","[c]"
"In post","2022","Declared disabled","Black","South East (England)","Medway","10","10","[c]","[c]"
"In post","2022","Declared disabled","Black","South East (England)","Mid Kent","5","5","[c]","[c]"
"In post","2022","Declared disabled","Black","South East (England)","Milton Keynes","10","10","[c]","[c]"
"In post","2022","Declared disabled","Black","South East (England)","North Hampshire","[c]","[c]","[c]","[c]"
"In post","2022","Declared disabled","Black","South East (England)","Oxfordshire CC","5","5","[c]","[c]"
"In post","2022","Declared disabled","Black","South East (England)","Portsmouth","[c]","[c]","[c]","[c]"
"In post","2022","Declared disabled","Black","South East (England)","South Hampshire","[c]","[c]","[c]","[c]"
"In post","2022","Declared disabled","Black","South East (England)","Southampton","[c]","[c]","[c]","[c]"
"In post","2022","Declared disabled","Black","South East (England)","West Kent","[c]","[c]","[c]","[c]"
"In post","2022","Declared disabled","Black","South East (England)","West Surrey","[c]","[c]","[c]","[c]"
"In post","2022","Declared disabled","Black","South East (England)","West Sussex (North East)","[c]","[c]","[c]","[c]"
"In post","2022","Declared disabled","Black","South East (England)","West Sussex (South West)","[c]","[c]","[c]","[c]"
"In post","2022","Declared disabled","Black","South West (England)","Bath and North East Somerset, North Somerset and South Gloucestershire","15","15","[c]","[c]"
"In post","2022","Declared disabled","Black","South West (England)","Bournemouth, Christchurch and Poole","[c]","[c]","[c]","[c]"
"In post","2022","Declared disabled","Black","South West (England)","Bristol, City of","20","15","[c]","[c]"
"In post","2022","Declared disabled","Black","South West (England)","Cornwall and Isles of Scilly","[c]","[c]","[c]","[c]"
"In post","2022","Declared disabled","Black","South West (England)","Devon CC","[c]","[c]","[c]","[c]"
"In post","2022","Declared disabled","Black","South West (England)","Dorset","[c]","[c]","[c]","[c]"
"In post","2022","Declared disabled","Black","South West (England)","Gloucestershire CC","[c]","[c]","[c]","[c]"
"In post","2022","Declared disabled","Black","South West (England)","Plymouth","[c]","[c]","[c]","[c]"
"In post","2022","Declared disabled","Black","South West (England)","Somerset CC","[c]","[c]","[c]","[c]"
"In post","2022","Declared disabled","Black","South West (England)","Swindon","[c]","[c]","[c]","[c]"
"In post","2022","Declared disabled","Black","South West (England)","Torbay","[c]","[c]","[c]","[c]"
"In post","2022","Declared disabled","Black","South West (England)","Wiltshire","[c]","[c]","[c]","[c]"
"In post","2022","Declared disabled","Black","Unknown","Unknown","10","10","[c]","[c]"
"In post","2022","Declared disabled","Black","Wales","Bridgend and Neath Port Talbot","[c]","[c]","[c]","[c]"
"In post","2022","Declared disabled","Black","Wales","Cardiff and Vale of Glamorgan","5","5","[c]","[c]"
"In post","2022","Declared disabled","Black","Wales","Central Valleys","[c]","[c]","[c]","[c]"
"In post","2022","Declared disabled","Black","Wales","Conwy and Denbighshire","[c]","[c]","[c]","[c]"
"In post","2022","Declared disabled","Black","Wales","Flintshire and Wrexham","[c]","[c]","[c]","[c]"
"In post","2022","Declared disabled","Black","Wales","Gwent Valleys","[c]","[c]","[c]","[c]"
"In post","2022","Declared disabled","Black","Wales","Gwynedd","[c]","[c]","[c]","[c]"
"In post","2022","Declared disabled","Black","Wales","Isle of Anglesey","[c]","[c]","[c]","[c]"
"In post","2022","Declared disabled","Black","Wales","Monmouthshire and Newport","[c]","[c]","[c]","[c]"
"In post","2022","Declared disabled","Black","Wales","Powys","[c]","[c]","[c]","[c]"
"In post","2022","Declared disabled","Black","Wales","South West Wales","[c]","[c]","[c]","[c]"
"In post","2022","Declared disabled","Black","Wales","Swansea","[c]","[c]","[c]","[c]"
"In post","2022","Declared disabled","Black","West Midlands (England)","Birmingham","130","115","28410","27570"
"In post","2022","Declared disabled","Black","West Midlands (England)","Coventry","5","5","[c]","[c]"
"In post","2022","Declared disabled","Black","West Midlands (England)","Dudley","5","5","[c]","[c]"
"In post","2022","Declared disabled","Black","West Midlands (England)","Herefordshire, County of","[c]","[c]","[c]","[c]"
"In post","2022","Declared disabled","Black","West Midlands (England)","Sandwell","10","5","[c]","[c]"
"In post","2022","Declared disabled","Black","West Midlands (England)","Shropshire","[c]","[c]","[c]","[c]"
"In post","2022","Declared disabled","Black","West Midlands (England)","Solihull","5","5","[c]","[c]"
"In post","2022","Declared disabled","Black","West Midlands (England)","Staffordshire CC","10","10","[c]","[c]"
"In post","2022","Declared disabled","Black","West Midlands (England)","Stoke-on-Trent","[c]","[c]","[c]","[c]"
"In post","2022","Declared disabled","Black","West Midlands (England)","Telford and Wrekin","[c]","[c]","[c]","[c]"
"In post","2022","Declared disabled","Black","West Midlands (England)","Walsall","5","5","[c]","[c]"
"In post","2022","Declared disabled","Black","West Midlands (England)","Warwickshire CC","[c]","[c]","[c]","[c]"
"In post","2022","Declared disabled","Black","West Midlands (England)","Wolverhampton","10","10","[c]","[c]"
"In post","2022","Declared disabled","Black","West Midlands (England)","Worcestershire CC","5","5","[c]","[c]"
"In post","2022","Declared disabled","Black","Yorkshire and The Humber","Barnsley, Doncaster and Rotherham","[c]","[c]","[c]","[c]"
"In post","2022","Declared disabled","Black","Yorkshire and The Humber","Bradford","5","5","[c]","[c]"
"In post","2022","Declared disabled","Black","Yorkshire and The Humber","Calderdale and Kirklees","5","5","[c]","[c]"
"In post","2022","Declared disabled","Black","Yorkshire and The Humber","East Riding of Yorkshire","[c]","[c]","[c]","[c]"
"In post","2022","Declared disabled","Black","Yorkshire and The Humber","Kingston upon Hull, City of","[c]","[c]","[c]","[c]"
"In post","2022","Declared disabled","Black","Yorkshire and The Humber","Leeds","30","30","28090","25900"
"In post","2022","Declared disabled","Black","Yorkshire and The Humber","North and North East Lincolnshire","[c]","[c]","[c]","[c]"
"In post","2022","Declared disabled","Black","Yorkshire and The Humber","North Yorkshire CC","[c]","[c]","[c]","[c]"
"In post","2022","Declared disabled","Black","Yorkshire and The Humber","Sheffield","15","15","[c]","[c]"
"In post","2022","Declared disabled","Black","Yorkshire and The Humber","Wakefield","[c]","[c]","[c]","[c]"
"In post","2022","Declared disabled","Black","Yorkshire and The Humber","York","[c]","[c]","[c]","[c]"
"In post","2022","Declared disabled","Mixed","East Midlands (England)","Derby","5","5","[c]","[c]"
"In post","2022","Declared disabled","Mixed","East Midlands (England)","East Derbyshire","[c]","[c]","[c]","[c]"
"In post","2022","Declared disabled","Mixed","East Midlands (England)","Leicester","20","15","[c]","[c]"
"In post","2022","Declared disabled","Mixed","East Midlands (England)","Leicestershire CC and Rutland","[c]","[c]","[c]","[c]"
"In post","2022","Declared disabled","Mixed","East Midlands (England)","Lincolnshire CC","5","5","[c]","[c]"
"In post","2022","Declared disabled","Mixed","East Midlands (England)","North Northamptonshire","5","5","[c]","[c]"
"In post","2022","Declared disabled","Mixed","East Midlands (England)","North Nottinghamshire","[c]","[c]","[c]","[c]"
"In post","2022","Declared disabled","Mixed","East Midlands (England)","Nottingham","35","35","27970","26820"
"In post","2022","Declared disabled","Mixed","East Midlands (England)","South and West Derbyshire","[c]","[c]","[c]","[c]"
"In post","2022","Declared disabled","Mixed","East Midlands (England)","South Nottinghamshire","[c]","[c]","[c]","[c]"
"In post","2022","Declared disabled","Mixed","East Midlands (England)","West Northamptonshire","[c]","[c]","[c]","[c]"
"In post","2022","Declared disabled","Mixed","East of England","Bedford","5","5","[c]","[c]"
"In post","2022","Declared disabled","Mixed","East of England","Breckland and South Norfolk","[c]","[c]","[c]","[c]"
"In post","2022","Declared disabled","Mixed","East of England","Cambridgeshire CC","5","5","[c]","[c]"
"In post","2022","Declared disabled","Mixed","East of England","Central Bedfordshire","[c]","[c]","[c]","[c]"
"In post","2022","Declared disabled","Mixed","East of England","Essex Haven Gateway","[c]","[c]","[c]","[c]"
"In post","2022","Declared disabled","Mixed","East of England","Essex Thames Gateway","[c]","[c]","[c]","[c]"
"In post","2022","Declared disabled","Mixed","East of England","Heart of Essex","5","5","[c]","[c]"
"In post","2022","Declared disabled","Mixed","East of England","Hertfordshire CC","10","10","[c]","[c]"
"In post","2022","Declared disabled","Mixed","East of England","Luton","5","5","[c]","[c]"
"In post","2022","Declared disabled","Mixed","East of England","North and West Norfolk","[c]","[c]","[c]","[c]"
"In post","2022","Declared disabled","Mixed","East of England","Norwich and East Norfolk","5","5","[c]","[c]"
"In post","2022","Declared disabled","Mixed","East of England","Peterborough","[c]","[c]","[c]","[c]"
"In post","2022","Declared disabled","Mixed","East of England","Southend-on-Sea","[c]","[c]","[c]","[c]"
"In post","2022","Declared disabled","Mixed","East of England","Suffolk CC","15","15","[c]","[c]"
"In post","2022","Declared disabled","Mixed","East of England","Thurrock","[c]","[c]","[c]","[c]"
"In post","2022","Declared disabled","Mixed","East of England","West Essex","[c]","[c]","[c]","[c]"
"In post","2022","Declared disabled","Mixed","London","Barking & Dagenham and Havering","5","5","[c]","[c]"
"In post","2022","Declared disabled","Mixed","London","Barnet","10","10","[c]","[c]"
"In post","2022","Declared disabled","Mixed","London","Bexley and Greenwich","5","5","[c]","[c]"
"In post","2022","Declared disabled","Mixed","London","Brent","[c]","[c]","[c]","[c]"
"In post","2022","Declared disabled","Mixed","London","Bromley","5","5","[c]","[c]"
"In post","2022","Declared disabled","Mixed","London","Camden and City of London","5","5","[c]","[c]"
"In post","2022","Declared disabled","Mixed","London","Croydon","50","50","36880","31060"
"In post","2022","Declared disabled","Mixed","London","Ealing","5","5","[c]","[c]"
"In post","2022","Declared disabled","Mixed","London","Enfield","[c]","[c]","[c]","[c]"
"In post","2022","Declared disabled","Mixed","London","Hackney and Newham","20","20","[c]","[c]"
"In post","2022","Declared disabled","Mixed","London","Haringey and Islington","20","20","[c]","[c]"
"In post","2022","Declared disabled","Mixed","London","Harrow and Hillingdon","10","10","[c]","[c]"
"In post","2022","Declared disabled","Mixed","London","Hounslow and Richmond upon Thames","10","10","[c]","[c]"
"In post","2022","Declared disabled","Mixed","London","Kensington & Chelsea and Hammersmith & Fulham","[c]","[c]","[c]","[c]"
"In post","2022","Declared disabled","Mixed","London","Lambeth","15","15","[c]","[c]"
"In post","2022","Declared disabled","Mixed","London","Lewisham and Southwark","15","15","[c]","[c]"
"In post","2022","Declared disabled","Mixed","London","Merton, Kingston upon Thames and Sutton","5","5","[c]","[c]"
"In post","2022","Declared disabled","Mixed","London","Redbridge and Waltham Forest","5","5","[c]","[c]"
"In post","2022","Declared disabled","Mixed","London","Tower Hamlets","25","25","[c]","[c]"
"In post","2022","Declared disabled","Mixed","London","Wandsworth","5","5","[c]","[c]"
"In post","2022","Declared disabled","Mixed","London","Westminster","255","245","44330","40230"
"In post","2022","Declared disabled","Mixed","North East (England)","Darlington","[c]","[c]","[c]","[c]"
"In post","2022","Declared disabled","Mixed","North East (England)","Durham","[c]","[c]","[c]","[c]"
"In post","2022","Declared disabled","Mixed","North East (England)","Hartlepool and Stockton-on-Tees","[c]","[c]","[c]","[c]"
"In post","2022","Declared disabled","Mixed","North East (England)","Northumberland","[c]","[c]","[c]","[c]"
"In post","2022","Declared disabled","Mixed","North East (England)","South Teesside","[c]","[c]","[c]","[c]"
"In post","2022","Declared disabled","Mixed","North East (England)","Sunderland","[c]","[c]","[c]","[c]"
"In post","2022","Declared disabled","Mixed","North East (England)","Tyneside","25","25","[c]","[c]"
"In post","2022","Declared disabled","Mixed","North West (England)","Blackburn with Darwen","[c]","[c]","[c]","[c]"
"In post","2022","Declared disabled","Mixed","North West (England)","Blackpool","10","10","[c]","[c]"
"In post","2022","Declared disabled","Mixed","North West (England)","Cheshire East","[c]","[c]","[c]","[c]"
"In post","2022","Declared disabled","Mixed","North West (England)","Cheshire West and Chester","[c]","[c]","[c]","[c]"
"In post","2022","Declared disabled","Mixed","North West (England)","Chorley and West Lancashire","[c]","[c]","[c]","[c]"
"In post","2022","Declared disabled","Mixed","North West (England)","East Cumbria","[c]","[c]","[c]","[c]"
"In post","2022","Declared disabled","Mixed","North West (England)","East Lancashire","[c]","[c]","[c]","[c]"
"In post","2022","Declared disabled","Mixed","North West (England)","East Merseyside","10","5","[c]","[c]"
"In post","2022","Declared disabled","Mixed","North West (England)","Greater Manchester North East","10","5","[c]","[c]"
"In post","2022","Declared disabled","Mixed","North West (England)","Greater Manchester North West","[c]","[c]","[c]","[c]"
"In post","2022","Declared disabled","Mixed","North West (England)","Greater Manchester South East","5","5","[c]","[c]"
"In post","2022","Declared disabled","Mixed","North West (England)","Greater Manchester South West","20","20","[c]","[c]"
"In post","2022","Declared disabled","Mixed","North West (England)","Lancaster and Wyre","[c]","[c]","[c]","[c]"
"In post","2022","Declared disabled","Mixed","North West (England)","Liverpool","35","35","29280","26820"
"In post","2022","Declared disabled","Mixed","North West (England)","Manchester","30","30","32490","28460"
"In post","2022","Declared disabled","Mixed","North West (England)","Mid Lancashire","15","15","[c]","[c]"
"In post","2022","Declared disabled","Mixed","North West (England)","Sefton","10","10","[c]","[c]"
"In post","2022","Declared disabled","Mixed","North West (England)","Warrington","5","5","[c]","[c]"
"In post","2022","Declared disabled","Mixed","North West (England)","West Cumbria","[c]","[c]","[c]","[c]"
"In post","2022","Declared disabled","Mixed","North West (England)","Wirral","10","10","[c]","[c]"
"In post","2022","Declared disabled","Mixed","Northern Ireland","Antrim and Newtownabbey","[c]","[c]","[c]","[c]"
"In post","2022","Declared disabled","Mixed","Northern Ireland","Ards and North Down","[c]","[c]","[c]","[c]"
"In post","2022","Declared disabled","Mixed","Northern Ireland","Armagh City, Banbridge and Craigavon","[c]","[c]","[c]","[c]"
"In post","2022","Declared disabled","Mixed","Northern Ireland","Belfast","[c]","[c]","[c]","[c]"
"In post","2022","Declared disabled","Mixed","Northern Ireland","Causeway Coast and Glens","[c]","[c]","[c]","[c]"
"In post","2022","Declared disabled","Mixed","Northern Ireland","Derry City and Strabane","[c]","[c]","[c]","[c]"
"In post","2022","Declared disabled","Mixed","Northern Ireland","Fermanagh and Omagh","[c]","[c]","[c]","[c]"
"In post","2022","Declared disabled","Mixed","Northern Ireland","Lisburn and Castlereagh","[c]","[c]","[c]","[c]"
"In post","2022","Declared disabled","Mixed","Northern Ireland","Mid and East Antrim","[c]","[c]","[c]","[c]"
"In post","2022","Declared disabled","Mixed","Northern Ireland","Mid Ulster","[c]","[c]","[c]","[c]"
"In post","2022","Declared disabled","Mixed","Northern Ireland","Newry, Mourne and Down","[c]","[c]","[c]","[c]"
"In post","2022","Declared disabled","Mixed","Overseas","Overseas","10","10","[c]","[c]"
"In post","2022","Declared disabled","Mixed","Scotland","Aberdeen City and Aberdeenshire","[c]","[c]","[c]","[c]"
"In post","2022","Declared disabled","Mixed","Scotland","Angus and Dundee City","[c]","[c]","[c]","[c]"
"In post","2022","Declared disabled","Mixed","Scotland","Caithness and Sutherland, and Ross and Cromarty","[c]","[c]","[c]","[c]"
"In post","2022","Declared disabled","Mixed","Scotland","City of Edinburgh","15","15","[c]","[c]"
"In post","2022","Declared disabled","Mixed","Scotland","Clackmannanshire and Fife","[c]","[c]","[c]","[c]"
"In post","2022","Declared disabled","Mixed","Scotland","Dumfries and Galloway","[c]","[c]","[c]","[c]"
"In post","2022","Declared disabled","Mixed","Scotland","East Ayrshire and North Ayrshire mainland","[c]","[c]","[c]","[c]"
"In post","2022","Declared disabled","Mixed","Scotland","East Dunbartonshire, West Dunbartonshire, and Helensburgh and Lomond","[c]","[c]","[c]","[c]"
"In post","2022","Declared disabled","Mixed","Scotland","East Lothian and Midlothian","[c]","[c]","[c]","[c]"
"In post","2022","Declared disabled","Mixed","Scotland","Falkirk","[c]","[c]","[c]","[c]"
"In post","2022","Declared disabled","Mixed","Scotland","Glasgow City","20","20","[c]","[c]"
"In post","2022","Declared disabled","Mixed","Scotland","Inverclyde, East Renfrewshire, and Renfrewshire","[c]","[c]","[c]","[c]"
"In post","2022","Declared disabled","Mixed","Scotland","Inverness and Nairn, Moray, and Badenoch and Strathspey","[c]","[c]","[c]","[c]"
"In post","2022","Declared disabled","Mixed","Scotland","Lochaber, Skye and Lochalsh, Arran and Cumbrae, and Argyll and Bute","[c]","[c]","[c]","[c]"
"In post","2022","Declared disabled","Mixed","Scotland","Na h-Eileanan Siar","[c]","[c]","[c]","[c]"
"In post","2022","Declared disabled","Mixed","Scotland","North Lanarkshire","[c]","[c]","[c]","[c]"
"In post","2022","Declared disabled","Mixed","Scotland","Orkney Islands","[c]","[c]","[c]","[c]"
"In post","2022","Declared disabled","Mixed","Scotland","Perth and Kinross, and Stirling","[c]","[c]","[c]","[c]"
"In post","2022","Declared disabled","Mixed","Scotland","Scottish Borders","[c]","[c]","[c]","[c]"
"In post","2022","Declared disabled","Mixed","Scotland","Shetland Islands","[c]","[c]","[c]","[c]"
"In post","2022","Declared disabled","Mixed","Scotland","South Ayrshire","[c]","[c]","[c]","[c]"
"In post","2022","Declared disabled","Mixed","Scotland","South Lanarkshire","[c]","[c]","[c]","[c]"
"In post","2022","Declared disabled","Mixed","Scotland","West Lothian","[c]","[c]","[c]","[c]"
"In post","2022","Declared disabled","Mixed","South East (England)","Berkshire","10","10","[c]","[c]"
"In post","2022","Declared disabled","Mixed","South East (England)","Brighton and Hove","10","10","[c]","[c]"
"In post","2022","Declared disabled","Mixed","South East (England)","Buckinghamshire","[c]","[c]","[c]","[c]"
"In post","2022","Declared disabled","Mixed","South East (England)","Central Hampshire","5","5","[c]","[c]"
"In post","2022","Declared disabled","Mixed","South East (England)","East Kent","5","5","[c]","[c]"
"In post","2022","Declared disabled","Mixed","South East (England)","East Surrey","[c]","[c]","[c]","[c]"
"In post","2022","Declared disabled","Mixed","South East (England)","East Sussex CC","10","10","[c]","[c]"
"In post","2022","Declared disabled","Mixed","South East (England)","Isle of Wight","[c]","[c]","[c]","[c]"
"In post","2022","Declared disabled","Mixed","South East (England)","Kent Thames Gateway","5","5","[c]","[c]"
"In post","2022","Declared disabled","Mixed","South East (England)","Medway","5","5","[c]","[c]"
"In post","2022","Declared disabled","Mixed","South East (England)","Mid Kent","[c]","[c]","[c]","[c]"
"In post","2022","Declared disabled","Mixed","South East (England)","Milton Keynes","10","10","[c]","[c]"
"In post","2022","Declared disabled","Mixed","South East (England)","North Hampshire","[c]","[c]","[c]","[c]"
"In post","2022","Declared disabled","Mixed","South East (England)","Oxfordshire CC","10","10","[c]","[c]"
"In post","2022","Declared disabled","Mixed","South East (England)","Portsmouth","10","5","[c]","[c]"
"In post","2022","Declared disabled","Mixed","South East (England)","South Hampshire","[c]","[c]","[c]","[c]"
"In post","2022","Declared disabled","Mixed","South East (England)","Southampton","[c]","[c]","[c]","[c]"
"In post","2022","Declared disabled","Mixed","South East (England)","West Kent","[c]","[c]","[c]","[c]"
"In post","2022","Declared disabled","Mixed","South East (England)","West Surrey","10","10","[c]","[c]"
"In post","2022","Declared disabled","Mixed","South East (England)","West Sussex (North East)","5","5","[c]","[c]"
"In post","2022","Declared disabled","Mixed","South East (England)","West Sussex (South West)","[c]","[c]","[c]","[c]"
"In post","2022","Declared disabled","Mixed","South West (England)","Bath and North East Somerset, North Somerset and South Gloucestershire","10","10","[c]","[c]"
"In post","2022","Declared disabled","Mixed","South West (England)","Bournemouth, Christchurch and Poole","[c]","[c]","[c]","[c]"
"In post","2022","Declared disabled","Mixed","South West (England)","Bristol, City of","25","20","[c]","[c]"
"In post","2022","Declared disabled","Mixed","South West (England)","Cornwall and Isles of Scilly","5","5","[c]","[c]"
"In post","2022","Declared disabled","Mixed","South West (England)","Devon CC","10","10","[c]","[c]"
"In post","2022","Declared disabled","Mixed","South West (England)","Dorset","10","5","[c]","[c]"
"In post","2022","Declared disabled","Mixed","South West (England)","Gloucestershire CC","5","5","[c]","[c]"
"In post","2022","Declared disabled","Mixed","South West (England)","Plymouth","[c]","[c]","[c]","[c]"
"In post","2022","Declared disabled","Mixed","South West (England)","Somerset CC","[c]","[c]","[c]","[c]"
"In post","2022","Declared disabled","Mixed","South West (England)","Swindon","[c]","[c]","[c]","[c]"
"In post","2022","Declared disabled","Mixed","South West (England)","Torbay","[c]","[c]","[c]","[c]"
"In post","2022","Declared disabled","Mixed","South West (England)","Wiltshire","15","15","[c]","[c]"
"In post","2022","Declared disabled","Mixed","Unknown","Unknown","5","5","[c]","[c]"
"In post","2022","Declared disabled","Mixed","Wales","Bridgend and Neath Port Talbot","[c]","[c]","[c]","[c]"
"In post","2022","Declared disabled","Mixed","Wales","Cardiff and Vale of Glamorgan","35","35","30950","27570"
"In post","2022","Declared disabled","Mixed","Wales","Central Valleys","5","5","[c]","[c]"
"In post","2022","Declared disabled","Mixed","Wales","Conwy and Denbighshire","[c]","[c]","[c]","[c]"
"In post","2022","Declared disabled","Mixed","Wales","Flintshire and Wrexham","[c]","[c]","[c]","[c]"
"In post","2022","Declared disabled","Mixed","Wales","Gwent Valleys","[c]","[c]","[c]","[c]"
"In post","2022","Declared disabled","Mixed","Wales","Gwynedd","[c]","[c]","[c]","[c]"
"In post","2022","Declared disabled","Mixed","Wales","Isle of Anglesey","[c]","[c]","[c]","[c]"
"In post","2022","Declared disabled","Mixed","Wales","Monmouthshire and Newport","10","10","[c]","[c]"
"In post","2022","Declared disabled","Mixed","Wales","Powys","[c]","[c]","[c]","[c]"
"In post","2022","Declared disabled","Mixed","Wales","South West Wales","[c]","[c]","[c]","[c]"
"In post","2022","Declared disabled","Mixed","Wales","Swansea","5","5","[c]","[c]"
"In post","2022","Declared disabled","Mixed","West Midlands (England)","Birmingham","40","35","27800","27570"
"In post","2022","Declared disabled","Mixed","West Midlands (England)","Coventry","10","5","[c]","[c]"
"In post","2022","Declared disabled","Mixed","West Midlands (England)","Dudley","[c]","[c]","[c]","[c]"
"In post","2022","Declared disabled","Mixed","West Midlands (England)","Herefordshire, County of","[c]","[c]","[c]","[c]"
"In post","2022","Declared disabled","Mixed","West Midlands (England)","Sandwell","[c]","[c]","[c]","[c]"
"In post","2022","Declared disabled","Mixed","West Midlands (England)","Shropshire","[c]","[c]","[c]","[c]"
"In post","2022","Declared disabled","Mixed","West Midlands (England)","Solihull","[c]","[c]","[c]","[c]"
"In post","2022","Declared disabled","Mixed","West Midlands (England)","Staffordshire CC","10","10","[c]","[c]"
"In post","2022","Declared disabled","Mixed","West Midlands (England)","Stoke-on-Trent","[c]","[c]","[c]","[c]"
"In post","2022","Declared disabled","Mixed","West Midlands (England)","Telford and Wrekin","5","5","[c]","[c]"
"In post","2022","Declared disabled","Mixed","West Midlands (England)","Walsall","[c]","[c]","[c]","[c]"
"In post","2022","Declared disabled","Mixed","West Midlands (England)","Warwickshire CC","[c]","[c]","[c]","[c]"
"In post","2022","Declared disabled","Mixed","West Midlands (England)","Wolverhampton","5","5","[c]","[c]"
"In post","2022","Declared disabled","Mixed","West Midlands (England)","Worcestershire CC","[c]","[c]","[c]","[c]"
"In post","2022","Declared disabled","Mixed","Yorkshire and The Humber","Barnsley, Doncaster and Rotherham","5","5","[c]","[c]"
"In post","2022","Declared disabled","Mixed","Yorkshire and The Humber","Bradford","10","10","[c]","[c]"
"In post","2022","Declared disabled","Mixed","Yorkshire and The Humber","Calderdale and Kirklees","[c]","[c]","[c]","[c]"
"In post","2022","Declared disabled","Mixed","Yorkshire and The Humber","East Riding of Yorkshire","[c]","[c]","[c]","[c]"
"In post","2022","Declared disabled","Mixed","Yorkshire and The Humber","Kingston upon Hull, City of","[c]","[c]","[c]","[c]"
"In post","2022","Declared disabled","Mixed","Yorkshire and The Humber","Leeds","30","30","31550","27570"
"In post","2022","Declared disabled","Mixed","Yorkshire and The Humber","North and North East Lincolnshire","[c]","[c]","[c]","[c]"
"In post","2022","Declared disabled","Mixed","Yorkshire and The Humber","North Yorkshire CC","[c]","[c]","[c]","[c]"
"In post","2022","Declared disabled","Mixed","Yorkshire and The Humber","Sheffield","25","20","[c]","[c]"
"In post","2022","Declared disabled","Mixed","Yorkshire and The Humber","Wakefield","[c]","[c]","[c]","[c]"
"In post","2022","Declared disabled","Mixed","Yorkshire and The Humber","York","5","5","[c]","[c]"
"In post","2022","Declared disabled","Other ethnicity","East Midlands (England)","Derby","[c]","[c]","[c]","[c]"
"In post","2022","Declared disabled","Other ethnicity","East Midlands (England)","East Derbyshire","[c]","[c]","[c]","[c]"
"In post","2022","Declared disabled","Other ethnicity","East Midlands (England)","Leicester","[c]","[c]","[c]","[c]"
"In post","2022","Declared disabled","Other ethnicity","East Midlands (England)","Leicestershire CC and Rutland","[c]","[c]","[c]","[c]"
"In post","2022","Declared disabled","Other ethnicity","East Midlands (England)","Lincolnshire CC","[c]","[c]","[c]","[c]"
"In post","2022","Declared disabled","Other ethnicity","East Midlands (England)","North Northamptonshire","[c]","[c]","[c]","[c]"
"In post","2022","Declared disabled","Other ethnicity","East Midlands (England)","North Nottinghamshire","[c]","[c]","[c]","[c]"
"In post","2022","Declared disabled","Other ethnicity","East Midlands (England)","Nottingham","[c]","[c]","[c]","[c]"
"In post","2022","Declared disabled","Other ethnicity","East Midlands (England)","South and West Derbyshire","[c]","[c]","[c]","[c]"
"In post","2022","Declared disabled","Other ethnicity","East Midlands (England)","South Nottinghamshire","[c]","[c]","[c]","[c]"
"In post","2022","Declared disabled","Other ethnicity","East Midlands (England)","West Northamptonshire","[c]","[c]","[c]","[c]"
"In post","2022","Declared disabled","Other ethnicity","East of England","Bedford","[c]","[c]","[c]","[c]"
"In post","2022","Declared disabled","Other ethnicity","East of England","Breckland and South Norfolk","[c]","[c]","[c]","[c]"
"In post","2022","Declared disabled","Other ethnicity","East of England","Cambridgeshire CC","[c]","[c]","[c]","[c]"
"In post","2022","Declared disabled","Other ethnicity","East of England","Central Bedfordshire","[c]","[c]","[c]","[c]"
"In post","2022","Declared disabled","Other ethnicity","East of England","Essex Haven Gateway","[c]","[c]","[c]","[c]"
"In post","2022","Declared disabled","Other ethnicity","East of England","Essex Thames Gateway","[c]","[c]","[c]","[c]"
"In post","2022","Declared disabled","Other ethnicity","East of England","Heart of Essex","[c]","[c]","[c]","[c]"
"In post","2022","Declared disabled","Other ethnicity","East of England","Hertfordshire CC","5","5","[c]","[c]"
"In post","2022","Declared disabled","Other ethnicity","East of England","Luton","[c]","[c]","[c]","[c]"
"In post","2022","Declared disabled","Other ethnicity","East of England","North and West Norfolk","[c]","[c]","[c]","[c]"
"In post","2022","Declared disabled","Other ethnicity","East of England","Norwich and East Norfolk","[c]","[c]","[c]","[c]"
"In post","2022","Declared disabled","Other ethnicity","East of England","Peterborough","[c]","[c]","[c]","[c]"
"In post","2022","Declared disabled","Other ethnicity","East of England","Southend-on-Sea","[c]","[c]","[c]","[c]"
"In post","2022","Declared disabled","Other ethnicity","East of England","Suffolk CC","[c]","[c]","[c]","[c]"
"In post","2022","Declared disabled","Other ethnicity","East of England","Thurrock","[c]","[c]","[c]","[c]"
"In post","2022","Declared disabled","Other ethnicity","East of England","West Essex","[c]","[c]","[c]","[c]"
"In post","2022","Declared disabled","Other ethnicity","London","Barking & Dagenham and Havering","[c]","[c]","[c]","[c]"
"In post","2022","Declared disabled","Other ethnicity","London","Barnet","[c]","[c]","[c]","[c]"
"In post","2022","Declared disabled","Other ethnicity","London","Bexley and Greenwich","[c]","[c]","[c]","[c]"
"In post","2022","Declared disabled","Other ethnicity","London","Brent","[c]","[c]","[c]","[c]"
"In post","2022","Declared disabled","Other ethnicity","London","Bromley","[c]","[c]","[c]","[c]"
"In post","2022","Declared disabled","Other ethnicity","London","Camden and City of London","5","5","[c]","[c]"
"In post","2022","Declared disabled","Other ethnicity","London","Croydon","10","10","[c]","[c]"
"In post","2022","Declared disabled","Other ethnicity","London","Ealing","[c]","[c]","[c]","[c]"
"In post","2022","Declared disabled","Other ethnicity","London","Enfield","[c]","[c]","[c]","[c]"
"In post","2022","Declared disabled","Other ethnicity","London","Hackney and Newham","15","15","[c]","[c]"
"In post","2022","Declared disabled","Other ethnicity","London","Haringey and Islington","[c]","[c]","[c]","[c]"
"In post","2022","Declared disabled","Other ethnicity","London","Harrow and Hillingdon","[c]","[c]","[c]","[c]"
"In post","2022","Declared disabled","Other ethnicity","London","Hounslow and Richmond upon Thames","[c]","[c]","[c]","[c]"
"In post","2022","Declared disabled","Other ethnicity","London","Kensington & Chelsea and Hammersmith & Fulham","[c]","[c]","[c]","[c]"
"In post","2022","Declared disabled","Other ethnicity","London","Lambeth","5","5","[c]","[c]"
"In post","2022","Declared disabled","Other ethnicity","London","Lewisham and Southwark","5","5","[c]","[c]"
"In post","2022","Declared disabled","Other ethnicity","London","Merton, Kingston upon Thames and Sutton","[c]","[c]","[c]","[c]"
"In post","2022","Declared disabled","Other ethnicity","London","Redbridge and Waltham Forest","5","5","[c]","[c]"
"In post","2022","Declared disabled","Other ethnicity","London","Tower Hamlets","10","10","[c]","[c]"
"In post","2022","Declared disabled","Other ethnicity","London","Wandsworth","[c]","[c]","[c]","[c]"
"In post","2022","Declared disabled","Other ethnicity","London","Westminster","90","85","44260","39220"
"In post","2022","Declared disabled","Other ethnicity","North East (England)","Darlington","[c]","[c]","[c]","[c]"
"In post","2022","Declared disabled","Other ethnicity","North East (England)","Durham","[c]","[c]","[c]","[c]"
"In post","2022","Declared disabled","Other ethnicity","North East (England)","Hartlepool and Stockton-on-Tees","[c]","[c]","[c]","[c]"
"In post","2022","Declared disabled","Other ethnicity","North East (England)","Northumberland","[c]","[c]","[c]","[c]"
"In post","2022","Declared disabled","Other ethnicity","North East (England)","South Teesside","[c]","[c]","[c]","[c]"
"In post","2022","Declared disabled","Other ethnicity","North East (England)","Sunderland","[c]","[c]","[c]","[c]"
"In post","2022","Declared disabled","Other ethnicity","North East (England)","Tyneside","5","5","[c]","[c]"
"In post","2022","Declared disabled","Other ethnicity","North West (England)","Blackburn with Darwen","[c]","[c]","[c]","[c]"
"In post","2022","Declared disabled","Other ethnicity","North West (England)","Blackpool","[c]","[c]","[c]","[c]"
"In post","2022","Declared disabled","Other ethnicity","North West (England)","Cheshire East","[c]","[c]","[c]","[c]"
"In post","2022","Declared disabled","Other ethnicity","North West (England)","Cheshire West and Chester","[c]","[c]","[c]","[c]"
"In post","2022","Declared disabled","Other ethnicity","North West (England)","Chorley and West Lancashire","[c]","[c]","[c]","[c]"
"In post","2022","Declared disabled","Other ethnicity","North West (England)","East Cumbria","[c]","[c]","[c]","[c]"
"In post","2022","Declared disabled","Other ethnicity","North West (England)","East Lancashire","[c]","[c]","[c]","[c]"
"In post","2022","Declared disabled","Other ethnicity","North West (England)","East Merseyside","[c]","[c]","[c]","[c]"
"In post","2022","Declared disabled","Other ethnicity","North West (England)","Greater Manchester North East","[c]","[c]","[c]","[c]"
"In post","2022","Declared disabled","Other ethnicity","North West (England)","Greater Manchester North West","[c]","[c]","[c]","[c]"
"In post","2022","Declared disabled","Other ethnicity","North West (England)","Greater Manchester South East","[c]","[c]","[c]","[c]"
"In post","2022","Declared disabled","Other ethnicity","North West (England)","Greater Manchester South West","5","5","[c]","[c]"
"In post","2022","Declared disabled","Other ethnicity","North West (England)","Lancaster and Wyre","[c]","[c]","[c]","[c]"
"In post","2022","Declared disabled","Other ethnicity","North West (England)","Liverpool","[c]","[c]","[c]","[c]"
"In post","2022","Declared disabled","Other ethnicity","North West (England)","Manchester","10","10","[c]","[c]"
"In post","2022","Declared disabled","Other ethnicity","North West (England)","Mid Lancashire","5","5","[c]","[c]"
"In post","2022","Declared disabled","Other ethnicity","North West (England)","Sefton","[c]","[c]","[c]","[c]"
"In post","2022","Declared disabled","Other ethnicity","North West (England)","Warrington","[c]","[c]","[c]","[c]"
"In post","2022","Declared disabled","Other ethnicity","North West (England)","West Cumbria","[c]","[c]","[c]","[c]"
"In post","2022","Declared disabled","Other ethnicity","North West (England)","Wirral","[c]","[c]","[c]","[c]"
"In post","2022","Declared disabled","Other ethnicity","Northern Ireland","Antrim and Newtownabbey","[c]","[c]","[c]","[c]"
"In post","2022","Declared disabled","Other ethnicity","Northern Ireland","Ards and North Down","[c]","[c]","[c]","[c]"
"In post","2022","Declared disabled","Other ethnicity","Northern Ireland","Armagh City, Banbridge and Craigavon","[c]","[c]","[c]","[c]"
"In post","2022","Declared disabled","Other ethnicity","Northern Ireland","Belfast","[c]","[c]","[c]","[c]"
"In post","2022","Declared disabled","Other ethnicity","Northern Ireland","Causeway Coast and Glens","[c]","[c]","[c]","[c]"
"In post","2022","Declared disabled","Other ethnicity","Northern Ireland","Derry City and Strabane","[c]","[c]","[c]","[c]"
"In post","2022","Declared disabled","Other ethnicity","Northern Ireland","Fermanagh and Omagh","[c]","[c]","[c]","[c]"
"In post","2022","Declared disabled","Other ethnicity","Northern Ireland","Lisburn and Castlereagh","[c]","[c]","[c]","[c]"
"In post","2022","Declared disabled","Other ethnicity","Northern Ireland","Mid and East Antrim","[c]","[c]","[c]","[c]"
"In post","2022","Declared disabled","Other ethnicity","Northern Ireland","Mid Ulster","[c]","[c]","[c]","[c]"
"In post","2022","Declared disabled","Other ethnicity","Northern Ireland","Newry, Mourne and Down","[c]","[c]","[c]","[c]"
"In post","2022","Declared disabled","Other ethnicity","Overseas","Overseas","5","5","[c]","[c]"
"In post","2022","Declared disabled","Other ethnicity","Scotland","Aberdeen City and Aberdeenshire","[c]","[c]","[c]","[c]"
"In post","2022","Declared disabled","Other ethnicity","Scotland","Angus and Dundee City","[c]","[c]","[c]","[c]"
"In post","2022","Declared disabled","Other ethnicity","Scotland","Caithness and Sutherland, and Ross and Cromarty","[c]","[c]","[c]","[c]"
"In post","2022","Declared disabled","Other ethnicity","Scotland","City of Edinburgh","5","5","[c]","[c]"
"In post","2022","Declared disabled","Other ethnicity","Scotland","Clackmannanshire and Fife","[c]","[c]","[c]","[c]"
"In post","2022","Declared disabled","Other ethnicity","Scotland","Dumfries and Galloway","[c]","[c]","[c]","[c]"
"In post","2022","Declared disabled","Other ethnicity","Scotland","East Ayrshire and North Ayrshire mainland","[c]","[c]","[c]","[c]"
"In post","2022","Declared disabled","Other ethnicity","Scotland","East Dunbartonshire, West Dunbartonshire, and Helensburgh and Lomond","[c]","[c]","[c]","[c]"
"In post","2022","Declared disabled","Other ethnicity","Scotland","East Lothian and Midlothian","[c]","[c]","[c]","[c]"
"In post","2022","Declared disabled","Other ethnicity","Scotland","Falkirk","[c]","[c]","[c]","[c]"
"In post","2022","Declared disabled","Other ethnicity","Scotland","Glasgow City","5","5","[c]","[c]"
"In post","2022","Declared disabled","Other ethnicity","Scotland","Inverclyde, East Renfrewshire, and Renfrewshire","[c]","[c]","[c]","[c]"
"In post","2022","Declared disabled","Other ethnicity","Scotland","Inverness and Nairn, Moray, and Badenoch and Strathspey","[c]","[c]","[c]","[c]"
"In post","2022","Declared disabled","Other ethnicity","Scotland","Lochaber, Skye and Lochalsh, Arran and Cumbrae, and Argyll and Bute","[c]","[c]","[c]","[c]"
"In post","2022","Declared disabled","Other ethnicity","Scotland","Na h-Eileanan Siar","[c]","[c]","[c]","[c]"
"In post","2022","Declared disabled","Other ethnicity","Scotland","North Lanarkshire","[c]","[c]","[c]","[c]"
"In post","2022","Declared disabled","Other ethnicity","Scotland","Orkney Islands","[c]","[c]","[c]","[c]"
"In post","2022","Declared disabled","Other ethnicity","Scotland","Perth and Kinross, and Stirling","[c]","[c]","[c]","[c]"
"In post","2022","Declared disabled","Other ethnicity","Scotland","Scottish Borders","[c]","[c]","[c]","[c]"
"In post","2022","Declared disabled","Other ethnicity","Scotland","Shetland Islands","[c]","[c]","[c]","[c]"
"In post","2022","Declared disabled","Other ethnicity","Scotland","South Ayrshire","[c]","[c]","[c]","[c]"
"In post","2022","Declared disabled","Other ethnicity","Scotland","South Lanarkshire","[c]","[c]","[c]","[c]"
"In post","2022","Declared disabled","Other ethnicity","Scotland","West Lothian","[c]","[c]","[c]","[c]"
"In post","2022","Declared disabled","Other ethnicity","South East (England)","Berkshire","[c]","[c]","[c]","[c]"
"In post","2022","Declared disabled","Other ethnicity","South East (England)","Brighton and Hove","[c]","[c]","[c]","[c]"
"In post","2022","Declared disabled","Other ethnicity","South East (England)","Buckinghamshire","[c]","[c]","[c]","[c]"
"In post","2022","Declared disabled","Other ethnicity","South East (England)","Central Hampshire","[c]","[c]","[c]","[c]"
"In post","2022","Declared disabled","Other ethnicity","South East (England)","East Kent","[c]","[c]","[c]","[c]"
"In post","2022","Declared disabled","Other ethnicity","South East (England)","East Surrey","[c]","[c]","[c]","[c]"
"In post","2022","Declared disabled","Other ethnicity","South East (England)","East Sussex CC","[c]","[c]","[c]","[c]"
"In post","2022","Declared disabled","Other ethnicity","South East (England)","Isle of Wight","[c]","[c]","[c]","[c]"
"In post","2022","Declared disabled","Other ethnicity","South East (England)","Kent Thames Gateway","[c]","[c]","[c]","[c]"
"In post","2022","Declared disabled","Other ethnicity","South East (England)","Medway","[c]","[c]","[c]","[c]"
"In post","2022","Declared disabled","Other ethnicity","South East (England)","Mid Kent","[c]","[c]","[c]","[c]"
"In post","2022","Declared disabled","Other ethnicity","South East (England)","Milton Keynes","[c]","[c]","[c]","[c]"
"In post","2022","Declared disabled","Other ethnicity","South East (England)","North Hampshire","[c]","[c]","[c]","[c]"
"In post","2022","Declared disabled","Other ethnicity","South East (England)","Oxfordshire CC","[c]","[c]","[c]","[c]"
"In post","2022","Declared disabled","Other ethnicity","South East (England)","Portsmouth","[c]","[c]","[c]","[c]"
"In post","2022","Declared disabled","Other ethnicity","South East (England)","South Hampshire","[c]","[c]","[c]","[c]"
"In post","2022","Declared disabled","Other ethnicity","South East (England)","Southampton","[c]","[c]","[c]","[c]"
"In post","2022","Declared disabled","Other ethnicity","South East (England)","West Kent","[c]","[c]","[c]","[c]"
"In post","2022","Declared disabled","Other ethnicity","South East (England)","West Surrey","[c]","[c]","[c]","[c]"
"In post","2022","Declared disabled","Other ethnicity","South East (England)","West Sussex (North East)","[c]","[c]","[c]","[c]"
"In post","2022","Declared disabled","Other ethnicity","South East (England)","West Sussex (South West)","[c]","[c]","[c]","[c]"
"In post","2022","Declared disabled","Other ethnicity","South West (England)","Bath and North East Somerset, North Somerset and South Gloucestershire","5","5","[c]","[c]"
"In post","2022","Declared disabled","Other ethnicity","South West (England)","Bournemouth, Christchurch and Poole","[c]","[c]","[c]","[c]"
"In post","2022","Declared disabled","Other ethnicity","South West (England)","Bristol, City of","5","5","[c]","[c]"
"In post","2022","Declared disabled","Other ethnicity","South West (England)","Cornwall and Isles of Scilly","[c]","[c]","[c]","[c]"
"In post","2022","Declared disabled","Other ethnicity","South West (England)","Devon CC","[c]","[c]","[c]","[c]"
"In post","2022","Declared disabled","Other ethnicity","South West (England)","Dorset","[c]","[c]","[c]","[c]"
"In post","2022","Declared disabled","Other ethnicity","South West (England)","Gloucestershire CC","[c]","[c]","[c]","[c]"
"In post","2022","Declared disabled","Other ethnicity","South West (England)","Plymouth","[c]","[c]","[c]","[c]"
"In post","2022","Declared disabled","Other ethnicity","South West (England)","Somerset CC","[c]","[c]","[c]","[c]"
"In post","2022","Declared disabled","Other ethnicity","South West (England)","Swindon","[c]","[c]","[c]","[c]"
"In post","2022","Declared disabled","Other ethnicity","South West (England)","Torbay","[c]","[c]","[c]","[c]"
"In post","2022","Declared disabled","Other ethnicity","South West (England)","Wiltshire","[c]","[c]","[c]","[c]"
"In post","2022","Declared disabled","Other ethnicity","Unknown","Unknown","[c]","[c]","[c]","[c]"
"In post","2022","Declared disabled","Other ethnicity","Wales","Bridgend and Neath Port Talbot","[c]","[c]","[c]","[c]"
"In post","2022","Declared disabled","Other ethnicity","Wales","Cardiff and Vale of Glamorgan","[c]","[c]","[c]","[c]"
"In post","2022","Declared disabled","Other ethnicity","Wales","Central Valleys","[c]","[c]","[c]","[c]"
"In post","2022","Declared disabled","Other ethnicity","Wales","Conwy and Denbighshire","[c]","[c]","[c]","[c]"
"In post","2022","Declared disabled","Other ethnicity","Wales","Flintshire and Wrexham","[c]","[c]","[c]","[c]"
"In post","2022","Declared disabled","Other ethnicity","Wales","Gwent Valleys","[c]","[c]","[c]","[c]"
"In post","2022","Declared disabled","Other ethnicity","Wales","Gwynedd","[c]","[c]","[c]","[c]"
"In post","2022","Declared disabled","Other ethnicity","Wales","Isle of Anglesey","[c]","[c]","[c]","[c]"
"In post","2022","Declared disabled","Other ethnicity","Wales","Monmouthshire and Newport","[c]","[c]","[c]","[c]"
"In post","2022","Declared disabled","Other ethnicity","Wales","Powys","[c]","[c]","[c]","[c]"
"In post","2022","Declared disabled","Other ethnicity","Wales","South West Wales","[c]","[c]","[c]","[c]"
"In post","2022","Declared disabled","Other ethnicity","Wales","Swansea","[c]","[c]","[c]","[c]"
"In post","2022","Declared disabled","Other ethnicity","West Midlands (England)","Birmingham","10","10","[c]","[c]"
"In post","2022","Declared disabled","Other ethnicity","West Midlands (England)","Coventry","[c]","[c]","[c]","[c]"
"In post","2022","Declared disabled","Other ethnicity","West Midlands (England)","Dudley","[c]","[c]","[c]","[c]"
"In post","2022","Declared disabled","Other ethnicity","West Midlands (England)","Herefordshire, County of","[c]","[c]","[c]","[c]"
"In post","2022","Declared disabled","Other ethnicity","West Midlands (England)","Sandwell","[c]","[c]","[c]","[c]"
"In post","2022","Declared disabled","Other ethnicity","West Midlands (England)","Shropshire","[c]","[c]","[c]","[c]"
"In post","2022","Declared disabled","Other ethnicity","West Midlands (England)","Solihull","[c]","[c]","[c]","[c]"
"In post","2022","Declared disabled","Other ethnicity","West Midlands (England)","Staffordshire CC","[c]","[c]","[c]","[c]"
"In post","2022","Declared disabled","Other ethnicity","West Midlands (England)","Stoke-on-Trent","[c]","[c]","[c]","[c]"
"In post","2022","Declared disabled","Other ethnicity","West Midlands (England)","Telford and Wrekin","[c]","[c]","[c]","[c]"
"In post","2022","Declared disabled","Other ethnicity","West Midlands (England)","Walsall","[c]","[c]","[c]","[c]"
"In post","2022","Declared disabled","Other ethnicity","West Midlands (England)","Warwickshire CC","[c]","[c]","[c]","[c]"
"In post","2022","Declared disabled","Other ethnicity","West Midlands (England)","Wolverhampton","[c]","[c]","[c]","[c]"
"In post","2022","Declared disabled","Other ethnicity","West Midlands (England)","Worcestershire CC","[c]","[c]","[c]","[c]"
"In post","2022","Declared disabled","Other ethnicity","Yorkshire and The Humber","Barnsley, Doncaster and Rotherham","[c]","[c]","[c]","[c]"
"In post","2022","Declared disabled","Other ethnicity","Yorkshire and The Humber","Bradford","[c]","[c]","[c]","[c]"
"In post","2022","Declared disabled","Other ethnicity","Yorkshire and The Humber","Calderdale and Kirklees","[c]","[c]","[c]","[c]"
"In post","2022","Declared disabled","Other ethnicity","Yorkshire and The Humber","East Riding of Yorkshire","[c]","[c]","[c]","[c]"
"In post","2022","Declared disabled","Other ethnicity","Yorkshire and The Humber","Kingston upon Hull, City of","[c]","[c]","[c]","[c]"
"In post","2022","Declared disabled","Other ethnicity","Yorkshire and The Humber","Leeds","5","5","[c]","[c]"
"In post","2022","Declared disabled","Other ethnicity","Yorkshire and The Humber","North and North East Lincolnshire","[c]","[c]","[c]","[c]"
"In post","2022","Declared disabled","Other ethnicity","Yorkshire and The Humber","North Yorkshire CC","[c]","[c]","[c]","[c]"
"In post","2022","Declared disabled","Other ethnicity","Yorkshire and The Humber","Sheffield","5","5","[c]","[c]"
"In post","2022","Declared disabled","Other ethnicity","Yorkshire and The Humber","Wakefield","[c]","[c]","[c]","[c]"
"In post","2022","Declared disabled","Other ethnicity","Yorkshire and The Humber","York","[c]","[c]","[c]","[c]"
"In post","2022","Declared disabled","Undeclared","East Midlands (England)","Derby","[c]","[c]","[c]","[c]"
"In post","2022","Declared disabled","Undeclared","East Midlands (England)","East Derbyshire","[c]","[c]","[c]","[c]"
"In post","2022","Declared disabled","Undeclared","East Midlands (England)","Leicester","10","10","[c]","[c]"
"In post","2022","Declared disabled","Undeclared","East Midlands (England)","Leicestershire CC and Rutland","10","10","[c]","[c]"
"In post","2022","Declared disabled","Undeclared","East Midlands (England)","Lincolnshire CC","15","15","[c]","[c]"
"In post","2022","Declared disabled","Undeclared","East Midlands (England)","North Northamptonshire","10","10","[c]","[c]"
"In post","2022","Declared disabled","Undeclared","East Midlands (England)","North Nottinghamshire","[c]","[c]","[c]","[c]"
"In post","2022","Declared disabled","Undeclared","East Midlands (England)","Nottingham","40","35","30630","27570"
"In post","2022","Declared disabled","Undeclared","East Midlands (England)","South and West Derbyshire","5","5","[c]","[c]"
"In post","2022","Declared disabled","Undeclared","East Midlands (England)","South Nottinghamshire","5","5","[c]","[c]"
"In post","2022","Declared disabled","Undeclared","East Midlands (England)","West Northamptonshire","[c]","[c]","[c]","[c]"
"In post","2022","Declared disabled","Undeclared","East of England","Bedford","[c]","[c]","[c]","[c]"
"In post","2022","Declared disabled","Undeclared","East of England","Breckland and South Norfolk","[c]","[c]","[c]","[c]"
"In post","2022","Declared disabled","Undeclared","East of England","Cambridgeshire CC","20","20","[c]","[c]"
"In post","2022","Declared disabled","Undeclared","East of England","Central Bedfordshire","[c]","[c]","[c]","[c]"
"In post","2022","Declared disabled","Undeclared","East of England","Essex Haven Gateway","[c]","[c]","[c]","[c]"
"In post","2022","Declared disabled","Undeclared","East of England","Essex Thames Gateway","10","10","[c]","[c]"
"In post","2022","Declared disabled","Undeclared","East of England","Heart of Essex","[c]","[c]","[c]","[c]"
"In post","2022","Declared disabled","Undeclared","East of England","Hertfordshire CC","15","15","[c]","[c]"
"In post","2022","Declared disabled","Undeclared","East of England","Luton","5","5","[c]","[c]"
"In post","2022","Declared disabled","Undeclared","East of England","North and West Norfolk","[c]","[c]","[c]","[c]"
"In post","2022","Declared disabled","Undeclared","East of England","Norwich and East Norfolk","10","10","[c]","[c]"
"In post","2022","Declared disabled","Undeclared","East of England","Peterborough","5","5","[c]","[c]"
"In post","2022","Declared disabled","Undeclared","East of England","Southend-on-Sea","10","10","[c]","[c]"
"In post","2022","Declared disabled","Undeclared","East of England","Suffolk CC","15","10","[c]","[c]"
"In post","2022","Declared disabled","Undeclared","East of England","Thurrock","[c]","[c]","[c]","[c]"
"In post","2022","Declared disabled","Undeclared","East of England","West Essex","[c]","[c]","[c]","[c]"
"In post","2022","Declared disabled","Undeclared","London","Barking & Dagenham and Havering","[c]","[c]","[c]","[c]"
"In post","2022","Declared disabled","Undeclared","London","Barnet","[c]","[c]","[c]","[c]"
"In post","2022","Declared disabled","Undeclared","London","Bexley and Greenwich","10","10","[c]","[c]"
"In post","2022","Declared disabled","Undeclared","London","Brent","[c]","[c]","[c]","[c]"
"In post","2022","Declared disabled","Undeclared","London","Bromley","5","5","[c]","[c]"
"In post","2022","Declared disabled","Undeclared","London","Camden and City of London","5","5","[c]","[c]"
"In post","2022","Declared disabled","Undeclared","London","Croydon","55","50","34900","31520"
"In post","2022","Declared disabled","Undeclared","London","Ealing","5","5","[c]","[c]"
"In post","2022","Declared disabled","Undeclared","London","Enfield","5","5","[c]","[c]"
"In post","2022","Declared disabled","Undeclared","London","Hackney and Newham","40","40","34500","31060"
"In post","2022","Declared disabled","Undeclared","London","Haringey and Islington","15","15","[c]","[c]"
"In post","2022","Declared disabled","Undeclared","London","Harrow and Hillingdon","30","25","31050","29220"
"In post","2022","Declared disabled","Undeclared","London","Hounslow and Richmond upon Thames","10","10","[c]","[c]"
"In post","2022","Declared disabled","Undeclared","London","Kensington & Chelsea and Hammersmith & Fulham","[c]","[c]","[c]","[c]"
"In post","2022","Declared disabled","Undeclared","London","Lambeth","15","15","[c]","[c]"
"In post","2022","Declared disabled","Undeclared","London","Lewisham and Southwark","15","10","[c]","[c]"
"In post","2022","Declared disabled","Undeclared","London","Merton, Kingston upon Thames and Sutton","[c]","[c]","[c]","[c]"
"In post","2022","Declared disabled","Undeclared","London","Redbridge and Waltham Forest","5","5","[c]","[c]"
"In post","2022","Declared disabled","Undeclared","London","Tower Hamlets","25","20","[c]","[c]"
"In post","2022","Declared disabled","Undeclared","London","Wandsworth","[c]","[c]","[c]","[c]"
"In post","2022","Declared disabled","Undeclared","London","Westminster","140","135","48210","43890"
"In post","2022","Declared disabled","Undeclared","North East (England)","Darlington","[c]","[c]","[c]","[c]"
"In post","2022","Declared disabled","Undeclared","North East (England)","Durham","10","10","[c]","[c]"
"In post","2022","Declared disabled","Undeclared","North East (England)","Hartlepool and Stockton-on-Tees","5","5","[c]","[c]"
"In post","2022","Declared disabled","Undeclared","North East (England)","Northumberland","5","5","[c]","[c]"
"In post","2022","Declared disabled","Undeclared","North East (England)","South Teesside","10","10","[c]","[c]"
"In post","2022","Declared disabled","Undeclared","North East (England)","Sunderland","20","15","[c]","[c]"
"In post","2022","Declared disabled","Undeclared","North East (England)","Tyneside","60","55","31900","27570"
"In post","2022","Declared disabled","Undeclared","North West (England)","Blackburn with Darwen","[c]","[c]","[c]","[c]"
"In post","2022","Declared disabled","Undeclared","North West (England)","Blackpool","30","25","30180","27570"
"In post","2022","Declared disabled","Undeclared","North West (England)","Cheshire East","5","5","[c]","[c]"
"In post","2022","Declared disabled","Undeclared","North West (England)","Cheshire West and Chester","[c]","[c]","[c]","[c]"
"In post","2022","Declared disabled","Undeclared","North West (England)","Chorley and West Lancashire","[c]","[c]","[c]","[c]"
"In post","2022","Declared disabled","Undeclared","North West (England)","East Cumbria","5","5","[c]","[c]"
"In post","2022","Declared disabled","Undeclared","North West (England)","East Lancashire","[c]","[c]","[c]","[c]"
"In post","2022","Declared disabled","Undeclared","North West (England)","East Merseyside","5","5","[c]","[c]"
"In post","2022","Declared disabled","Undeclared","North West (England)","Greater Manchester North East","[c]","[c]","[c]","[c]"
"In post","2022","Declared disabled","Undeclared","North West (England)","Greater Manchester North West","15","10","[c]","[c]"
"In post","2022","Declared disabled","Undeclared","North West (England)","Greater Manchester South East","[c]","[c]","[c]","[c]"
"In post","2022","Declared disabled","Undeclared","North West (England)","Greater Manchester South West","20","20","[c]","[c]"
"In post","2022","Declared disabled","Undeclared","North West (England)","Lancaster and Wyre","5","5","[c]","[c]"
"In post","2022","Declared disabled","Undeclared","North West (England)","Liverpool","25","25","[c]","[c]"
"In post","2022","Declared disabled","Undeclared","North West (England)","Manchester","55","50","30370","27570"
"In post","2022","Declared disabled","Undeclared","North West (England)","Mid Lancashire","25","25","[c]","[c]"
"In post","2022","Declared disabled","Undeclared","North West (England)","Sefton","25","20","[c]","[c]"
"In post","2022","Declared disabled","Undeclared","North West (England)","Warrington","10","10","[c]","[c]"
"In post","2022","Declared disabled","Undeclared","North West (England)","West Cumbria","10","10","[c]","[c]"
"In post","2022","Declared disabled","Undeclared","North West (England)","Wirral","25","20","[c]","[c]"
"In post","2022","Declared disabled","Undeclared","Northern Ireland","Antrim and Newtownabbey","[c]","[c]","[c]","[c]"
"In post","2022","Declared disabled","Undeclared","Northern Ireland","Ards and North Down","[c]","[c]","[c]","[c]"
"In post","2022","Declared disabled","Undeclared","Northern Ireland","Armagh City, Banbridge and Craigavon","[c]","[c]","[c]","[c]"
"In post","2022","Declared disabled","Undeclared","Northern Ireland","Belfast","5","5","[c]","[c]"
"In post","2022","Declared disabled","Undeclared","Northern Ireland","Causeway Coast and Glens","[c]","[c]","[c]","[c]"
"In post","2022","Declared disabled","Undeclared","Northern Ireland","Derry City and Strabane","[c]","[c]","[c]","[c]"
"In post","2022","Declared disabled","Undeclared","Northern Ireland","Fermanagh and Omagh","[c]","[c]","[c]","[c]"
"In post","2022","Declared disabled","Undeclared","Northern Ireland","Lisburn and Castlereagh","[c]","[c]","[c]","[c]"
"In post","2022","Declared disabled","Undeclared","Northern Ireland","Mid and East Antrim","[c]","[c]","[c]","[c]"
"In post","2022","Declared disabled","Undeclared","Northern Ireland","Mid Ulster","[c]","[c]","[c]","[c]"
"In post","2022","Declared disabled","Undeclared","Northern Ireland","Newry, Mourne and Down","[c]","[c]","[c]","[c]"
"In post","2022","Declared disabled","Undeclared","Overseas","Overseas","15","15","[c]","[c]"
"In post","2022","Declared disabled","Undeclared","Scotland","Aberdeen City and Aberdeenshire","[c]","[c]","[c]","[c]"
"In post","2022","Declared disabled","Undeclared","Scotland","Angus and Dundee City","5","5","[c]","[c]"
"In post","2022","Declared disabled","Undeclared","Scotland","Caithness and Sutherland, and Ross and Cromarty","[c]","[c]","[c]","[c]"
"In post","2022","Declared disabled","Undeclared","Scotland","City of Edinburgh","25","20","[c]","[c]"
"In post","2022","Declared disabled","Undeclared","Scotland","Clackmannanshire and Fife","10","10","[c]","[c]"
"In post","2022","Declared disabled","Undeclared","Scotland","Dumfries and Galloway","[c]","[c]","[c]","[c]"
"In post","2022","Declared disabled","Undeclared","Scotland","East Ayrshire and North Ayrshire mainland","[c]","[c]","[c]","[c]"
"In post","2022","Declared disabled","Undeclared","Scotland","East Dunbartonshire, West Dunbartonshire, and Helensburgh and Lomond","5","5","[c]","[c]"
"In post","2022","Declared disabled","Undeclared","Scotland","East Lothian and Midlothian","[c]","[c]","[c]","[c]"
"In post","2022","Declared disabled","Undeclared","Scotland","Falkirk","10","10","[c]","[c]"
"In post","2022","Declared disabled","Undeclared","Scotland","Glasgow City","35","30","28980","26900"
"In post","2022","Declared disabled","Undeclared","Scotland","Inverclyde, East Renfrewshire, and Renfrewshire","[c]","[c]","[c]","[c]"
"In post","2022","Declared disabled","Undeclared","Scotland","Inverness and Nairn, Moray, and Badenoch and Strathspey","5","5","[c]","[c]"
"In post","2022","Declared disabled","Undeclared","Scotland","Lochaber, Skye and Lochalsh, Arran and Cumbrae, and Argyll and Bute","[c]","[c]","[c]","[c]"
"In post","2022","Declared disabled","Undeclared","Scotland","Na h-Eileanan Siar","[c]","[c]","[c]","[c]"
"In post","2022","Declared disabled","Undeclared","Scotland","North Lanarkshire","5","5","[c]","[c]"
"In post","2022","Declared disabled","Undeclared","Scotland","Orkney Islands","[c]","[c]","[c]","[c]"
"In post","2022","Declared disabled","Undeclared","Scotland","Perth and Kinross, and Stirling","10","10","[c]","[c]"
"In post","2022","Declared disabled","Undeclared","Scotland","Scottish Borders","[c]","[c]","[c]","[c]"
"In post","2022","Declared disabled","Undeclared","Scotland","Shetland Islands","[c]","[c]","[c]","[c]"
"In post","2022","Declared disabled","Undeclared","Scotland","South Ayrshire","[c]","[c]","[c]","[c]"
"In post","2022","Declared disabled","Undeclared","Scotland","South Lanarkshire","10","10","[c]","[c]"
"In post","2022","Declared disabled","Undeclared","Scotland","West Lothian","[c]","[c]","[c]","[c]"
"In post","2022","Declared disabled","Undeclared","South East (England)","Berkshire","15","15","[c]","[c]"
"In post","2022","Declared disabled","Undeclared","South East (England)","Brighton and Hove","[c]","[c]","[c]","[c]"
"In post","2022","Declared disabled","Undeclared","South East (England)","Buckinghamshire","10","10","[c]","[c]"
"In post","2022","Declared disabled","Undeclared","South East (England)","Central Hampshire","15","15","[c]","[c]"
"In post","2022","Declared disabled","Undeclared","South East (England)","East Kent","35","35","30380","27370"
"In post","2022","Declared disabled","Undeclared","South East (England)","East Surrey","[c]","[c]","[c]","[c]"
"In post","2022","Declared disabled","Undeclared","South East (England)","East Sussex CC","20","15","[c]","[c]"
"In post","2022","Declared disabled","Undeclared","South East (England)","Isle of Wight","[c]","[c]","[c]","[c]"
"In post","2022","Declared disabled","Undeclared","South East (England)","Kent Thames Gateway","5","5","[c]","[c]"
"In post","2022","Declared disabled","Undeclared","South East (England)","Medway","10","10","[c]","[c]"
"In post","2022","Declared disabled","Undeclared","South East (England)","Mid Kent","[c]","[c]","[c]","[c]"
"In post","2022","Declared disabled","Undeclared","South East (England)","Milton Keynes","10","10","[c]","[c]"
"In post","2022","Declared disabled","Undeclared","South East (England)","North Hampshire","5","5","[c]","[c]"
"In post","2022","Declared disabled","Undeclared","South East (England)","Oxfordshire CC","15","15","[c]","[c]"
"In post","2022","Declared disabled","Undeclared","South East (England)","Portsmouth","25","20","[c]","[c]"
"In post","2022","Declared disabled","Undeclared","South East (England)","South Hampshire","15","15","[c]","[c]"
"In post","2022","Declared disabled","Undeclared","South East (England)","Southampton","10","10","[c]","[c]"
"In post","2022","Declared disabled","Undeclared","South East (England)","West Kent","[c]","[c]","[c]","[c]"
"In post","2022","Declared disabled","Undeclared","South East (England)","West Surrey","10","10","[c]","[c]"
"In post","2022","Declared disabled","Undeclared","South East (England)","West Sussex (North East)","10","5","[c]","[c]"
"In post","2022","Declared disabled","Undeclared","South East (England)","West Sussex (South West)","[c]","[c]","[c]","[c]"
"In post","2022","Declared disabled","Undeclared","South West (England)","Bath and North East Somerset, North Somerset and South Gloucestershire","90","90","41290","40580"
"In post","2022","Declared disabled","Undeclared","South West (England)","Bournemouth, Christchurch and Poole","5","5","[c]","[c]"
"In post","2022","Declared disabled","Undeclared","South West (England)","Bristol, City of","30","25","[c]","[c]"
"In post","2022","Declared disabled","Undeclared","South West (England)","Cornwall and Isles of Scilly","15","10","[c]","[c]"
"In post","2022","Declared disabled","Undeclared","South West (England)","Devon CC","25","25","[c]","[c]"
"In post","2022","Declared disabled","Undeclared","South West (England)","Dorset","10","10","[c]","[c]"
"In post","2022","Declared disabled","Undeclared","South West (England)","Gloucestershire CC","10","10","[c]","[c]"
"In post","2022","Declared disabled","Undeclared","South West (England)","Plymouth","25","20","[c]","[c]"
"In post","2022","Declared disabled","Undeclared","South West (England)","Somerset CC","15","15","[c]","[c]"
"In post","2022","Declared disabled","Undeclared","South West (England)","Swindon","[c]","[c]","[c]","[c]"
"In post","2022","Declared disabled","Undeclared","South West (England)","Torbay","5","5","[c]","[c]"
"In post","2022","Declared disabled","Undeclared","South West (England)","Wiltshire","25","25","[c]","[c]"
"In post","2022","Declared disabled","Undeclared","Unknown","Unknown","5","5","[c]","[c]"
"In post","2022","Declared disabled","Undeclared","Wales","Bridgend and Neath Port Talbot","5","5","[c]","[c]"
"In post","2022","Declared disabled","Undeclared","Wales","Cardiff and Vale of Glamorgan","35","35","33430","29430"
"In post","2022","Declared disabled","Undeclared","Wales","Central Valleys","10","10","[c]","[c]"
"In post","2022","Declared disabled","Undeclared","Wales","Conwy and Denbighshire","[c]","[c]","[c]","[c]"
"In post","2022","Declared disabled","Undeclared","Wales","Flintshire and Wrexham","10","5","[c]","[c]"
"In post","2022","Declared disabled","Undeclared","Wales","Gwent Valleys","5","5","[c]","[c]"
"In post","2022","Declared disabled","Undeclared","Wales","Gwynedd","5","5","[c]","[c]"
"In post","2022","Declared disabled","Undeclared","Wales","Isle of Anglesey","[c]","[c]","[c]","[c]"
"In post","2022","Declared disabled","Undeclared","Wales","Monmouthshire and Newport","5","5","[c]","[c]"
"In post","2022","Declared disabled","Undeclared","Wales","Powys","[c]","[c]","[c]","[c]"
"In post","2022","Declared disabled","Undeclared","Wales","South West Wales","5","5","[c]","[c]"
"In post","2022","Declared disabled","Undeclared","Wales","Swansea","20","20","[c]","[c]"
"In post","2022","Declared disabled","Undeclared","West Midlands (England)","Birmingham","70","60","30360","27570"
"In post","2022","Declared disabled","Undeclared","West Midlands (England)","Coventry","5","5","[c]","[c]"
"In post","2022","Declared disabled","Undeclared","West Midlands (England)","Dudley","5","5","[c]","[c]"
"In post","2022","Declared disabled","Undeclared","West Midlands (England)","Herefordshire, County of","[c]","[c]","[c]","[c]"
"In post","2022","Declared disabled","Undeclared","West Midlands (England)","Sandwell","[c]","[c]","[c]","[c]"
"In post","2022","Declared disabled","Undeclared","West Midlands (England)","Shropshire","10","10","[c]","[c]"
"In post","2022","Declared disabled","Undeclared","West Midlands (England)","Solihull","[c]","[c]","[c]","[c]"
"In post","2022","Declared disabled","Undeclared","West Midlands (England)","Staffordshire CC","10","10","[c]","[c]"
"In post","2022","Declared disabled","Undeclared","West Midlands (England)","Stoke-on-Trent","[c]","[c]","[c]","[c]"
"In post","2022","Declared disabled","Undeclared","West Midlands (England)","Telford and Wrekin","10","10","[c]","[c]"
"In post","2022","Declared disabled","Undeclared","West Midlands (England)","Walsall","[c]","[c]","[c]","[c]"
"In post","2022","Declared disabled","Undeclared","West Midlands (England)","Warwickshire CC","10","10","[c]","[c]"
"In post","2022","Declared disabled","Undeclared","West Midlands (England)","Wolverhampton","5","5","[c]","[c]"
"In post","2022","Declared disabled","Undeclared","West Midlands (England)","Worcestershire CC","10","10","[c]","[c]"
"In post","2022","Declared disabled","Undeclared","Yorkshire and The Humber","Barnsley, Doncaster and Rotherham","15","15","[c]","[c]"
"In post","2022","Declared disabled","Undeclared","Yorkshire and The Humber","Bradford","15","10","[c]","[c]"
"In post","2022","Declared disabled","Undeclared","Yorkshire and The Humber","Calderdale and Kirklees","10","5","[c]","[c]"
"In post","2022","Declared disabled","Undeclared","Yorkshire and The Humber","East Riding of Yorkshire","5","5","[c]","[c]"
"In post","2022","Declared disabled","Undeclared","Yorkshire and The Humber","Kingston upon Hull, City of","10","10","[c]","[c]"
"In post","2022","Declared disabled","Undeclared","Yorkshire and The Humber","Leeds","45","40","32020","27470"
"In post","2022","Declared disabled","Undeclared","Yorkshire and The Humber","North and North East Lincolnshire","[c]","[c]","[c]","[c]"
"In post","2022","Declared disabled","Undeclared","Yorkshire and The Humber","North Yorkshire CC","10","10","[c]","[c]"
"In post","2022","Declared disabled","Undeclared","Yorkshire and The Humber","Sheffield","35","30","31540","30770"
"In post","2022","Declared disabled","Undeclared","Yorkshire and The Humber","Wakefield","[c]","[c]","[c]","[c]"
"In post","2022","Declared disabled","Undeclared","Yorkshire and The Humber","York","15","15","[c]","[c]"
"In post","2022","Declared disabled","Unknown","East Midlands (England)","Derby","[c]","[c]","[c]","[c]"
"In post","2022","Declared disabled","Unknown","East Midlands (England)","East Derbyshire","[c]","[c]","[c]","[c]"
"In post","2022","Declared disabled","Unknown","East Midlands (England)","Leicester","10","10","[c]","[c]"
"In post","2022","Declared disabled","Unknown","East Midlands (England)","Leicestershire CC and Rutland","[c]","[c]","[c]","[c]"
"In post","2022","Declared disabled","Unknown","East Midlands (England)","Lincolnshire CC","[c]","[c]","[c]","[c]"
"In post","2022","Declared disabled","Unknown","East Midlands (England)","North Northamptonshire","[c]","[c]","[c]","[c]"
"In post","2022","Declared disabled","Unknown","East Midlands (England)","North Nottinghamshire","[c]","[c]","[c]","[c]"
"In post","2022","Declared disabled","Unknown","East Midlands (England)","Nottingham","25","20","[c]","[c]"
"In post","2022","Declared disabled","Unknown","East Midlands (England)","South and West Derbyshire","5","5","[c]","[c]"
"In post","2022","Declared disabled","Unknown","East Midlands (England)","South Nottinghamshire","5","5","[c]","[c]"
"In post","2022","Declared disabled","Unknown","East Midlands (England)","West Northamptonshire","[c]","[c]","[c]","[c]"
"In post","2022","Declared disabled","Unknown","East of England","Bedford","[c]","[c]","[c]","[c]"
"In post","2022","Declared disabled","Unknown","East of England","Breckland and South Norfolk","[c]","[c]","[c]","[c]"
"In post","2022","Declared disabled","Unknown","East of England","Cambridgeshire CC","10","10","[c]","[c]"
"In post","2022","Declared disabled","Unknown","East of England","Central Bedfordshire","[c]","[c]","[c]","[c]"
"In post","2022","Declared disabled","Unknown","East of England","Essex Haven Gateway","[c]","[c]","[c]","[c]"
"In post","2022","Declared disabled","Unknown","East of England","Essex Thames Gateway","[c]","[c]","[c]","[c]"
"In post","2022","Declared disabled","Unknown","East of England","Heart of Essex","[c]","[c]","[c]","[c]"
"In post","2022","Declared disabled","Unknown","East of England","Hertfordshire CC","[c]","[c]","[c]","[c]"
"In post","2022","Declared disabled","Unknown","East of England","Luton","[c]","[c]","[c]","[c]"
"In post","2022","Declared disabled","Unknown","East of England","North and West Norfolk","[c]","[c]","[c]","[c]"
"In post","2022","Declared disabled","Unknown","East of England","Norwich and East Norfolk","[c]","[c]","[c]","[c]"
"In post","2022","Declared disabled","Unknown","East of England","Peterborough","[c]","[c]","[c]","[c]"
"In post","2022","Declared disabled","Unknown","East of England","Southend-on-Sea","[c]","[c]","[c]","[c]"
"In post","2022","Declared disabled","Unknown","East of England","Suffolk CC","[c]","[c]","[c]","[c]"
"In post","2022","Declared disabled","Unknown","East of England","Thurrock","[c]","[c]","[c]","[c]"
"In post","2022","Declared disabled","Unknown","East of England","West Essex","[c]","[c]","[c]","[c]"
"In post","2022","Declared disabled","Unknown","London","Barking & Dagenham and Havering","[c]","[c]","[c]","[c]"
"In post","2022","Declared disabled","Unknown","London","Barnet","[c]","[c]","[c]","[c]"
"In post","2022","Declared disabled","Unknown","London","Bexley and Greenwich","[c]","[c]","[c]","[c]"
"In post","2022","Declared disabled","Unknown","London","Brent","[c]","[c]","[c]","[c]"
"In post","2022","Declared disabled","Unknown","London","Bromley","[c]","[c]","[c]","[c]"
"In post","2022","Declared disabled","Unknown","London","Camden and City of London","10","10","[c]","[c]"
"In post","2022","Declared disabled","Unknown","London","Croydon","30","25","[c]","[c]"
"In post","2022","Declared disabled","Unknown","London","Ealing","[c]","[c]","[c]","[c]"
"In post","2022","Declared disabled","Unknown","London","Enfield","[c]","[c]","[c]","[c]"
"In post","2022","Declared disabled","Unknown","London","Hackney and Newham","30","30","[c]","[c]"
"In post","2022","Declared disabled","Unknown","London","Haringey and Islington","[c]","[c]","[c]","[c]"
"In post","2022","Declared disabled","Unknown","London","Harrow and Hillingdon","[c]","[c]","[c]","[c]"
"In post","2022","Declared disabled","Unknown","London","Hounslow and Richmond upon Thames","5","5","[c]","[c]"
"In post","2022","Declared disabled","Unknown","London","Kensington & Chelsea and Hammersmith & Fulham","[c]","[c]","[c]","[c]"
"In post","2022","Declared disabled","Unknown","London","Lambeth","10","10","[c]","[c]"
"In post","2022","Declared disabled","Unknown","London","Lewisham and Southwark","[c]","[c]","[c]","[c]"
"In post","2022","Declared disabled","Unknown","London","Merton, Kingston upon Thames and Sutton","[c]","[c]","[c]","[c]"
"In post","2022","Declared disabled","Unknown","London","Redbridge and Waltham Forest","[c]","[c]","[c]","[c]"
"In post","2022","Declared disabled","Unknown","London","Tower Hamlets","10","10","[c]","[c]"
"In post","2022","Declared disabled","Unknown","London","Wandsworth","[c]","[c]","[c]","[c]"
"In post","2022","Declared disabled","Unknown","London","Westminster","135","130","44520","40600"
"In post","2022","Declared disabled","Unknown","North East (England)","Darlington","[c]","[c]","[c]","[c]"
"In post","2022","Declared disabled","Unknown","North East (England)","Durham","20","15","[c]","[c]"
"In post","2022","Declared disabled","Unknown","North East (England)","Hartlepool and Stockton-on-Tees","[c]","[c]","[c]","[c]"
"In post","2022","Declared disabled","Unknown","North East (England)","Northumberland","[c]","[c]","[c]","[c]"
"In post","2022","Declared disabled","Unknown","North East (England)","South Teesside","5","5","[c]","[c]"
"In post","2022","Declared disabled","Unknown","North East (England)","Sunderland","15","10","[c]","[c]"
"In post","2022","Declared disabled","Unknown","North East (England)","Tyneside","50","40","27550","23540"
"In post","2022","Declared disabled","Unknown","North West (England)","Blackburn with Darwen","[c]","[c]","[c]","[c]"
"In post","2022","Declared disabled","Unknown","North West (England)","Blackpool","10","10","[c]","[c]"
"In post","2022","Declared disabled","Unknown","North West (England)","Cheshire East","[c]","[c]","[c]","[c]"
"In post","2022","Declared disabled","Unknown","North West (England)","Cheshire West and Chester","[c]","[c]","[c]","[c]"
"In post","2022","Declared disabled","Unknown","North West (England)","Chorley and West Lancashire","[c]","[c]","[c]","[c]"
"In post","2022","Declared disabled","Unknown","North West (England)","East Cumbria","[c]","[c]","[c]","[c]"
"In post","2022","Declared disabled","Unknown","North West (England)","East Lancashire","[c]","[c]","[c]","[c]"
"In post","2022","Declared disabled","Unknown","North West (England)","East Merseyside","[c]","[c]","[c]","[c]"
"In post","2022","Declared disabled","Unknown","North West (England)","Greater Manchester North East","[c]","[c]","[c]","[c]"
"In post","2022","Declared disabled","Unknown","North West (England)","Greater Manchester North West","[c]","[c]","[c]","[c]"
"In post","2022","Declared disabled","Unknown","North West (England)","Greater Manchester South East","[c]","[c]","[c]","[c]"
"In post","2022","Declared disabled","Unknown","North West (England)","Greater Manchester South West","15","15","[c]","[c]"
"In post","2022","Declared disabled","Unknown","North West (England)","Lancaster and Wyre","[c]","[c]","[c]","[c]"
"In post","2022","Declared disabled","Unknown","North West (England)","Liverpool","30","25","26340","22140"
"In post","2022","Declared disabled","Unknown","North West (England)","Manchester","20","15","[c]","[c]"
"In post","2022","Declared disabled","Unknown","North West (England)","Mid Lancashire","20","15","[c]","[c]"
"In post","2022","Declared disabled","Unknown","North West (England)","Sefton","10","10","[c]","[c]"
"In post","2022","Declared disabled","Unknown","North West (England)","Warrington","5","5","[c]","[c]"
"In post","2022","Declared disabled","Unknown","North West (England)","West Cumbria","[c]","[c]","[c]","[c]"
"In post","2022","Declared disabled","Unknown","North West (England)","Wirral","15","10","[c]","[c]"
"In post","2022","Declared disabled","Unknown","Northern Ireland","Antrim and Newtownabbey","[c]","[c]","[c]","[c]"
"In post","2022","Declared disabled","Unknown","Northern Ireland","Ards and North Down","[c]","[c]","[c]","[c]"
"In post","2022","Declared disabled","Unknown","Northern Ireland","Armagh City, Banbridge and Craigavon","[c]","[c]","[c]","[c]"
"In post","2022","Declared disabled","Unknown","Northern Ireland","Belfast","[c]","[c]","[c]","[c]"
"In post","2022","Declared disabled","Unknown","Northern Ireland","Causeway Coast and Glens","[c]","[c]","[c]","[c]"
"In post","2022","Declared disabled","Unknown","Northern Ireland","Derry City and Strabane","[c]","[c]","[c]","[c]"
"In post","2022","Declared disabled","Unknown","Northern Ireland","Fermanagh and Omagh","[c]","[c]","[c]","[c]"
"In post","2022","Declared disabled","Unknown","Northern Ireland","Lisburn and Castlereagh","[c]","[c]","[c]","[c]"
"In post","2022","Declared disabled","Unknown","Northern Ireland","Mid and East Antrim","[c]","[c]","[c]","[c]"
"In post","2022","Declared disabled","Unknown","Northern Ireland","Mid Ulster","[c]","[c]","[c]","[c]"
"In post","2022","Declared disabled","Unknown","Northern Ireland","Newry, Mourne and Down","[c]","[c]","[c]","[c]"
"In post","2022","Declared disabled","Unknown","Overseas","Overseas","5","5","[c]","[c]"
"In post","2022","Declared disabled","Unknown","Scotland","Aberdeen City and Aberdeenshire","10","10","[c]","[c]"
"In post","2022","Declared disabled","Unknown","Scotland","Angus and Dundee City","5","5","[c]","[c]"
"In post","2022","Declared disabled","Unknown","Scotland","Caithness and Sutherland, and Ross and Cromarty","[c]","[c]","[c]","[c]"
"In post","2022","Declared disabled","Unknown","Scotland","City of Edinburgh","50","50","35670","33220"
"In post","2022","Declared disabled","Unknown","Scotland","Clackmannanshire and Fife","10","10","[c]","[c]"
"In post","2022","Declared disabled","Unknown","Scotland","Dumfries and Galloway","[c]","[c]","[c]","[c]"
"In post","2022","Declared disabled","Unknown","Scotland","East Ayrshire and North Ayrshire mainland","[c]","[c]","[c]","[c]"
"In post","2022","Declared disabled","Unknown","Scotland","East Dunbartonshire, West Dunbartonshire, and Helensburgh and Lomond","20","20","[c]","[c]"
"In post","2022","Declared disabled","Unknown","Scotland","East Lothian and Midlothian","[c]","[c]","[c]","[c]"
"In post","2022","Declared disabled","Unknown","Scotland","Falkirk","25","20","[c]","[c]"
"In post","2022","Declared disabled","Unknown","Scotland","Glasgow City","50","45","33280","32170"
"In post","2022","Declared disabled","Unknown","Scotland","Inverclyde, East Renfrewshire, and Renfrewshire","10","10","[c]","[c]"
"In post","2022","Declared disabled","Unknown","Scotland","Inverness and Nairn, Moray, and Badenoch and Strathspey","5","5","[c]","[c]"
"In post","2022","Declared disabled","Unknown","Scotland","Lochaber, Skye and Lochalsh, Arran and Cumbrae, and Argyll and Bute","[c]","[c]","[c]","[c]"
"In post","2022","Declared disabled","Unknown","Scotland","Na h-Eileanan Siar","[c]","[c]","[c]","[c]"
"In post","2022","Declared disabled","Unknown","Scotland","North Lanarkshire","10","10","[c]","[c]"
"In post","2022","Declared disabled","Unknown","Scotland","Orkney Islands","[c]","[c]","[c]","[c]"
"In post","2022","Declared disabled","Unknown","Scotland","Perth and Kinross, and Stirling","25","25","[c]","[c]"
"In post","2022","Declared disabled","Unknown","Scotland","Scottish Borders","[c]","[c]","[c]","[c]"
"In post","2022","Declared disabled","Unknown","Scotland","Shetland Islands","[c]","[c]","[c]","[c]"
"In post","2022","Declared disabled","Unknown","Scotland","South Ayrshire","[c]","[c]","[c]","[c]"
"In post","2022","Declared disabled","Unknown","Scotland","South Lanarkshire","25","20","[c]","[c]"
"In post","2022","Declared disabled","Unknown","Scotland","West Lothian","[c]","[c]","[c]","[c]"
"In post","2022","Declared disabled","Unknown","South East (England)","Berkshire","10","10","[c]","[c]"
"In post","2022","Declared disabled","Unknown","South East (England)","Brighton and Hove","[c]","[c]","[c]","[c]"
"In post","2022","Declared disabled","Unknown","South East (England)","Buckinghamshire","[c]","[c]","[c]","[c]"
"In post","2022","Declared disabled","Unknown","South East (England)","Central Hampshire","10","10","[c]","[c]"
"In post","2022","Declared disabled","Unknown","South East (England)","East Kent","5","5","[c]","[c]"
"In post","2022","Declared disabled","Unknown","South East (England)","East Surrey","[c]","[c]","[c]","[c]"
"In post","2022","Declared disabled","Unknown","South East (England)","East Sussex CC","[c]","[c]","[c]","[c]"
"In post","2022","Declared disabled","Unknown","South East (England)","Isle of Wight","[c]","[c]","[c]","[c]"
"In post","2022","Declared disabled","Unknown","South East (England)","Kent Thames Gateway","[c]","[c]","[c]","[c]"
"In post","2022","Declared disabled","Unknown","South East (England)","Medway","5","5","[c]","[c]"
"In post","2022","Declared disabled","Unknown","South East (England)","Mid Kent","[c]","[c]","[c]","[c]"
"In post","2022","Declared disabled","Unknown","South East (England)","Milton Keynes","[c]","[c]","[c]","[c]"
"In post","2022","Declared disabled","Unknown","South East (England)","North Hampshire","[c]","[c]","[c]","[c]"
"In post","2022","Declared disabled","Unknown","South East (England)","Oxfordshire CC","5","5","[c]","[c]"
"In post","2022","Declared disabled","Unknown","South East (England)","Portsmouth","15","15","[c]","[c]"
"In post","2022","Declared disabled","Unknown","South East (England)","South Hampshire","25","20","[c]","[c]"
"In post","2022","Declared disabled","Unknown","South East (England)","Southampton","[c]","[c]","[c]","[c]"
"In post","2022","Declared disabled","Unknown","South East (England)","West Kent","[c]","[c]","[c]","[c]"
"In post","2022","Declared disabled","Unknown","South East (England)","West Surrey","[c]","[c]","[c]","[c]"
"In post","2022","Declared disabled","Unknown","South East (England)","West Sussex (North East)","[c]","[c]","[c]","[c]"
"In post","2022","Declared disabled","Unknown","South East (England)","West Sussex (South West)","5","5","[c]","[c]"
"In post","2022","Declared disabled","Unknown","South West (England)","Bath and North East Somerset, North Somerset and South Gloucestershire","35","35","35800","32580"
"In post","2022","Declared disabled","Unknown","South West (England)","Bournemouth, Christchurch and Poole","[c]","[c]","[c]","[c]"
"In post","2022","Declared disabled","Unknown","South West (England)","Bristol, City of","10","10","[c]","[c]"
"In post","2022","Declared disabled","Unknown","South West (England)","Cornwall and Isles of Scilly","[c]","[c]","[c]","[c]"
"In post","2022","Declared disabled","Unknown","South West (England)","Devon CC","10","10","[c]","[c]"
"In post","2022","Declared disabled","Unknown","South West (England)","Dorset","[c]","[c]","[c]","[c]"
"In post","2022","Declared disabled","Unknown","South West (England)","Gloucestershire CC","5","5","[c]","[c]"
"In post","2022","Declared disabled","Unknown","South West (England)","Plymouth","15","10","[c]","[c]"
"In post","2022","Declared disabled","Unknown","South West (England)","Somerset CC","5","5","[c]","[c]"
"In post","2022","Declared disabled","Unknown","South West (England)","Swindon","[c]","[c]","[c]","[c]"
"In post","2022","Declared disabled","Unknown","South West (England)","Torbay","[c]","[c]","[c]","[c]"
"In post","2022","Declared disabled","Unknown","South West (England)","Wiltshire","15","15","[c]","[c]"
"In post","2022","Declared disabled","Unknown","Unknown","Unknown","[c]","[c]","[c]","[c]"
"In post","2022","Declared disabled","Unknown","Wales","Bridgend and Neath Port Talbot","[c]","[c]","[c]","[c]"
"In post","2022","Declared disabled","Unknown","Wales","Cardiff and Vale of Glamorgan","20","15","[c]","[c]"
"In post","2022","Declared disabled","Unknown","Wales","Central Valleys","[c]","[c]","[c]","[c]"
"In post","2022","Declared disabled","Unknown","Wales","Conwy and Denbighshire","[c]","[c]","[c]","[c]"
"In post","2022","Declared disabled","Unknown","Wales","Flintshire and Wrexham","[c]","[c]","[c]","[c]"
"In post","2022","Declared disabled","Unknown","Wales","Gwent Valleys","[c]","[c]","[c]","[c]"
"In post","2022","Declared disabled","Unknown","Wales","Gwynedd","[c]","[c]","[c]","[c]"
"In post","2022","Declared disabled","Unknown","Wales","Isle of Anglesey","[c]","[c]","[c]","[c]"
"In post","2022","Declared disabled","Unknown","Wales","Monmouthshire and Newport","10","10","[c]","[c]"
"In post","2022","Declared disabled","Unknown","Wales","Powys","[c]","[c]","[c]","[c]"
"In post","2022","Declared disabled","Unknown","Wales","South West Wales","[c]","[c]","[c]","[c]"
"In post","2022","Declared disabled","Unknown","Wales","Swansea","15","15","[c]","[c]"
"In post","2022","Declared disabled","Unknown","West Midlands (England)","Birmingham","40","35","29280","27570"
"In post","2022","Declared disabled","Unknown","West Midlands (England)","Coventry","5","5","[c]","[c]"
"In post","2022","Declared disabled","Unknown","West Midlands (England)","Dudley","[c]","[c]","[c]","[c]"
"In post","2022","Declared disabled","Unknown","West Midlands (England)","Herefordshire, County of","[c]","[c]","[c]","[c]"
"In post","2022","Declared disabled","Unknown","West Midlands (England)","Sandwell","[c]","[c]","[c]","[c]"
"In post","2022","Declared disabled","Unknown","West Midlands (England)","Shropshire","[c]","[c]","[c]","[c]"
"In post","2022","Declared disabled","Unknown","West Midlands (England)","Solihull","[c]","[c]","[c]","[c]"
"In post","2022","Declared disabled","Unknown","West Midlands (England)","Staffordshire CC","5","5","[c]","[c]"
"In post","2022","Declared disabled","Unknown","West Midlands (England)","Stoke-on-Trent","[c]","[c]","[c]","[c]"
"In post","2022","Declared disabled","Unknown","West Midlands (England)","Telford and Wrekin","[c]","[c]","[c]","[c]"
"In post","2022","Declared disabled","Unknown","West Midlands (England)","Walsall","[c]","[c]","[c]","[c]"
"In post","2022","Declared disabled","Unknown","West Midlands (England)","Warwickshire CC","[c]","[c]","[c]","[c]"
"In post","2022","Declared disabled","Unknown","West Midlands (England)","Wolverhampton","[c]","[c]","[c]","[c]"
"In post","2022","Declared disabled","Unknown","West Midlands (England)","Worcestershire CC","[c]","[c]","[c]","[c]"
"In post","2022","Declared disabled","Unknown","Yorkshire and The Humber","Barnsley, Doncaster and Rotherham","[c]","[c]","[c]","[c]"
"In post","2022","Declared disabled","Unknown","Yorkshire and The Humber","Bradford","5","5","[c]","[c]"
"In post","2022","Declared disabled","Unknown","Yorkshire and The Humber","Calderdale and Kirklees","[c]","[c]","[c]","[c]"
"In post","2022","Declared disabled","Unknown","Yorkshire and The Humber","East Riding of Yorkshire","[c]","[c]","[c]","[c]"
"In post","2022","Declared disabled","Unknown","Yorkshire and The Humber","Kingston upon Hull, City of","[c]","[c]","[c]","[c]"
"In post","2022","Declared disabled","Unknown","Yorkshire and The Humber","Leeds","20","20","[c]","[c]"
"In post","2022","Declared disabled","Unknown","Yorkshire and The Humber","North and North East Lincolnshire","[c]","[c]","[c]","[c]"
"In post","2022","Declared disabled","Unknown","Yorkshire and The Humber","North Yorkshire CC","[c]","[c]","[c]","[c]"
"In post","2022","Declared disabled","Unknown","Yorkshire and The Humber","Sheffield","10","10","[c]","[c]"
"In post","2022","Declared disabled","Unknown","Yorkshire and The Humber","Wakefield","[c]","[c]","[c]","[c]"
"In post","2022","Declared disabled","Unknown","Yorkshire and The Humber","York","10","10","[c]","[c]"
"In post","2022","Declared disabled","White","East Midlands (England)","Derby","135","125","25780","21260"
"In post","2022","Declared disabled","White","East Midlands (England)","East Derbyshire","85","75","27170","27570"
"In post","2022","Declared disabled","White","East Midlands (England)","Leicester","195","180","27680","27130"
"In post","2022","Declared disabled","White","East Midlands (England)","Leicestershire CC and Rutland","185","175","28990","27380"
"In post","2022","Declared disabled","White","East Midlands (England)","Lincolnshire CC","385","355","28470","27570"
"In post","2022","Declared disabled","White","East Midlands (England)","North Northamptonshire","80","70","26310","27570"
"In post","2022","Declared disabled","White","East Midlands (England)","North Nottinghamshire","140","130","28940","27570"
"In post","2022","Declared disabled","White","East Midlands (England)","Nottingham","845","785","31330","27570"
"In post","2022","Declared disabled","White","East Midlands (England)","South and West Derbyshire","125","110","31530","27570"
"In post","2022","Declared disabled","White","East Midlands (England)","South Nottinghamshire","105","100","32150","29180"
"In post","2022","Declared disabled","White","East Midlands (England)","West Northamptonshire","120","110","27020","27080"
"In post","2022","Declared disabled","White","East of England","Bedford","80","70","30750","27960"
"In post","2022","Declared disabled","White","East of England","Breckland and South Norfolk","50","45","28300","27570"
"In post","2022","Declared disabled","White","East of England","Cambridgeshire CC","325","305","32380","30720"
"In post","2022","Declared disabled","White","East of England","Central Bedfordshire","35","35","33520","27200"
"In post","2022","Declared disabled","White","East of England","Essex Haven Gateway","100","90","29850","29290"
"In post","2022","Declared disabled","White","East of England","Essex Thames Gateway","140","125","27590","28200"
"In post","2022","Declared disabled","White","East of England","Heart of Essex","120","110","32280","29290"
"In post","2022","Declared disabled","White","East of England","Hertfordshire CC","215","200","33200","30070"
"In post","2022","Declared disabled","White","East of England","Luton","40","40","27210","27370"
"In post","2022","Declared disabled","White","East of England","North and West Norfolk","105","95","28430","27570"
"In post","2022","Declared disabled","White","East of England","Norwich and East Norfolk","250","225","28320","27570"
"In post","2022","Declared disabled","White","East of England","Peterborough","185","170","29570","27130"
"In post","2022","Declared disabled","White","East of England","Southend-on-Sea","140","125","32090","29290"
"In post","2022","Declared disabled","White","East of England","Suffolk CC","395","360","29150","27570"
"In post","2022","Declared disabled","White","East of England","Thurrock","20","20","[c]","[c]"
"In post","2022","Declared disabled","White","East of England","West Essex","45","40","30290","29290"
"In post","2022","Declared disabled","White","London","Barking & Dagenham and Havering","60","55","31390","31060"
"In post","2022","Declared disabled","White","London","Barnet","65","60","36110","31880"
"In post","2022","Declared disabled","White","London","Bexley and Greenwich","125","120","30880","31060"
"In post","2022","Declared disabled","White","London","Brent","15","15","[c]","[c]"
"In post","2022","Declared disabled","White","London","Bromley","50","45","33860","31170"
"In post","2022","Declared disabled","White","London","Camden and City of London","105","100","39840","31060"
"In post","2022","Declared disabled","White","London","Croydon","550","515","41160","36620"
"In post","2022","Declared disabled","White","London","Ealing","25","25","[c]","[c]"
"In post","2022","Declared disabled","White","London","Enfield","15","15","[c]","[c]"
"In post","2022","Declared disabled","White","London","Hackney and Newham","320","300","42580","37930"
"In post","2022","Declared disabled","White","London","Haringey and Islington","80","75","35230","34100"
"In post","2022","Declared disabled","White","London","Harrow and Hillingdon","130","120","32580","30500"
"In post","2022","Declared disabled","White","London","Hounslow and Richmond upon Thames","165","155","32180","31060"
"In post","2022","Declared disabled","White","London","Kensington & Chelsea and Hammersmith & Fulham","40","40","34030","31090"
"In post","2022","Declared disabled","White","London","Lambeth","145","140","39760","36740"
"In post","2022","Declared disabled","White","London","Lewisham and Southwark","75","70","34930","31060"
"In post","2022","Declared disabled","White","London","Merton, Kingston upon Thames and Sutton","50","45","32320","31060"
"In post","2022","Declared disabled","White","London","Redbridge and Waltham Forest","50","45","28270","28590"
"In post","2022","Declared disabled","White","London","Tower Hamlets","300","290","48000","42480"
"In post","2022","Declared disabled","White","London","Wandsworth","55","50","33160","32830"
"In post","2022","Declared disabled","White","London","Westminster","3430","3330","48230","43810"
"In post","2022","Declared disabled","White","North East (England)","Darlington","140","130","35210","30320"
"In post","2022","Declared disabled","White","North East (England)","Durham","570","505","27300","26110"
"In post","2022","Declared disabled","White","North East (England)","Hartlepool and Stockton-on-Tees","235","205","27710","27570"
"In post","2022","Declared disabled","White","North East (England)","Northumberland","55","50","27760","27570"
"In post","2022","Declared disabled","White","North East (England)","South Teesside","195","170","26640","27570"
"In post","2022","Declared disabled","White","North East (England)","Sunderland","500","420","26000","24840"
"In post","2022","Declared disabled","White","North East (England)","Tyneside","1815","1620","28790","26820"
"In post","2022","Declared disabled","White","North West (England)","Blackburn with Darwen","45","40","28170","27570"
"In post","2022","Declared disabled","White","North West (England)","Blackpool","785","700","28090","27570"
"In post","2022","Declared disabled","White","North West (England)","Cheshire East","115","105","31780","27570"
"In post","2022","Declared disabled","White","North West (England)","Cheshire West and Chester","85","75","27010","27570"
"In post","2022","Declared disabled","White","North West (England)","Chorley and West Lancashire","125","115","29640","27570"
"In post","2022","Declared disabled","White","North West (England)","East Cumbria","105","95","29490","26370"
"In post","2022","Declared disabled","White","North West (England)","East Lancashire","85","80","27210","27570"
"In post","2022","Declared disabled","White","North West (England)","East Merseyside","175","150","27890","27570"
"In post","2022","Declared disabled","White","North West (England)","Greater Manchester North East","155","140","27620","27570"
"In post","2022","Declared disabled","White","North West (England)","Greater Manchester North West","280","250","25920","23370"
"In post","2022","Declared disabled","White","North West (England)","Greater Manchester South East","140","125","25100","21260"
"In post","2022","Declared disabled","White","North West (England)","Greater Manchester South West","515","480","32030","27570"
"In post","2022","Declared disabled","White","North West (England)","Lancaster and Wyre","120","110","28070","26780"
"In post","2022","Declared disabled","White","North West (England)","Liverpool","1190","1085","29530","26590"
"In post","2022","Declared disabled","White","North West (England)","Manchester","855","800","33860","30190"
"In post","2022","Declared disabled","White","North West (England)","Mid Lancashire","660","580","27420","26120"
"In post","2022","Declared disabled","White","North West (England)","Sefton","525","475","29640","27470"
"In post","2022","Declared disabled","White","North West (England)","Warrington","215","195","30820","28840"
"In post","2022","Declared disabled","White","North West (England)","West Cumbria","135","120","28420","25060"
"In post","2022","Declared disabled","White","North West (England)","Wirral","370","320","25870","24090"
"In post","2022","Declared disabled","White","Northern Ireland","Antrim and Newtownabbey","15","15","[c]","[c]"
"In post","2022","Declared disabled","White","Northern Ireland","Ards and North Down","20","20","[c]","[c]"
"In post","2022","Declared disabled","White","Northern Ireland","Armagh City, Banbridge and Craigavon","[c]","[c]","[c]","[c]"
"In post","2022","Declared disabled","White","Northern Ireland","Belfast","245","225","30240","27370"
"In post","2022","Declared disabled","White","Northern Ireland","Causeway Coast and Glens","[c]","[c]","[c]","[c]"
"In post","2022","Declared disabled","White","Northern Ireland","Derry City and Strabane","[c]","[c]","[c]","[c]"
"In post","2022","Declared disabled","White","Northern Ireland","Fermanagh and Omagh","[c]","[c]","[c]","[c]"
"In post","2022","Declared disabled","White","Northern Ireland","Lisburn and Castlereagh","35","35","27780","27420"
"In post","2022","Declared disabled","White","Northern Ireland","Mid and East Antrim","[c]","[c]","[c]","[c]"
"In post","2022","Declared disabled","White","Northern Ireland","Mid Ulster","[c]","[c]","[c]","[c]"
"In post","2022","Declared disabled","White","Northern Ireland","Newry, Mourne and Down","[c]","[c]","[c]","[c]"
"In post","2022","Declared disabled","White","Overseas","Overseas","185","185","48400","51500"
"In post","2022","Declared disabled","White","Scotland","Aberdeen City and Aberdeenshire","115","110","33430","27570"
"In post","2022","Declared disabled","White","Scotland","Angus and Dundee City","245","225","25380","22080"
"In post","2022","Declared disabled","White","Scotland","Caithness and Sutherland, and Ross and Cromarty","15","15","[c]","[c]"
"In post","2022","Declared disabled","White","Scotland","City of Edinburgh","1095","1040","37490","33080"
"In post","2022","Declared disabled","White","Scotland","Clackmannanshire and Fife","130","115","30850","27570"
"In post","2022","Declared disabled","White","Scotland","Dumfries and Galloway","25","20","[c]","[c]"
"In post","2022","Declared disabled","White","Scotland","East Ayrshire and North Ayrshire mainland","90","80","25550","27570"
"In post","2022","Declared disabled","White","Scotland","East Dunbartonshire, West Dunbartonshire, and Helensburgh and Lomond","135","125","29940","27570"
"In post","2022","Declared disabled","White","Scotland","East Lothian and Midlothian","30","25","[c]","[c]"
"In post","2022","Declared disabled","White","Scotland","Falkirk","165","145","27780","27570"
"In post","2022","Declared disabled","White","Scotland","Glasgow City","1255","1150","30040","27570"
"In post","2022","Declared disabled","White","Scotland","Inverclyde, East Renfrewshire, and Renfrewshire","95","80","29440","27570"
"In post","2022","Declared disabled","White","Scotland","Inverness and Nairn, Moray, and Badenoch and Strathspey","110","95","28180","27570"
"In post","2022","Declared disabled","White","Scotland","Lochaber, Skye and Lochalsh, Arran and Cumbrae, and Argyll and Bute","25","25","[c]","[c]"
"In post","2022","Declared disabled","White","Scotland","Na h-Eileanan Siar","10","10","[c]","[c]"
"In post","2022","Declared disabled","White","Scotland","North Lanarkshire","255","210","26200","22080"
"In post","2022","Declared disabled","White","Scotland","Orkney Islands","[c]","[c]","[c]","[c]"
"In post","2022","Declared disabled","White","Scotland","Perth and Kinross, and Stirling","95","90","31520","27570"
"In post","2022","Declared disabled","White","Scotland","Scottish Borders","35","30","28810","25930"
"In post","2022","Declared disabled","White","Scotland","Shetland Islands","[c]","[c]","[c]","[c]"
"In post","2022","Declared disabled","White","Scotland","South Ayrshire","30","30","28360","27570"
"In post","2022","Declared disabled","White","Scotland","South Lanarkshire","295","260","30330","26820"
"In post","2022","Declared disabled","White","Scotland","West Lothian","45","45","32270","27570"
"In post","2022","Declared disabled","White","South East (England)","Berkshire","250","235","34210","30210"
"In post","2022","Declared disabled","White","South East (England)","Brighton and Hove","90","80","29380","27570"
"In post","2022","Declared disabled","White","South East (England)","Buckinghamshire","155","145","31610","28880"
"In post","2022","Declared disabled","White","South East (England)","Central Hampshire","325","310","33520","33000"
"In post","2022","Declared disabled","White","South East (England)","East Kent","415","380","28920","27370"
"In post","2022","Declared disabled","White","South East (England)","East Surrey","80","75","32570","31700"
"In post","2022","Declared disabled","White","South East (England)","East Sussex CC","265","230","25920","26120"
"In post","2022","Declared disabled","White","South East (England)","Isle of Wight","130","115","27460","26330"
"In post","2022","Declared disabled","White","South East (England)","Kent Thames Gateway","175","160","29830","29290"
"In post","2022","Declared disabled","White","South East (England)","Medway","140","135","31740","29290"
"In post","2022","Declared disabled","White","South East (England)","Mid Kent","100","95","30490","29290"
"In post","2022","Declared disabled","White","South East (England)","Milton Keynes","185","175","31030","27570"
"In post","2022","Declared disabled","White","South East (England)","North Hampshire","105","100","30240","27570"
"In post","2022","Declared disabled","White","South East (England)","Oxfordshire CC","240","225","32900","30210"
"In post","2022","Declared disabled","White","South East (England)","Portsmouth","385","350","29110","27370"
"In post","2022","Declared disabled","White","South East (England)","South Hampshire","405","350","31030","27570"
"In post","2022","Declared disabled","White","South East (England)","Southampton","130","120","29610","27570"
"In post","2022","Declared disabled","White","South East (England)","West Kent","25","25","[c]","[c]"
"In post","2022","Declared disabled","White","South East (England)","West Surrey","220","205","33130","29750"
"In post","2022","Declared disabled","White","South East (England)","West Sussex (North East)","70","65","29840","27570"
"In post","2022","Declared disabled","White","South East (England)","West Sussex (South West)","160","145","30910","27570"
"In post","2022","Declared disabled","White","South West (England)","Bath and North East Somerset, North Somerset and South Gloucestershire","1215","1155","36190","33300"
"In post","2022","Declared disabled","White","South West (England)","Bournemouth, Christchurch and Poole","120","105","26430","27470"
"In post","2022","Declared disabled","White","South West (England)","Bristol, City of","645","600","33410","28920"
"In post","2022","Declared disabled","White","South West (England)","Cornwall and Isles of Scilly","230","205","26930","27570"
"In post","2022","Declared disabled","White","South West (England)","Devon CC","565","505","29440","27570"
"In post","2022","Declared disabled","White","South West (England)","Dorset","235","220","29670","27570"
"In post","2022","Declared disabled","White","South West (England)","Gloucestershire CC","160","140","29380","27570"
"In post","2022","Declared disabled","White","South West (England)","Plymouth","325","290","29650","27570"
"In post","2022","Declared disabled","White","South West (England)","Somerset CC","245","220","30550","27570"
"In post","2022","Declared disabled","White","South West (England)","Swindon","65","60","29640","27570"
"In post","2022","Declared disabled","White","South West (England)","Torbay","65","55","26870","27570"
"In post","2022","Declared disabled","White","South West (England)","Wiltshire","540","515","35150","33230"
"In post","2022","Declared disabled","White","Unknown","Unknown","95","90","33070","27570"
"In post","2022","Declared disabled","White","Wales","Bridgend and Neath Port Talbot","100","85","27580","27570"
"In post","2022","Declared disabled","White","Wales","Cardiff and Vale of Glamorgan","980","900","32940","27570"
"In post","2022","Declared disabled","White","Wales","Central Valleys","300","275","28010","27570"
"In post","2022","Declared disabled","White","Wales","Conwy and Denbighshire","75","70","30670","27570"
"In post","2022","Declared disabled","White","Wales","Flintshire and Wrexham","225","205","27820","26850"
"In post","2022","Declared disabled","White","Wales","Gwent Valleys","140","125","27130","27570"
"In post","2022","Declared disabled","White","Wales","Gwynedd","85","80","24310","21280"
"In post","2022","Declared disabled","White","Wales","Isle of Anglesey","25","25","[c]","[c]"
"In post","2022","Declared disabled","White","Wales","Monmouthshire and Newport","460","430","33030","30770"
"In post","2022","Declared disabled","White","Wales","Powys","50","45","29520","27570"
"In post","2022","Declared disabled","White","Wales","South West Wales","175","155","29960","27570"
"In post","2022","Declared disabled","White","Wales","Swansea","900","755","25360","21840"
"In post","2022","Declared disabled","White","West Midlands (England)","Birmingham","880","810","31870","27570"
"In post","2022","Declared disabled","White","West Midlands (England)","Coventry","215","195","33720","29730"
"In post","2022","Declared disabled","White","West Midlands (England)","Dudley","140","120","25480","25190"
"In post","2022","Declared disabled","White","West Midlands (England)","Herefordshire, County of","35","35","29270","27570"
"In post","2022","Declared disabled","White","West Midlands (England)","Sandwell","50","45","29250","27570"
"In post","2022","Declared disabled","White","West Midlands (England)","Shropshire","130","120","29790","27570"
"In post","2022","Declared disabled","White","West Midlands (England)","Solihull","65","60","29770","27570"
"In post","2022","Declared disabled","White","West Midlands (England)","Staffordshire CC","460","430","30650","27570"
"In post","2022","Declared disabled","White","West Midlands (England)","Stoke-on-Trent","220","195","25960","22510"
"In post","2022","Declared disabled","White","West Midlands (England)","Telford and Wrekin","235","210","31200","27570"
"In post","2022","Declared disabled","White","West Midlands (England)","Walsall","75","60","24870","26120"
"In post","2022","Declared disabled","White","West Midlands (England)","Warwickshire CC","150","135","28540","27570"
"In post","2022","Declared disabled","White","West Midlands (England)","Wolverhampton","115","100","27950","27570"
"In post","2022","Declared disabled","White","West Midlands (England)","Worcestershire CC","235","220","29710","27570"
"In post","2022","Declared disabled","White","Yorkshire and The Humber","Barnsley, Doncaster and Rotherham","425","370","27120","27380"
"In post","2022","Declared disabled","White","Yorkshire and The Humber","Bradford","230","190","25890","24090"
"In post","2022","Declared disabled","White","Yorkshire and The Humber","Calderdale and Kirklees","150","135","28980","27570"
"In post","2022","Declared disabled","White","Yorkshire and The Humber","East Riding of Yorkshire","160","150","28900","27250"
"In post","2022","Declared disabled","White","Yorkshire and The Humber","Kingston upon Hull, City of","250","215","27020","27130"
"In post","2022","Declared disabled","White","Yorkshire and The Humber","Leeds","1065","995","34000","30450"
"In post","2022","Declared disabled","White","Yorkshire and The Humber","North and North East Lincolnshire","95","85","27180","27570"
"In post","2022","Declared disabled","White","Yorkshire and The Humber","North Yorkshire CC","160","150","30040","27570"
"In post","2022","Declared disabled","White","Yorkshire and The Humber","Sheffield","735","665","32790","29730"
"In post","2022","Declared disabled","White","Yorkshire and The Humber","Wakefield","170","155","31070","27570"
"In post","2022","Declared disabled","White","Yorkshire and The Humber","York","270","255","32420","29180"
"In post","2022","Declared non-disabled","Asian","East Midlands (England)","Derby","90","80","26280","24800"
"In post","2022","Declared non-disabled","Asian","East Midlands (England)","East Derbyshire","[c]","[c]","[c]","[c]"
"In post","2022","Declared non-disabled","Asian","East Midlands (England)","Leicester","645","580","25740","23140"
"In post","2022","Declared non-disabled","Asian","East Midlands (England)","Leicestershire CC and Rutland","105","95","28470","26470"
"In post","2022","Declared non-disabled","Asian","East Midlands (England)","Lincolnshire CC","15","15","[c]","[c]"
"In post","2022","Declared non-disabled","Asian","East Midlands (England)","North Northamptonshire","15","15","[c]","[c]"
"In post","2022","Declared non-disabled","Asian","East Midlands (England)","North Nottinghamshire","10","10","[c]","[c]"
"In post","2022","Declared non-disabled","Asian","East Midlands (England)","Nottingham","540","505","31340","27570"
"In post","2022","Declared non-disabled","Asian","East Midlands (England)","South and West Derbyshire","20","20","[c]","[c]"
"In post","2022","Declared non-disabled","Asian","East Midlands (England)","South Nottinghamshire","25","25","[c]","[c]"
"In post","2022","Declared non-disabled","Asian","East Midlands (England)","West Northamptonshire","55","50","27650","26750"
"In post","2022","Declared non-disabled","Asian","East of England","Bedford","70","65","27870","27570"
"In post","2022","Declared non-disabled","Asian","East of England","Breckland and South Norfolk","5","5","[c]","[c]"
"In post","2022","Declared non-disabled","Asian","East of England","Cambridgeshire CC","70","65","31950","27590"
"In post","2022","Declared non-disabled","Asian","East of England","Central Bedfordshire","10","10","[c]","[c]"
"In post","2022","Declared non-disabled","Asian","East of England","Essex Haven Gateway","15","15","[c]","[c]"
"In post","2022","Declared non-disabled","Asian","East of England","Essex Thames Gateway","40","35","26220","24250"
"In post","2022","Declared non-disabled","Asian","East of England","Heart of Essex","30","30","34630","29290"
"In post","2022","Declared non-disabled","Asian","East of England","Hertfordshire CC","270","255","34490","29290"
"In post","2022","Declared non-disabled","Asian","East of England","Luton","90","80","26710","26630"
"In post","2022","Declared non-disabled","Asian","East of England","North and West Norfolk","[c]","[c]","[c]","[c]"
"In post","2022","Declared non-disabled","Asian","East of England","Norwich and East Norfolk","10","10","[c]","[c]"
"In post","2022","Declared non-disabled","Asian","East of England","Peterborough","185","155","24210","21680"
"In post","2022","Declared non-disabled","Asian","East of England","Southend-on-Sea","30","25","[c]","[c]"
"In post","2022","Declared non-disabled","Asian","East of England","Suffolk CC","45","45","28960","27570"
"In post","2022","Declared non-disabled","Asian","East of England","Thurrock","15","15","[c]","[c]"
"In post","2022","Declared non-disabled","Asian","East of England","West Essex","40","40","33700","29290"
"In post","2022","Declared non-disabled","Asian","London","Barking & Dagenham and Havering","140","130","31210","31060"
"In post","2022","Declared non-disabled","Asian","London","Barnet","335","305","35740","31880"
"In post","2022","Declared non-disabled","Asian","London","Bexley and Greenwich","90","80","31100","31060"
"In post","2022","Declared non-disabled","Asian","London","Brent","120","105","30820","31060"
"In post","2022","Declared non-disabled","Asian","London","Bromley","20","20","[c]","[c]"
"In post","2022","Declared non-disabled","Asian","London","Camden and City of London","265","250","32440","28670"
"In post","2022","Declared non-disabled","Asian","London","Croydon","1420","1340","35910","31060"
"In post","2022","Declared non-disabled","Asian","London","Ealing","140","130","31840","31060"
"In post","2022","Declared non-disabled","Asian","London","Enfield","50","45","30970","31060"
"In post","2022","Declared non-disabled","Asian","London","Hackney and Newham","1035","965","36180","31880"
"In post","2022","Declared non-disabled","Asian","London","Haringey and Islington","135","125","30370","31060"
"In post","2022","Declared non-disabled","Asian","London","Harrow and Hillingdon","1005","925","30390","29080"
"In post","2022","Declared non-disabled","Asian","London","Hounslow and Richmond upon Thames","540","500","30590","29080"
"In post","2022","Declared non-disabled","Asian","London","Kensington & Chelsea and Hammersmith & Fulham","105","100","33890","31060"
"In post","2022","Declared non-disabled","Asian","London","Lambeth","215","200","40140","32400"
"In post","2022","Declared non-disabled","Asian","London","Lewisham and Southwark","105","100","31520","31060"
"In post","2022","Declared non-disabled","Asian","London","Merton, Kingston upon Thames and Sutton","70","65","32440","31060"
"In post","2022","Declared non-disabled","Asian","London","Redbridge and Waltham Forest","400","365","29220","30330"
"In post","2022","Declared non-disabled","Asian","London","Tower Hamlets","775","745","42860","38610"
"In post","2022","Declared non-disabled","Asian","London","Wandsworth","80","75","29860","30200"
"In post","2022","Declared non-disabled","Asian","London","Westminster","4455","4330","43650","40050"
"In post","2022","Declared non-disabled","Asian","North East (England)","Darlington","15","10","[c]","[c]"
"In post","2022","Declared non-disabled","Asian","North East (England)","Durham","45","35","27220","22050"
"In post","2022","Declared non-disabled","Asian","North East (England)","Hartlepool and Stockton-on-Tees","20","15","[c]","[c]"
"In post","2022","Declared non-disabled","Asian","North East (England)","Northumberland","[c]","[c]","[c]","[c]"
"In post","2022","Declared non-disabled","Asian","North East (England)","South Teesside","20","20","[c]","[c]"
"In post","2022","Declared non-disabled","Asian","North East (England)","Sunderland","35","30","25620","26590"
"In post","2022","Declared non-disabled","Asian","North East (England)","Tyneside","340","320","30450","26820"
"In post","2022","Declared non-disabled","Asian","North West (England)","Blackburn with Darwen","100","85","26070","27570"
"In post","2022","Declared non-disabled","Asian","North West (England)","Blackpool","110","105","29660","27570"
"In post","2022","Declared non-disabled","Asian","North West (England)","Cheshire East","35","35","25120","23950"
"In post","2022","Declared non-disabled","Asian","North West (England)","Cheshire West and Chester","[c]","[c]","[c]","[c]"
"In post","2022","Declared non-disabled","Asian","North West (England)","Chorley and West Lancashire","15","15","[c]","[c]"
"In post","2022","Declared non-disabled","Asian","North West (England)","East Cumbria","10","10","[c]","[c]"
"In post","2022","Declared non-disabled","Asian","North West (England)","East Lancashire","55","50","25560","27570"
"In post","2022","Declared non-disabled","Asian","North West (England)","East Merseyside","5","5","[c]","[c]"
"In post","2022","Declared non-disabled","Asian","North West (England)","Greater Manchester North East","85","75","27090","27570"
"In post","2022","Declared non-disabled","Asian","North West (England)","Greater Manchester North West","85","75","24460","21260"
"In post","2022","Declared non-disabled","Asian","North West (England)","Greater Manchester South East","50","45","25150","21260"
"In post","2022","Declared non-disabled","Asian","North West (England)","Greater Manchester South West","600","570","29890","26820"
"In post","2022","Declared non-disabled","Asian","North West (England)","Lancaster and Wyre","10","10","[c]","[c]"
"In post","2022","Declared non-disabled","Asian","North West (England)","Liverpool","115","105","31160","25040"
"In post","2022","Declared non-disabled","Asian","North West (England)","Manchester","620","595","31610","27570"
"In post","2022","Declared non-disabled","Asian","North West (England)","Mid Lancashire","530","475","24950","21260"
"In post","2022","Declared non-disabled","Asian","North West (England)","Sefton","60","60","34050","27000"
"In post","2022","Declared non-disabled","Asian","North West (England)","Warrington","25","20","[c]","[c]"
"In post","2022","Declared non-disabled","Asian","North West (England)","West Cumbria","[c]","[c]","[c]","[c]"
"In post","2022","Declared non-disabled","Asian","North West (England)","Wirral","10","10","[c]","[c]"
"In post","2022","Declared non-disabled","Asian","Northern Ireland","Antrim and Newtownabbey","[c]","[c]","[c]","[c]"
"In post","2022","Declared non-disabled","Asian","Northern Ireland","Ards and North Down","[c]","[c]","[c]","[c]"
"In post","2022","Declared non-disabled","Asian","Northern Ireland","Armagh City, Banbridge and Craigavon","[c]","[c]","[c]","[c]"
"In post","2022","Declared non-disabled","Asian","Northern Ireland","Belfast","10","10","[c]","[c]"
"In post","2022","Declared non-disabled","Asian","Northern Ireland","Causeway Coast and Glens","[c]","[c]","[c]","[c]"
"In post","2022","Declared non-disabled","Asian","Northern Ireland","Derry City and Strabane","[c]","[c]","[c]","[c]"
"In post","2022","Declared non-disabled","Asian","Northern Ireland","Fermanagh and Omagh","[c]","[c]","[c]","[c]"
"In post","2022","Declared non-disabled","Asian","Northern Ireland","Lisburn and Castlereagh","[c]","[c]","[c]","[c]"
"In post","2022","Declared non-disabled","Asian","Northern Ireland","Mid and East Antrim","[c]","[c]","[c]","[c]"
"In post","2022","Declared non-disabled","Asian","Northern Ireland","Mid Ulster","[c]","[c]","[c]","[c]"
"In post","2022","Declared non-disabled","Asian","Northern Ireland","Newry, Mourne and Down","[c]","[c]","[c]","[c]"
"In post","2022","Declared non-disabled","Asian","Overseas","Overseas","115","115","44590","38450"
"In post","2022","Declared non-disabled","Asian","Scotland","Aberdeen City and Aberdeenshire","30","30","54050","47760"
"In post","2022","Declared non-disabled","Asian","Scotland","Angus and Dundee City","30","25","27430","21260"
"In post","2022","Declared non-disabled","Asian","Scotland","Caithness and Sutherland, and Ross and Cromarty","[c]","[c]","[c]","[c]"
"In post","2022","Declared non-disabled","Asian","Scotland","City of Edinburgh","145","140","33680","29410"
"In post","2022","Declared non-disabled","Asian","Scotland","Clackmannanshire and Fife","5","5","[c]","[c]"
"In post","2022","Declared non-disabled","Asian","Scotland","Dumfries and Galloway","[c]","[c]","[c]","[c]"
"In post","2022","Declared non-disabled","Asian","Scotland","East Ayrshire and North Ayrshire mainland","[c]","[c]","[c]","[c]"
"In post","2022","Declared non-disabled","Asian","Scotland","East Dunbartonshire, West Dunbartonshire, and Helensburgh and Lomond","10","10","[c]","[c]"
"In post","2022","Declared non-disabled","Asian","Scotland","East Lothian and Midlothian","[c]","[c]","[c]","[c]"
"In post","2022","Declared non-disabled","Asian","Scotland","Falkirk","10","10","[c]","[c]"
"In post","2022","Declared non-disabled","Asian","Scotland","Glasgow City","240","230","30360","27570"
"In post","2022","Declared non-disabled","Asian","Scotland","Inverclyde, East Renfrewshire, and Renfrewshire","10","10","[c]","[c]"
"In post","2022","Declared non-disabled","Asian","Scotland","Inverness and Nairn, Moray, and Badenoch and Strathspey","[c]","[c]","[c]","[c]"
"In post","2022","Declared non-disabled","Asian","Scotland","Lochaber, Skye and Lochalsh, Arran and Cumbrae, and Argyll and Bute","[c]","[c]","[c]","[c]"
"In post","2022","Declared non-disabled","Asian","Scotland","Na h-Eileanan Siar","[c]","[c]","[c]","[c]"
"In post","2022","Declared non-disabled","Asian","Scotland","North Lanarkshire","25","20","[c]","[c]"
"In post","2022","Declared non-disabled","Asian","Scotland","Orkney Islands","[c]","[c]","[c]","[c]"
"In post","2022","Declared non-disabled","Asian","Scotland","Perth and Kinross, and Stirling","[c]","[c]","[c]","[c]"
"In post","2022","Declared non-disabled","Asian","Scotland","Scottish Borders","[c]","[c]","[c]","[c]"
"In post","2022","Declared non-disabled","Asian","Scotland","Shetland Islands","[c]","[c]","[c]","[c]"
"In post","2022","Declared non-disabled","Asian","Scotland","South Ayrshire","[c]","[c]","[c]","[c]"
"In post","2022","Declared non-disabled","Asian","Scotland","South Lanarkshire","45","40","33730","27890"
"In post","2022","Declared non-disabled","Asian","Scotland","West Lothian","[c]","[c]","[c]","[c]"
"In post","2022","Declared non-disabled","Asian","South East (England)","Berkshire","235","215","30310","29290"
"In post","2022","Declared non-disabled","Asian","South East (England)","Brighton and Hove","10","10","[c]","[c]"
"In post","2022","Declared non-disabled","Asian","South East (England)","Buckinghamshire","80","75","30820","28140"
"In post","2022","Declared non-disabled","Asian","South East (England)","Central Hampshire","60","60","32460","29200"
"In post","2022","Declared non-disabled","Asian","South East (England)","East Kent","45","40","27600","27370"
"In post","2022","Declared non-disabled","Asian","South East (England)","East Surrey","40","40","31370","29290"
"In post","2022","Declared non-disabled","Asian","South East (England)","East Sussex CC","15","15","[c]","[c]"
"In post","2022","Declared non-disabled","Asian","South East (England)","Isle of Wight","[c]","[c]","[c]","[c]"
"In post","2022","Declared non-disabled","Asian","South East (England)","Kent Thames Gateway","40","35","30280","29290"
"In post","2022","Declared non-disabled","Asian","South East (England)","Medway","40","40","29090","29290"
"In post","2022","Declared non-disabled","Asian","South East (England)","Mid Kent","20","20","[c]","[c]"
"In post","2022","Declared non-disabled","Asian","South East (England)","Milton Keynes","105","95","31800","27570"
"In post","2022","Declared non-disabled","Asian","South East (England)","North Hampshire","45","40","26310","25150"
"In post","2022","Declared non-disabled","Asian","South East (England)","Oxfordshire CC","65","60","30120","27570"
"In post","2022","Declared non-disabled","Asian","South East (England)","Portsmouth","50","45","29350","26820"
"In post","2022","Declared non-disabled","Asian","South East (England)","South Hampshire","50","45","30960","27570"
"In post","2022","Declared non-disabled","Asian","South East (England)","Southampton","40","40","36010","27570"
"In post","2022","Declared non-disabled","Asian","South East (England)","West Kent","10","10","[c]","[c]"
"In post","2022","Declared non-disabled","Asian","South East (England)","West Surrey","140","135","31220","29290"
"In post","2022","Declared non-disabled","Asian","South East (England)","West Sussex (North East)","75","65","28310","27570"
"In post","2022","Declared non-disabled","Asian","South East (England)","West Sussex (South West)","20","20","[c]","[c]"
"In post","2022","Declared non-disabled","Asian","South West (England)","Bath and North East Somerset, North Somerset and South Gloucestershire","330","325","35910","33220"
"In post","2022","Declared non-disabled","Asian","South West (England)","Bournemouth, Christchurch and Poole","10","10","[c]","[c]"
"In post","2022","Declared non-disabled","Asian","South West (England)","Bristol, City of","150","140","33400","27590"
"In post","2022","Declared non-disabled","Asian","South West (England)","Cornwall and Isles of Scilly","5","5","[c]","[c]"
"In post","2022","Declared non-disabled","Asian","South West (England)","Devon CC","45","40","33730","30930"
"In post","2022","Declared non-disabled","Asian","South West (England)","Dorset","10","10","[c]","[c]"
"In post","2022","Declared non-disabled","Asian","South West (England)","Gloucestershire CC","30","25","32620","27570"
"In post","2022","Declared non-disabled","Asian","South West (England)","Plymouth","10","10","[c]","[c]"
"In post","2022","Declared non-disabled","Asian","South West (England)","Somerset CC","10","10","[c]","[c]"
"In post","2022","Declared non-disabled","Asian","South West (England)","Swindon","15","15","[c]","[c]"
"In post","2022","Declared non-disabled","Asian","South West (England)","Torbay","[c]","[c]","[c]","[c]"
"In post","2022","Declared non-disabled","Asian","South West (England)","Wiltshire","115","110","36640","33300"
"In post","2022","Declared non-disabled","Asian","Unknown","Unknown","130","115","28650","27570"
"In post","2022","Declared non-disabled","Asian","Wales","Bridgend and Neath Port Talbot","[c]","[c]","[c]","[c]"
"In post","2022","Declared non-disabled","Asian","Wales","Cardiff and Vale of Glamorgan","250","240","31300","26820"
"In post","2022","Declared non-disabled","Asian","Wales","Central Valleys","35","30","29600","27570"
"In post","2022","Declared non-disabled","Asian","Wales","Conwy and Denbighshire","[c]","[c]","[c]","[c]"
"In post","2022","Declared non-disabled","Asian","Wales","Flintshire and Wrexham","10","10","[c]","[c]"
"In post","2022","Declared non-disabled","Asian","Wales","Gwent Valleys","[c]","[c]","[c]","[c]"
"In post","2022","Declared non-disabled","Asian","Wales","Gwynedd","[c]","[c]","[c]","[c]"
"In post","2022","Declared non-disabled","Asian","Wales","Isle of Anglesey","[c]","[c]","[c]","[c]"
"In post","2022","Declared non-disabled","Asian","Wales","Monmouthshire and Newport","85","80","34000","30710"
"In post","2022","Declared non-disabled","Asian","Wales","Powys","[c]","[c]","[c]","[c]"
"In post","2022","Declared non-disabled","Asian","Wales","South West Wales","10","10","[c]","[c]"
"In post","2022","Declared non-disabled","Asian","Wales","Swansea","75","70","29520","21840"
"In post","2022","Declared non-disabled","Asian","West Midlands (England)","Birmingham","2380","2235","28010","26590"
"In post","2022","Declared non-disabled","Asian","West Midlands (England)","Coventry","335","315","34870","31000"
"In post","2022","Declared non-disabled","Asian","West Midlands (England)","Dudley","70","60","24580","21260"
"In post","2022","Declared non-disabled","Asian","West Midlands (England)","Herefordshire, County of","[c]","[c]","[c]","[c]"
"In post","2022","Declared non-disabled","Asian","West Midlands (England)","Sandwell","90","85","26900","27570"
"In post","2022","Declared non-disabled","Asian","West Midlands (England)","Shropshire","10","10","[c]","[c]"
"In post","2022","Declared non-disabled","Asian","West Midlands (England)","Solihull","240","220","27010","25490"
"In post","2022","Declared non-disabled","Asian","West Midlands (England)","Staffordshire CC","135","130","32000","27570"
"In post","2022","Declared non-disabled","Asian","West Midlands (England)","Stoke-on-Trent","40","40","25870","21260"
"In post","2022","Declared non-disabled","Asian","West Midlands (England)","Telford and Wrekin","75","75","36950","33080"
"In post","2022","Declared non-disabled","Asian","West Midlands (England)","Walsall","95","85","25420","27570"
"In post","2022","Declared non-disabled","Asian","West Midlands (England)","Warwickshire CC","120","110","26950","26680"
"In post","2022","Declared non-disabled","Asian","West Midlands (England)","Wolverhampton","165","150","25730","25120"
"In post","2022","Declared non-disabled","Asian","West Midlands (England)","Worcestershire CC","50","45","29000","26610"
"In post","2022","Declared non-disabled","Asian","Yorkshire and The Humber","Barnsley, Doncaster and Rotherham","25","25","[c]","[c]"
"In post","2022","Declared non-disabled","Asian","Yorkshire and The Humber","Bradford","675","600","24620","21260"
"In post","2022","Declared non-disabled","Asian","Yorkshire and The Humber","Calderdale and Kirklees","140","130","26790","27570"
"In post","2022","Declared non-disabled","Asian","Yorkshire and The Humber","East Riding of Yorkshire","15","15","[c]","[c]"
"In post","2022","Declared non-disabled","Asian","Yorkshire and The Humber","Kingston upon Hull, City of","10","10","[c]","[c]"
"In post","2022","Declared non-disabled","Asian","Yorkshire and The Humber","Leeds","1005","950","31420","27570"
"In post","2022","Declared non-disabled","Asian","Yorkshire and The Humber","North and North East Lincolnshire","10","10","[c]","[c]"
"In post","2022","Declared non-disabled","Asian","Yorkshire and The Humber","North Yorkshire CC","30","30","[c]","[c]"
"In post","2022","Declared non-disabled","Asian","Yorkshire and The Humber","Sheffield","355","335","29640","25040"
"In post","2022","Declared non-disabled","Asian","Yorkshire and The Humber","Wakefield","30","30","30410","27880"
"In post","2022","Declared non-disabled","Asian","Yorkshire and The Humber","York","35","30","35080","30730"
"In post","2022","Declared non-disabled","Black","East Midlands (England)","Derby","30","30","25740","25830"
"In post","2022","Declared non-disabled","Black","East Midlands (England)","East Derbyshire","[c]","[c]","[c]","[c]"
"In post","2022","Declared non-disabled","Black","East Midlands (England)","Leicester","60","55","28400","24850"
"In post","2022","Declared non-disabled","Black","East Midlands (England)","Leicestershire CC and Rutland","30","25","[c]","[c]"
"In post","2022","Declared non-disabled","Black","East Midlands (England)","Lincolnshire CC","15","15","[c]","[c]"
"In post","2022","Declared non-disabled","Black","East Midlands (England)","North Northamptonshire","15","15","[c]","[c]"
"In post","2022","Declared non-disabled","Black","East Midlands (England)","North Nottinghamshire","5","5","[c]","[c]"
"In post","2022","Declared non-disabled","Black","East Midlands (England)","Nottingham","230","220","28140","26600"
"In post","2022","Declared non-disabled","Black","East Midlands (England)","South and West Derbyshire","10","10","[c]","[c]"
"In post","2022","Declared non-disabled","Black","East Midlands (England)","South Nottinghamshire","15","15","[c]","[c]"
"In post","2022","Declared non-disabled","Black","East Midlands (England)","West Northamptonshire","50","45","26810","27380"
"In post","2022","Declared non-disabled","Black","East of England","Bedford","30","30","28290","27570"
"In post","2022","Declared non-disabled","Black","East of England","Breckland and South Norfolk","[c]","[c]","[c]","[c]"
"In post","2022","Declared non-disabled","Black","East of England","Cambridgeshire CC","30","30","32020","30460"
"In post","2022","Declared non-disabled","Black","East of England","Central Bedfordshire","5","5","[c]","[c]"
"In post","2022","Declared non-disabled","Black","East of England","Essex Haven Gateway","15","15","[c]","[c]"
"In post","2022","Declared non-disabled","Black","East of England","Essex Thames Gateway","60","60","26780","24250"
"In post","2022","Declared non-disabled","Black","East of England","Heart of Essex","30","30","36440","30450"
"In post","2022","Declared non-disabled","Black","East of England","Hertfordshire CC","120","115","32510","29290"
"In post","2022","Declared non-disabled","Black","East of England","Luton","45","40","28520","27570"
"In post","2022","Declared non-disabled","Black","East of England","North and West Norfolk","[c]","[c]","[c]","[c]"
"In post","2022","Declared non-disabled","Black","East of England","Norwich and East Norfolk","10","10","[c]","[c]"
"In post","2022","Declared non-disabled","Black","East of England","Peterborough","25","20","[c]","[c]"
"In post","2022","Declared non-disabled","Black","East of England","Southend-on-Sea","25","20","[c]","[c]"
"In post","2022","Declared non-disabled","Black","East of England","Suffolk CC","25","25","[c]","[c]"
"In post","2022","Declared non-disabled","Black","East of England","Thurrock","25","20","[c]","[c]"
"In post","2022","Declared non-disabled","Black","East of England","West Essex","40","35","29390","29290"
"In post","2022","Declared non-disabled","Black","London","Barking & Dagenham and Havering","110","105","32090","31060"
"In post","2022","Declared non-disabled","Black","London","Barnet","180","170","32600","31060"
"In post","2022","Declared non-disabled","Black","London","Bexley and Greenwich","235","225","31220","31060"
"In post","2022","Declared non-disabled","Black","London","Brent","105","100","30100","31060"
"In post","2022","Declared non-disabled","Black","London","Bromley","105","100","30620","31060"
"In post","2022","Declared non-disabled","Black","London","Camden and City of London","255","245","28910","26400"
"In post","2022","Declared non-disabled","Black","London","Croydon","1180","1130","34250","31020"
"In post","2022","Declared non-disabled","Black","London","Ealing","65","65","32120","31060"
"In post","2022","Declared non-disabled","Black","London","Enfield","70","65","30220","31060"
"In post","2022","Declared non-disabled","Black","London","Hackney and Newham","705","680","34080","31060"
"In post","2022","Declared non-disabled","Black","London","Haringey and Islington","295","285","31150","31060"
"In post","2022","Declared non-disabled","Black","London","Harrow and Hillingdon","200","185","30550","29450"
"In post","2022","Declared non-disabled","Black","London","Hounslow and Richmond upon Thames","145","140","31770","31060"
"In post","2022","Declared non-disabled","Black","London","Kensington & Chelsea and Hammersmith & Fulham","160","155","31590","31060"
"In post","2022","Declared non-disabled","Black","London","Lambeth","355","345","34030","31850"
"In post","2022","Declared non-disabled","Black","London","Lewisham and Southwark","315","300","32050","31060"
"In post","2022","Declared non-disabled","Black","London","Merton, Kingston upon Thames and Sutton","70","70","31520","31060"
"In post","2022","Declared non-disabled","Black","London","Redbridge and Waltham Forest","175","165","31180","31060"
"In post","2022","Declared non-disabled","Black","London","Tower Hamlets","405","400","39430","34870"
"In post","2022","Declared non-disabled","Black","London","Wandsworth","150","145","31440","31060"
"In post","2022","Declared non-disabled","Black","London","Westminster","2700","2650","39410","35070"
"In post","2022","Declared non-disabled","Black","North East (England)","Darlington","5","5","[c]","[c]"
"In post","2022","Declared non-disabled","Black","North East (England)","Durham","10","10","[c]","[c]"
"In post","2022","Declared non-disabled","Black","North East (England)","Hartlepool and Stockton-on-Tees","10","5","[c]","[c]"
"In post","2022","Declared non-disabled","Black","North East (England)","Northumberland","[c]","[c]","[c]","[c]"
"In post","2022","Declared non-disabled","Black","North East (England)","South Teesside","[c]","[c]","[c]","[c]"
"In post","2022","Declared non-disabled","Black","North East (England)","Sunderland","10","10","[c]","[c]"
"In post","2022","Declared non-disabled","Black","North East (England)","Tyneside","100","95","29010","26820"
"In post","2022","Declared non-disabled","Black","North West (England)","Blackburn with Darwen","[c]","[c]","[c]","[c]"
"In post","2022","Declared non-disabled","Black","North West (England)","Blackpool","20","20","[c]","[c]"
"In post","2022","Declared non-disabled","Black","North West (England)","Cheshire East","15","15","[c]","[c]"
"In post","2022","Declared non-disabled","Black","North West (England)","Cheshire West and Chester","[c]","[c]","[c]","[c]"
"In post","2022","Declared non-disabled","Black","North West (England)","Chorley and West Lancashire","[c]","[c]","[c]","[c]"
"In post","2022","Declared non-disabled","Black","North West (England)","East Cumbria","[c]","[c]","[c]","[c]"
"In post","2022","Declared non-disabled","Black","North West (England)","East Lancashire","[c]","[c]","[c]","[c]"
"In post","2022","Declared non-disabled","Black","North West (England)","East Merseyside","5","5","[c]","[c]"
"In post","2022","Declared non-disabled","Black","North West (England)","Greater Manchester North East","25","20","[c]","[c]"
"In post","2022","Declared non-disabled","Black","North West (England)","Greater Manchester North West","20","20","[c]","[c]"
"In post","2022","Declared non-disabled","Black","North West (England)","Greater Manchester South East","20","20","[c]","[c]"
"In post","2022","Declared non-disabled","Black","North West (England)","Greater Manchester South West","215","210","28580","26820"
"In post","2022","Declared non-disabled","Black","North West (England)","Lancaster and Wyre","5","5","[c]","[c]"
"In post","2022","Declared non-disabled","Black","North West (England)","Liverpool","90","85","27780","25040"
"In post","2022","Declared non-disabled","Black","North West (England)","Manchester","255","250","30810","27570"
"In post","2022","Declared non-disabled","Black","North West (England)","Mid Lancashire","25","25","[c]","[c]"
"In post","2022","Declared non-disabled","Black","North West (England)","Sefton","30","25","[c]","[c]"
"In post","2022","Declared non-disabled","Black","North West (England)","Warrington","10","10","[c]","[c]"
"In post","2022","Declared non-disabled","Black","North West (England)","West Cumbria","[c]","[c]","[c]","[c]"
"In post","2022","Declared non-disabled","Black","North West (England)","Wirral","5","5","[c]","[c]"
"In post","2022","Declared non-disabled","Black","Northern Ireland","Antrim and Newtownabbey","[c]","[c]","[c]","[c]"
"In post","2022","Declared non-disabled","Black","Northern Ireland","Ards and North Down","[c]","[c]","[c]","[c]"
"In post","2022","Declared non-disabled","Black","Northern Ireland","Armagh City, Banbridge and Craigavon","[c]","[c]","[c]","[c]"
"In post","2022","Declared non-disabled","Black","Northern Ireland","Belfast","[c]","[c]","[c]","[c]"
"In post","2022","Declared non-disabled","Black","Northern Ireland","Causeway Coast and Glens","[c]","[c]","[c]","[c]"
"In post","2022","Declared non-disabled","Black","Northern Ireland","Derry City and Strabane","[c]","[c]","[c]","[c]"
"In post","2022","Declared non-disabled","Black","Northern Ireland","Fermanagh and Omagh","[c]","[c]","[c]","[c]"
"In post","2022","Declared non-disabled","Black","Northern Ireland","Lisburn and Castlereagh","[c]","[c]","[c]","[c]"
"In post","2022","Declared non-disabled","Black","Northern Ireland","Mid and East Antrim","[c]","[c]","[c]","[c]"
"In post","2022","Declared non-disabled","Black","Northern Ireland","Mid Ulster","[c]","[c]","[c]","[c]"
"In post","2022","Declared non-disabled","Black","Northern Ireland","Newry, Mourne and Down","[c]","[c]","[c]","[c]"
"In post","2022","Declared non-disabled","Black","Overseas","Overseas","50","50","43650","38570"
"In post","2022","Declared non-disabled","Black","Scotland","Aberdeen City and Aberdeenshire","15","15","[c]","[c]"
"In post","2022","Declared non-disabled","Black","Scotland","Angus and Dundee City","15","10","[c]","[c]"
"In post","2022","Declared non-disabled","Black","Scotland","Caithness and Sutherland, and Ross and Cromarty","[c]","[c]","[c]","[c]"
"In post","2022","Declared non-disabled","Black","Scotland","City of Edinburgh","80","75","30330","27230"
"In post","2022","Declared non-disabled","Black","Scotland","Clackmannanshire and Fife","[c]","[c]","[c]","[c]"
"In post","2022","Declared non-disabled","Black","Scotland","Dumfries and Galloway","[c]","[c]","[c]","[c]"
"In post","2022","Declared non-disabled","Black","Scotland","East Ayrshire and North Ayrshire mainland","[c]","[c]","[c]","[c]"
"In post","2022","Declared non-disabled","Black","Scotland","East Dunbartonshire, West Dunbartonshire, and Helensburgh and Lomond","[c]","[c]","[c]","[c]"
"In post","2022","Declared non-disabled","Black","Scotland","East Lothian and Midlothian","[c]","[c]","[c]","[c]"
"In post","2022","Declared non-disabled","Black","Scotland","Falkirk","[c]","[c]","[c]","[c]"
"In post","2022","Declared non-disabled","Black","Scotland","Glasgow City","100","95","29250","26430"
"In post","2022","Declared non-disabled","Black","Scotland","Inverclyde, East Renfrewshire, and Renfrewshire","[c]","[c]","[c]","[c]"
"In post","2022","Declared non-disabled","Black","Scotland","Inverness and Nairn, Moray, and Badenoch and Strathspey","[c]","[c]","[c]","[c]"
"In post","2022","Declared non-disabled","Black","Scotland","Lochaber, Skye and Lochalsh, Arran and Cumbrae, and Argyll and Bute","[c]","[c]","[c]","[c]"
"In post","2022","Declared non-disabled","Black","Scotland","Na h-Eileanan Siar","[c]","[c]","[c]","[c]"
"In post","2022","Declared non-disabled","Black","Scotland","North Lanarkshire","5","5","[c]","[c]"
"In post","2022","Declared non-disabled","Black","Scotland","Orkney Islands","[c]","[c]","[c]","[c]"
"In post","2022","Declared non-disabled","Black","Scotland","Perth and Kinross, and Stirling","[c]","[c]","[c]","[c]"
"In post","2022","Declared non-disabled","Black","Scotland","Scottish Borders","[c]","[c]","[c]","[c]"
"In post","2022","Declared non-disabled","Black","Scotland","Shetland Islands","[c]","[c]","[c]","[c]"
"In post","2022","Declared non-disabled","Black","Scotland","South Ayrshire","[c]","[c]","[c]","[c]"
"In post","2022","Declared non-disabled","Black","Scotland","South Lanarkshire","25","25","[c]","[c]"
"In post","2022","Declared non-disabled","Black","Scotland","West Lothian","[c]","[c]","[c]","[c]"
"In post","2022","Declared non-disabled","Black","South East (England)","Berkshire","75","70","31130","29290"
"In post","2022","Declared non-disabled","Black","South East (England)","Brighton and Hove","5","5","[c]","[c]"
"In post","2022","Declared non-disabled","Black","South East (England)","Buckinghamshire","40","40","29600","28140"
"In post","2022","Declared non-disabled","Black","South East (England)","Central Hampshire","40","35","33730","33000"
"In post","2022","Declared non-disabled","Black","South East (England)","East Kent","40","35","31070","27370"
"In post","2022","Declared non-disabled","Black","South East (England)","East Surrey","90","90","32790","32460"
"In post","2022","Declared non-disabled","Black","South East (England)","East Sussex CC","20","15","[c]","[c]"
"In post","2022","Declared non-disabled","Black","South East (England)","Isle of Wight","[c]","[c]","[c]","[c]"
"In post","2022","Declared non-disabled","Black","South East (England)","Kent Thames Gateway","50","50","31550","29290"
"In post","2022","Declared non-disabled","Black","South East (England)","Medway","45","45","31080","29290"
"In post","2022","Declared non-disabled","Black","South East (England)","Mid Kent","20","20","[c]","[c]"
"In post","2022","Declared non-disabled","Black","South East (England)","Milton Keynes","90","90","29890","27570"
"In post","2022","Declared non-disabled","Black","South East (England)","North Hampshire","20","20","[c]","[c]"
"In post","2022","Declared non-disabled","Black","South East (England)","Oxfordshire CC","45","40","28870","27570"
"In post","2022","Declared non-disabled","Black","South East (England)","Portsmouth","15","15","[c]","[c]"
"In post","2022","Declared non-disabled","Black","South East (England)","South Hampshire","35","30","30850","30210"
"In post","2022","Declared non-disabled","Black","South East (England)","Southampton","10","10","[c]","[c]"
"In post","2022","Declared non-disabled","Black","South East (England)","West Kent","5","5","[c]","[c]"
"In post","2022","Declared non-disabled","Black","South East (England)","West Surrey","35","30","33750","29310"
"In post","2022","Declared non-disabled","Black","South East (England)","West Sussex (North East)","40","35","29160","27570"
"In post","2022","Declared non-disabled","Black","South East (England)","West Sussex (South West)","10","10","[c]","[c]"
"In post","2022","Declared non-disabled","Black","South West (England)","Bath and North East Somerset, North Somerset and South Gloucestershire","230","230","34300","33950"
"In post","2022","Declared non-disabled","Black","South West (England)","Bournemouth, Christchurch and Poole","5","5","[c]","[c]"
"In post","2022","Declared non-disabled","Black","South West (England)","Bristol, City of","120","110","30640","28100"
"In post","2022","Declared non-disabled","Black","South West (England)","Cornwall and Isles of Scilly","[c]","[c]","[c]","[c]"
"In post","2022","Declared non-disabled","Black","South West (England)","Devon CC","15","15","[c]","[c]"
"In post","2022","Declared non-disabled","Black","South West (England)","Dorset","5","5","[c]","[c]"
"In post","2022","Declared non-disabled","Black","South West (England)","Gloucestershire CC","15","10","[c]","[c]"
"In post","2022","Declared non-disabled","Black","South West (England)","Plymouth","5","5","[c]","[c]"
"In post","2022","Declared non-disabled","Black","South West (England)","Somerset CC","[c]","[c]","[c]","[c]"
"In post","2022","Declared non-disabled","Black","South West (England)","Swindon","5","5","[c]","[c]"
"In post","2022","Declared non-disabled","Black","South West (England)","Torbay","[c]","[c]","[c]","[c]"
"In post","2022","Declared non-disabled","Black","South West (England)","Wiltshire","55","55","32950","32480"
"In post","2022","Declared non-disabled","Black","Unknown","Unknown","45","45","33730","31060"
"In post","2022","Declared non-disabled","Black","Wales","Bridgend and Neath Port Talbot","[c]","[c]","[c]","[c]"
"In post","2022","Declared non-disabled","Black","Wales","Cardiff and Vale of Glamorgan","85","80","30040","26820"
"In post","2022","Declared non-disabled","Black","Wales","Central Valleys","20","20","[c]","[c]"
"In post","2022","Declared non-disabled","Black","Wales","Conwy and Denbighshire","[c]","[c]","[c]","[c]"
"In post","2022","Declared non-disabled","Black","Wales","Flintshire and Wrexham","10","10","[c]","[c]"
"In post","2022","Declared non-disabled","Black","Wales","Gwent Valleys","[c]","[c]","[c]","[c]"
"In post","2022","Declared non-disabled","Black","Wales","Gwynedd","[c]","[c]","[c]","[c]"
"In post","2022","Declared non-disabled","Black","Wales","Isle of Anglesey","[c]","[c]","[c]","[c]"
"In post","2022","Declared non-disabled","Black","Wales","Monmouthshire and Newport","45","45","33130","30710"
"In post","2022","Declared non-disabled","Black","Wales","Powys","[c]","[c]","[c]","[c]"
"In post","2022","Declared non-disabled","Black","Wales","South West Wales","[c]","[c]","[c]","[c]"
"In post","2022","Declared non-disabled","Black","Wales","Swansea","20","20","[c]","[c]"
"In post","2022","Declared non-disabled","Black","West Midlands (England)","Birmingham","650","615","28370","26800"
"In post","2022","Declared non-disabled","Black","West Midlands (England)","Coventry","70","70","33670","29730"
"In post","2022","Declared non-disabled","Black","West Midlands (England)","Dudley","30","30","24920","23170"
"In post","2022","Declared non-disabled","Black","West Midlands (England)","Herefordshire, County of","[c]","[c]","[c]","[c]"
"In post","2022","Declared non-disabled","Black","West Midlands (England)","Sandwell","45","45","26980","27570"
"In post","2022","Declared non-disabled","Black","West Midlands (England)","Shropshire","[c]","[c]","[c]","[c]"
"In post","2022","Declared non-disabled","Black","West Midlands (England)","Solihull","30","30","29140","27570"
"In post","2022","Declared non-disabled","Black","West Midlands (England)","Staffordshire CC","60","60","30790","28060"
"In post","2022","Declared non-disabled","Black","West Midlands (England)","Stoke-on-Trent","15","15","[c]","[c]"
"In post","2022","Declared non-disabled","Black","West Midlands (England)","Telford and Wrekin","15","15","[c]","[c]"
"In post","2022","Declared non-disabled","Black","West Midlands (England)","Walsall","35","30","28040","27570"
"In post","2022","Declared non-disabled","Black","West Midlands (England)","Warwickshire CC","30","25","[c]","[c]"
"In post","2022","Declared non-disabled","Black","West Midlands (England)","Wolverhampton","60","55","25750","24830"
"In post","2022","Declared non-disabled","Black","West Midlands (England)","Worcestershire CC","25","25","[c]","[c]"
"In post","2022","Declared non-disabled","Black","Yorkshire and The Humber","Barnsley, Doncaster and Rotherham","10","10","[c]","[c]"
"In post","2022","Declared non-disabled","Black","Yorkshire and The Humber","Bradford","30","25","[c]","[c]"
"In post","2022","Declared non-disabled","Black","Yorkshire and The Humber","Calderdale and Kirklees","25","20","[c]","[c]"
"In post","2022","Declared non-disabled","Black","Yorkshire and The Humber","East Riding of Yorkshire","5","5","[c]","[c]"
"In post","2022","Declared non-disabled","Black","Yorkshire and The Humber","Kingston upon Hull, City of","10","10","[c]","[c]"
"In post","2022","Declared non-disabled","Black","Yorkshire and The Humber","Leeds","240","230","30200","27570"
"In post","2022","Declared non-disabled","Black","Yorkshire and The Humber","North and North East Lincolnshire","[c]","[c]","[c]","[c]"
"In post","2022","Declared non-disabled","Black","Yorkshire and The Humber","North Yorkshire CC","[c]","[c]","[c]","[c]"
"In post","2022","Declared non-disabled","Black","Yorkshire and The Humber","Sheffield","115","110","27480","25110"
"In post","2022","Declared non-disabled","Black","Yorkshire and The Humber","Wakefield","25","25","[c]","[c]"
"In post","2022","Declared non-disabled","Black","Yorkshire and The Humber","York","15","15","[c]","[c]"
"In post","2022","Declared non-disabled","Mixed","East Midlands (England)","Derby","20","20","[c]","[c]"
"In post","2022","Declared non-disabled","Mixed","East Midlands (England)","East Derbyshire","[c]","[c]","[c]","[c]"
"In post","2022","Declared non-disabled","Mixed","East Midlands (England)","Leicester","45","40","27470","24030"
"In post","2022","Declared non-disabled","Mixed","East Midlands (England)","Leicestershire CC and Rutland","20","20","[c]","[c]"
"In post","2022","Declared non-disabled","Mixed","East Midlands (England)","Lincolnshire CC","25","25","[c]","[c]"
"In post","2022","Declared non-disabled","Mixed","East Midlands (England)","North Northamptonshire","[c]","[c]","[c]","[c]"
"In post","2022","Declared non-disabled","Mixed","East Midlands (England)","North Nottinghamshire","5","5","[c]","[c]"
"In post","2022","Declared non-disabled","Mixed","East Midlands (England)","Nottingham","125","120","32170","27130"
"In post","2022","Declared non-disabled","Mixed","East Midlands (England)","South and West Derbyshire","15","15","[c]","[c]"
"In post","2022","Declared non-disabled","Mixed","East Midlands (England)","South Nottinghamshire","15","15","[c]","[c]"
"In post","2022","Declared non-disabled","Mixed","East Midlands (England)","West Northamptonshire","15","10","[c]","[c]"
"In post","2022","Declared non-disabled","Mixed","East of England","Bedford","15","15","[c]","[c]"
"In post","2022","Declared non-disabled","Mixed","East of England","Breckland and South Norfolk","[c]","[c]","[c]","[c]"
"In post","2022","Declared non-disabled","Mixed","East of England","Cambridgeshire CC","35","35","33240","29120"
"In post","2022","Declared non-disabled","Mixed","East of England","Central Bedfordshire","[c]","[c]","[c]","[c]"
"In post","2022","Declared non-disabled","Mixed","East of England","Essex Haven Gateway","15","15","[c]","[c]"
"In post","2022","Declared non-disabled","Mixed","East of England","Essex Thames Gateway","15","15","[c]","[c]"
"In post","2022","Declared non-disabled","Mixed","East of England","Heart of Essex","20","20","[c]","[c]"
"In post","2022","Declared non-disabled","Mixed","East of England","Hertfordshire CC","55","50","32970","29290"
"In post","2022","Declared non-disabled","Mixed","East of England","Luton","20","20","[c]","[c]"
"In post","2022","Declared non-disabled","Mixed","East of England","North and West Norfolk","10","10","[c]","[c]"
"In post","2022","Declared non-disabled","Mixed","East of England","Norwich and East Norfolk","20","20","[c]","[c]"
"In post","2022","Declared non-disabled","Mixed","East of England","Peterborough","25","25","[c]","[c]"
"In post","2022","Declared non-disabled","Mixed","East of England","Southend-on-Sea","10","10","[c]","[c]"
"In post","2022","Declared non-disabled","Mixed","East of England","Suffolk CC","55","55","31310","27570"
"In post","2022","Declared non-disabled","Mixed","East of England","Thurrock","[c]","[c]","[c]","[c]"
"In post","2022","Declared non-disabled","Mixed","East of England","West Essex","10","10","[c]","[c]"
"In post","2022","Declared non-disabled","Mixed","London","Barking & Dagenham and Havering","15","15","[c]","[c]"
"In post","2022","Declared non-disabled","Mixed","London","Barnet","65","60","34800","31060"
"In post","2022","Declared non-disabled","Mixed","London","Bexley and Greenwich","35","35","33260","31790"
"In post","2022","Declared non-disabled","Mixed","London","Brent","20","15","[c]","[c]"
"In post","2022","Declared non-disabled","Mixed","London","Bromley","15","15","[c]","[c]"
"In post","2022","Declared non-disabled","Mixed","London","Camden and City of London","50","50","40320","30610"
"In post","2022","Declared non-disabled","Mixed","London","Croydon","285","270","38510","35070"
"In post","2022","Declared non-disabled","Mixed","London","Ealing","15","15","[c]","[c]"
"In post","2022","Declared non-disabled","Mixed","London","Enfield","5","5","[c]","[c]"
"In post","2022","Declared non-disabled","Mixed","London","Hackney and Newham","115","110","38440","32880"
"In post","2022","Declared non-disabled","Mixed","London","Haringey and Islington","60","60","32920","31060"
"In post","2022","Declared non-disabled","Mixed","London","Harrow and Hillingdon","50","45","30680","29410"
"In post","2022","Declared non-disabled","Mixed","London","Hounslow and Richmond upon Thames","75","70","30830","29080"
"In post","2022","Declared non-disabled","Mixed","London","Kensington & Chelsea and Hammersmith & Fulham","40","40","32180","31060"
"In post","2022","Declared non-disabled","Mixed","London","Lambeth","80","80","37840","31880"
"In post","2022","Declared non-disabled","Mixed","London","Lewisham and Southwark","45","45","34110","31060"
"In post","2022","Declared non-disabled","Mixed","London","Merton, Kingston upon Thames and Sutton","15","15","[c]","[c]"
"In post","2022","Declared non-disabled","Mixed","London","Redbridge and Waltham Forest","25","25","[c]","[c]"
"In post","2022","Declared non-disabled","Mixed","London","Tower Hamlets","150","145","45480","41750"
"In post","2022","Declared non-disabled","Mixed","London","Wandsworth","35","30","32570","31060"
"In post","2022","Declared non-disabled","Mixed","London","Westminster","1425","1390","46160","41950"
"In post","2022","Declared non-disabled","Mixed","North East (England)","Darlington","10","5","[c]","[c]"
"In post","2022","Declared non-disabled","Mixed","North East (England)","Durham","35","30","29470","26610"
"In post","2022","Declared non-disabled","Mixed","North East (England)","Hartlepool and Stockton-on-Tees","10","10","[c]","[c]"
"In post","2022","Declared non-disabled","Mixed","North East (England)","Northumberland","[c]","[c]","[c]","[c]"
"In post","2022","Declared non-disabled","Mixed","North East (England)","South Teesside","10","10","[c]","[c]"
"In post","2022","Declared non-disabled","Mixed","North East (England)","Sunderland","10","10","[c]","[c]"
"In post","2022","Declared non-disabled","Mixed","North East (England)","Tyneside","110","105","29800","26820"
"In post","2022","Declared non-disabled","Mixed","North West (England)","Blackburn with Darwen","[c]","[c]","[c]","[c]"
"In post","2022","Declared non-disabled","Mixed","North West (England)","Blackpool","30","25","[c]","[c]"
"In post","2022","Declared non-disabled","Mixed","North West (England)","Cheshire East","20","20","[c]","[c]"
"In post","2022","Declared non-disabled","Mixed","North West (England)","Cheshire West and Chester","[c]","[c]","[c]","[c]"
"In post","2022","Declared non-disabled","Mixed","North West (England)","Chorley and West Lancashire","15","15","[c]","[c]"
"In post","2022","Declared non-disabled","Mixed","North West (England)","East Cumbria","5","5","[c]","[c]"
"In post","2022","Declared non-disabled","Mixed","North West (England)","East Lancashire","[c]","[c]","[c]","[c]"
"In post","2022","Declared non-disabled","Mixed","North West (England)","East Merseyside","[c]","[c]","[c]","[c]"
"In post","2022","Declared non-disabled","Mixed","North West (England)","Greater Manchester North East","20","15","[c]","[c]"
"In post","2022","Declared non-disabled","Mixed","North West (England)","Greater Manchester North West","15","15","[c]","[c]"
"In post","2022","Declared non-disabled","Mixed","North West (England)","Greater Manchester South East","10","10","[c]","[c]"
"In post","2022","Declared non-disabled","Mixed","North West (England)","Greater Manchester South West","90","90","31630","27570"
"In post","2022","Declared non-disabled","Mixed","North West (England)","Lancaster and Wyre","10","5","[c]","[c]"
"In post","2022","Declared non-disabled","Mixed","North West (England)","Liverpool","130","120","29350","25400"
"In post","2022","Declared non-disabled","Mixed","North West (England)","Manchester","145","140","33920","27570"
"In post","2022","Declared non-disabled","Mixed","North West (England)","Mid Lancashire","40","40","29770","24620"
"In post","2022","Declared non-disabled","Mixed","North West (England)","Sefton","50","50","34090","27570"
"In post","2022","Declared non-disabled","Mixed","North West (England)","Warrington","15","10","[c]","[c]"
"In post","2022","Declared non-disabled","Mixed","North West (England)","West Cumbria","5","5","[c]","[c]"
"In post","2022","Declared non-disabled","Mixed","North West (England)","Wirral","10","10","[c]","[c]"
"In post","2022","Declared non-disabled","Mixed","Northern Ireland","Antrim and Newtownabbey","[c]","[c]","[c]","[c]"
"In post","2022","Declared non-disabled","Mixed","Northern Ireland","Ards and North Down","[c]","[c]","[c]","[c]"
"In post","2022","Declared non-disabled","Mixed","Northern Ireland","Armagh City, Banbridge and Craigavon","[c]","[c]","[c]","[c]"
"In post","2022","Declared non-disabled","Mixed","Northern Ireland","Belfast","15","15","[c]","[c]"
"In post","2022","Declared non-disabled","Mixed","Northern Ireland","Causeway Coast and Glens","[c]","[c]","[c]","[c]"
"In post","2022","Declared non-disabled","Mixed","Northern Ireland","Derry City and Strabane","[c]","[c]","[c]","[c]"
"In post","2022","Declared non-disabled","Mixed","Northern Ireland","Fermanagh and Omagh","[c]","[c]","[c]","[c]"
"In post","2022","Declared non-disabled","Mixed","Northern Ireland","Lisburn and Castlereagh","[c]","[c]","[c]","[c]"
"In post","2022","Declared non-disabled","Mixed","Northern Ireland","Mid and East Antrim","[c]","[c]","[c]","[c]"
"In post","2022","Declared non-disabled","Mixed","Northern Ireland","Mid Ulster","[c]","[c]","[c]","[c]"
"In post","2022","Declared non-disabled","Mixed","Northern Ireland","Newry, Mourne and Down","[c]","[c]","[c]","[c]"
"In post","2022","Declared non-disabled","Mixed","Overseas","Overseas","85","85","49450","49370"
"In post","2022","Declared non-disabled","Mixed","Scotland","Aberdeen City and Aberdeenshire","10","10","[c]","[c]"
"In post","2022","Declared non-disabled","Mixed","Scotland","Angus and Dundee City","10","10","[c]","[c]"
"In post","2022","Declared non-disabled","Mixed","Scotland","Caithness and Sutherland, and Ross and Cromarty","[c]","[c]","[c]","[c]"
"In post","2022","Declared non-disabled","Mixed","Scotland","City of Edinburgh","80","75","39420","33070"
"In post","2022","Declared non-disabled","Mixed","Scotland","Clackmannanshire and Fife","[c]","[c]","[c]","[c]"
"In post","2022","Declared non-disabled","Mixed","Scotland","Dumfries and Galloway","[c]","[c]","[c]","[c]"
"In post","2022","Declared non-disabled","Mixed","Scotland","East Ayrshire and North Ayrshire mainland","[c]","[c]","[c]","[c]"
"In post","2022","Declared non-disabled","Mixed","Scotland","East Dunbartonshire, West Dunbartonshire, and Helensburgh and Lomond","10","10","[c]","[c]"
"In post","2022","Declared non-disabled","Mixed","Scotland","East Lothian and Midlothian","[c]","[c]","[c]","[c]"
"In post","2022","Declared non-disabled","Mixed","Scotland","Falkirk","10","10","[c]","[c]"
"In post","2022","Declared non-disabled","Mixed","Scotland","Glasgow City","70","70","33720","30950"
"In post","2022","Declared non-disabled","Mixed","Scotland","Inverclyde, East Renfrewshire, and Renfrewshire","5","5","[c]","[c]"
"In post","2022","Declared non-disabled","Mixed","Scotland","Inverness and Nairn, Moray, and Badenoch and Strathspey","[c]","[c]","[c]","[c]"
"In post","2022","Declared non-disabled","Mixed","Scotland","Lochaber, Skye and Lochalsh, Arran and Cumbrae, and Argyll and Bute","[c]","[c]","[c]","[c]"
"In post","2022","Declared non-disabled","Mixed","Scotland","Na h-Eileanan Siar","[c]","[c]","[c]","[c]"
"In post","2022","Declared non-disabled","Mixed","Scotland","North Lanarkshire","10","5","[c]","[c]"
"In post","2022","Declared non-disabled","Mixed","Scotland","Orkney Islands","[c]","[c]","[c]","[c]"
"In post","2022","Declared non-disabled","Mixed","Scotland","Perth and Kinross, and Stirling","[c]","[c]","[c]","[c]"
"In post","2022","Declared non-disabled","Mixed","Scotland","Scottish Borders","[c]","[c]","[c]","[c]"
"In post","2022","Declared non-disabled","Mixed","Scotland","Shetland Islands","[c]","[c]","[c]","[c]"
"In post","2022","Declared non-disabled","Mixed","Scotland","South Ayrshire","[c]","[c]","[c]","[c]"
"In post","2022","Declared non-disabled","Mixed","Scotland","South Lanarkshire","10","10","[c]","[c]"
"In post","2022","Declared non-disabled","Mixed","Scotland","West Lothian","[c]","[c]","[c]","[c]"
"In post","2022","Declared non-disabled","Mixed","South East (England)","Berkshire","30","30","34270","29290"
"In post","2022","Declared non-disabled","Mixed","South East (England)","Brighton and Hove","15","10","[c]","[c]"
"In post","2022","Declared non-disabled","Mixed","South East (England)","Buckinghamshire","25","25","[c]","[c]"
"In post","2022","Declared non-disabled","Mixed","South East (England)","Central Hampshire","55","50","37950","33300"
"In post","2022","Declared non-disabled","Mixed","South East (England)","East Kent","40","40","28670","27330"
"In post","2022","Declared non-disabled","Mixed","South East (England)","East Surrey","35","35","32020","32280"
"In post","2022","Declared non-disabled","Mixed","South East (England)","East Sussex CC","40","35","27000","26140"
"In post","2022","Declared non-disabled","Mixed","South East (England)","Isle of Wight","5","5","[c]","[c]"
"In post","2022","Declared non-disabled","Mixed","South East (England)","Kent Thames Gateway","25","25","[c]","[c]"
"In post","2022","Declared non-disabled","Mixed","South East (England)","Medway","10","10","[c]","[c]"
"In post","2022","Declared non-disabled","Mixed","South East (England)","Mid Kent","15","15","[c]","[c]"
"In post","2022","Declared non-disabled","Mixed","South East (England)","Milton Keynes","45","45","29000","27380"
"In post","2022","Declared non-disabled","Mixed","South East (England)","North Hampshire","10","10","[c]","[c]"
"In post","2022","Declared non-disabled","Mixed","South East (England)","Oxfordshire CC","20","20","[c]","[c]"
"In post","2022","Declared non-disabled","Mixed","South East (England)","Portsmouth","35","30","32140","26670"
"In post","2022","Declared non-disabled","Mixed","South East (England)","South Hampshire","30","30","35110","33210"
"In post","2022","Declared non-disabled","Mixed","South East (England)","Southampton","20","20","[c]","[c]"
"In post","2022","Declared non-disabled","Mixed","South East (England)","West Kent","[c]","[c]","[c]","[c]"
"In post","2022","Declared non-disabled","Mixed","South East (England)","West Surrey","55","50","33710","30700"
"In post","2022","Declared non-disabled","Mixed","South East (England)","West Sussex (North East)","20","20","[c]","[c]"
"In post","2022","Declared non-disabled","Mixed","South East (England)","West Sussex (South West)","5","5","[c]","[c]"
"In post","2022","Declared non-disabled","Mixed","South West (England)","Bath and North East Somerset, North Somerset and South Gloucestershire","165","155","35590","32710"
"In post","2022","Declared non-disabled","Mixed","South West (England)","Bournemouth, Christchurch and Poole","10","10","[c]","[c]"
"In post","2022","Declared non-disabled","Mixed","South West (England)","Bristol, City of","100","95","33630","29880"
"In post","2022","Declared non-disabled","Mixed","South West (England)","Cornwall and Isles of Scilly","15","15","[c]","[c]"
"In post","2022","Declared non-disabled","Mixed","South West (England)","Devon CC","60","55","33540","31990"
"In post","2022","Declared non-disabled","Mixed","South West (England)","Dorset","10","10","[c]","[c]"
"In post","2022","Declared non-disabled","Mixed","South West (England)","Gloucestershire CC","15","15","[c]","[c]"
"In post","2022","Declared non-disabled","Mixed","South West (England)","Plymouth","20","15","[c]","[c]"
"In post","2022","Declared non-disabled","Mixed","South West (England)","Somerset CC","10","10","[c]","[c]"
"In post","2022","Declared non-disabled","Mixed","South West (England)","Swindon","[c]","[c]","[c]","[c]"
"In post","2022","Declared non-disabled","Mixed","South West (England)","Torbay","[c]","[c]","[c]","[c]"
"In post","2022","Declared non-disabled","Mixed","South West (England)","Wiltshire","85","80","33120","29230"
"In post","2022","Declared non-disabled","Mixed","Unknown","Unknown","20","20","[c]","[c]"
"In post","2022","Declared non-disabled","Mixed","Wales","Bridgend and Neath Port Talbot","[c]","[c]","[c]","[c]"
"In post","2022","Declared non-disabled","Mixed","Wales","Cardiff and Vale of Glamorgan","135","130","34440","31990"
"In post","2022","Declared non-disabled","Mixed","Wales","Central Valleys","20","20","[c]","[c]"
"In post","2022","Declared non-disabled","Mixed","Wales","Conwy and Denbighshire","[c]","[c]","[c]","[c]"
"In post","2022","Declared non-disabled","Mixed","Wales","Flintshire and Wrexham","15","10","[c]","[c]"
"In post","2022","Declared non-disabled","Mixed","Wales","Gwent Valleys","5","5","[c]","[c]"
"In post","2022","Declared non-disabled","Mixed","Wales","Gwynedd","5","5","[c]","[c]"
"In post","2022","Declared non-disabled","Mixed","Wales","Isle of Anglesey","[c]","[c]","[c]","[c]"
"In post","2022","Declared non-disabled","Mixed","Wales","Monmouthshire and Newport","50","45","34490","30710"
"In post","2022","Declared non-disabled","Mixed","Wales","Powys","5","5","[c]","[c]"
"In post","2022","Declared non-disabled","Mixed","Wales","South West Wales","5","5","[c]","[c]"
"In post","2022","Declared non-disabled","Mixed","Wales","Swansea","55","50","26660","23740"
"In post","2022","Declared non-disabled","Mixed","West Midlands (England)","Birmingham","230","220","29890","27570"
"In post","2022","Declared non-disabled","Mixed","West Midlands (England)","Coventry","35","30","31780","29360"
"In post","2022","Declared non-disabled","Mixed","West Midlands (England)","Dudley","15","15","[c]","[c]"
"In post","2022","Declared non-disabled","Mixed","West Midlands (England)","Herefordshire, County of","[c]","[c]","[c]","[c]"
"In post","2022","Declared non-disabled","Mixed","West Midlands (England)","Sandwell","15","15","[c]","[c]"
"In post","2022","Declared non-disabled","Mixed","West Midlands (England)","Shropshire","10","10","[c]","[c]"
"In post","2022","Declared non-disabled","Mixed","West Midlands (England)","Solihull","15","15","[c]","[c]"
"In post","2022","Declared non-disabled","Mixed","West Midlands (England)","Staffordshire CC","50","50","32770","27340"
"In post","2022","Declared non-disabled","Mixed","West Midlands (England)","Stoke-on-Trent","10","10","[c]","[c]"
"In post","2022","Declared non-disabled","Mixed","West Midlands (England)","Telford and Wrekin","25","20","[c]","[c]"
"In post","2022","Declared non-disabled","Mixed","West Midlands (England)","Walsall","10","10","[c]","[c]"
"In post","2022","Declared non-disabled","Mixed","West Midlands (England)","Warwickshire CC","10","10","[c]","[c]"
"In post","2022","Declared non-disabled","Mixed","West Midlands (England)","Wolverhampton","20","20","[c]","[c]"
"In post","2022","Declared non-disabled","Mixed","West Midlands (England)","Worcestershire CC","30","30","26140","24960"
"In post","2022","Declared non-disabled","Mixed","Yorkshire and The Humber","Barnsley, Doncaster and Rotherham","20","20","[c]","[c]"
"In post","2022","Declared non-disabled","Mixed","Yorkshire and The Humber","Bradford","25","25","[c]","[c]"
"In post","2022","Declared non-disabled","Mixed","Yorkshire and The Humber","Calderdale and Kirklees","15","15","[c]","[c]"
"In post","2022","Declared non-disabled","Mixed","Yorkshire and The Humber","East Riding of Yorkshire","10","10","[c]","[c]"
"In post","2022","Declared non-disabled","Mixed","Yorkshire and The Humber","Kingston upon Hull, City of","15","15","[c]","[c]"
"In post","2022","Declared non-disabled","Mixed","Yorkshire and The Humber","Leeds","175","170","33540","29550"
"In post","2022","Declared non-disabled","Mixed","Yorkshire and The Humber","North and North East Lincolnshire","5","5","[c]","[c]"
"In post","2022","Declared non-disabled","Mixed","Yorkshire and The Humber","North Yorkshire CC","10","10","[c]","[c]"
"In post","2022","Declared non-disabled","Mixed","Yorkshire and The Humber","Sheffield","85","80","32060","27570"
"In post","2022","Declared non-disabled","Mixed","Yorkshire and The Humber","Wakefield","15","15","[c]","[c]"
"In post","2022","Declared non-disabled","Mixed","Yorkshire and The Humber","York","25","25","[c]","[c]"
"In post","2022","Declared non-disabled","Other ethnicity","East Midlands (England)","Derby","[c]","[c]","[c]","[c]"
"In post","2022","Declared non-disabled","Other ethnicity","East Midlands (England)","East Derbyshire","[c]","[c]","[c]","[c]"
"In post","2022","Declared non-disabled","Other ethnicity","East Midlands (England)","Leicester","10","10","[c]","[c]"
"In post","2022","Declared non-disabled","Other ethnicity","East Midlands (England)","Leicestershire CC and Rutland","[c]","[c]","[c]","[c]"
"In post","2022","Declared non-disabled","Other ethnicity","East Midlands (England)","Lincolnshire CC","5","5","[c]","[c]"
"In post","2022","Declared non-disabled","Other ethnicity","East Midlands (England)","North Northamptonshire","[c]","[c]","[c]","[c]"
"In post","2022","Declared non-disabled","Other ethnicity","East Midlands (England)","North Nottinghamshire","[c]","[c]","[c]","[c]"
"In post","2022","Declared non-disabled","Other ethnicity","East Midlands (England)","Nottingham","20","20","[c]","[c]"
"In post","2022","Declared non-disabled","Other ethnicity","East Midlands (England)","South and West Derbyshire","[c]","[c]","[c]","[c]"
"In post","2022","Declared non-disabled","Other ethnicity","East Midlands (England)","South Nottinghamshire","[c]","[c]","[c]","[c]"
"In post","2022","Declared non-disabled","Other ethnicity","East Midlands (England)","West Northamptonshire","[c]","[c]","[c]","[c]"
"In post","2022","Declared non-disabled","Other ethnicity","East of England","Bedford","[c]","[c]","[c]","[c]"
"In post","2022","Declared non-disabled","Other ethnicity","East of England","Breckland and South Norfolk","[c]","[c]","[c]","[c]"
"In post","2022","Declared non-disabled","Other ethnicity","East of England","Cambridgeshire CC","5","5","[c]","[c]"
"In post","2022","Declared non-disabled","Other ethnicity","East of England","Central Bedfordshire","[c]","[c]","[c]","[c]"
"In post","2022","Declared non-disabled","Other ethnicity","East of England","Essex Haven Gateway","[c]","[c]","[c]","[c]"
"In post","2022","Declared non-disabled","Other ethnicity","East of England","Essex Thames Gateway","10","10","[c]","[c]"
"In post","2022","Declared non-disabled","Other ethnicity","East of England","Heart of Essex","5","5","[c]","[c]"
"In post","2022","Declared non-disabled","Other ethnicity","East of England","Hertfordshire CC","15","10","[c]","[c]"
"In post","2022","Declared non-disabled","Other ethnicity","East of England","Luton","[c]","[c]","[c]","[c]"
"In post","2022","Declared non-disabled","Other ethnicity","East of England","North and West Norfolk","[c]","[c]","[c]","[c]"
"In post","2022","Declared non-disabled","Other ethnicity","East of England","Norwich and East Norfolk","5","5","[c]","[c]"
"In post","2022","Declared non-disabled","Other ethnicity","East of England","Peterborough","[c]","[c]","[c]","[c]"
"In post","2022","Declared non-disabled","Other ethnicity","East of England","Southend-on-Sea","[c]","[c]","[c]","[c]"
"In post","2022","Declared non-disabled","Other ethnicity","East of England","Suffolk CC","15","15","[c]","[c]"
"In post","2022","Declared non-disabled","Other ethnicity","East of England","Thurrock","[c]","[c]","[c]","[c]"
"In post","2022","Declared non-disabled","Other ethnicity","East of England","West Essex","5","5","[c]","[c]"
"In post","2022","Declared non-disabled","Other ethnicity","London","Barking & Dagenham and Havering","10","10","[c]","[c]"
"In post","2022","Declared non-disabled","Other ethnicity","London","Barnet","25","25","[c]","[c]"
"In post","2022","Declared non-disabled","Other ethnicity","London","Bexley and Greenwich","15","15","[c]","[c]"
"In post","2022","Declared non-disabled","Other ethnicity","London","Brent","5","5","[c]","[c]"
"In post","2022","Declared non-disabled","Other ethnicity","London","Bromley","5","5","[c]","[c]"
"In post","2022","Declared non-disabled","Other ethnicity","London","Camden and City of London","25","25","[c]","[c]"
"In post","2022","Declared non-disabled","Other ethnicity","London","Croydon","85","80","34950","30750"
"In post","2022","Declared non-disabled","Other ethnicity","London","Ealing","5","5","[c]","[c]"
"In post","2022","Declared non-disabled","Other ethnicity","London","Enfield","10","10","[c]","[c]"
"In post","2022","Declared non-disabled","Other ethnicity","London","Hackney and Newham","65","60","40600","37610"
"In post","2022","Declared non-disabled","Other ethnicity","London","Haringey and Islington","35","30","31810","31060"
"In post","2022","Declared non-disabled","Other ethnicity","London","Harrow and Hillingdon","35","30","29760","29850"
"In post","2022","Declared non-disabled","Other ethnicity","London","Hounslow and Richmond upon Thames","35","35","33980","31470"
"In post","2022","Declared non-disabled","Other ethnicity","London","Kensington & Chelsea and Hammersmith & Fulham","15","10","[c]","[c]"
"In post","2022","Declared non-disabled","Other ethnicity","London","Lambeth","35","30","41030","35000"
"In post","2022","Declared non-disabled","Other ethnicity","London","Lewisham and Southwark","15","15","[c]","[c]"
"In post","2022","Declared non-disabled","Other ethnicity","London","Merton, Kingston upon Thames and Sutton","5","5","[c]","[c]"
"In post","2022","Declared non-disabled","Other ethnicity","London","Redbridge and Waltham Forest","15","15","[c]","[c]"
"In post","2022","Declared non-disabled","Other ethnicity","London","Tower Hamlets","60","60","48820","47590"
"In post","2022","Declared non-disabled","Other ethnicity","London","Wandsworth","15","10","[c]","[c]"
"In post","2022","Declared non-disabled","Other ethnicity","London","Westminster","430","415","45150","40600"
"In post","2022","Declared non-disabled","Other ethnicity","North East (England)","Darlington","5","5","[c]","[c]"
"In post","2022","Declared non-disabled","Other ethnicity","North East (England)","Durham","5","5","[c]","[c]"
"In post","2022","Declared non-disabled","Other ethnicity","North East (England)","Hartlepool and Stockton-on-Tees","[c]","[c]","[c]","[c]"
"In post","2022","Declared non-disabled","Other ethnicity","North East (England)","Northumberland","[c]","[c]","[c]","[c]"
"In post","2022","Declared non-disabled","Other ethnicity","North East (England)","South Teesside","[c]","[c]","[c]","[c]"
"In post","2022","Declared non-disabled","Other ethnicity","North East (England)","Sunderland","[c]","[c]","[c]","[c]"
"In post","2022","Declared non-disabled","Other ethnicity","North East (England)","Tyneside","20","20","[c]","[c]"
"In post","2022","Declared non-disabled","Other ethnicity","North West (England)","Blackburn with Darwen","[c]","[c]","[c]","[c]"
"In post","2022","Declared non-disabled","Other ethnicity","North West (England)","Blackpool","5","5","[c]","[c]"
"In post","2022","Declared non-disabled","Other ethnicity","North West (England)","Cheshire East","[c]","[c]","[c]","[c]"
"In post","2022","Declared non-disabled","Other ethnicity","North West (England)","Cheshire West and Chester","[c]","[c]","[c]","[c]"
"In post","2022","Declared non-disabled","Other ethnicity","North West (England)","Chorley and West Lancashire","[c]","[c]","[c]","[c]"
"In post","2022","Declared non-disabled","Other ethnicity","North West (England)","East Cumbria","[c]","[c]","[c]","[c]"
"In post","2022","Declared non-disabled","Other ethnicity","North West (England)","East Lancashire","[c]","[c]","[c]","[c]"
"In post","2022","Declared non-disabled","Other ethnicity","North West (England)","East Merseyside","[c]","[c]","[c]","[c]"
"In post","2022","Declared non-disabled","Other ethnicity","North West (England)","Greater Manchester North East","[c]","[c]","[c]","[c]"
"In post","2022","Declared non-disabled","Other ethnicity","North West (England)","Greater Manchester North West","[c]","[c]","[c]","[c]"
"In post","2022","Declared non-disabled","Other ethnicity","North West (England)","Greater Manchester South East","5","5","[c]","[c]"
"In post","2022","Declared non-disabled","Other ethnicity","North West (England)","Greater Manchester South West","15","15","[c]","[c]"
"In post","2022","Declared non-disabled","Other ethnicity","North West (England)","Lancaster and Wyre","[c]","[c]","[c]","[c]"
"In post","2022","Declared non-disabled","Other ethnicity","North West (England)","Liverpool","20","20","[c]","[c]"
"In post","2022","Declared non-disabled","Other ethnicity","North West (England)","Manchester","40","40","30920","26880"
"In post","2022","Declared non-disabled","Other ethnicity","North West (England)","Mid Lancashire","5","5","[c]","[c]"
"In post","2022","Declared non-disabled","Other ethnicity","North West (England)","Sefton","5","5","[c]","[c]"
"In post","2022","Declared non-disabled","Other ethnicity","North West (England)","Warrington","5","5","[c]","[c]"
"In post","2022","Declared non-disabled","Other ethnicity","North West (England)","West Cumbria","[c]","[c]","[c]","[c]"
"In post","2022","Declared non-disabled","Other ethnicity","North West (England)","Wirral","[c]","[c]","[c]","[c]"
"In post","2022","Declared non-disabled","Other ethnicity","Northern Ireland","Antrim and Newtownabbey","[c]","[c]","[c]","[c]"
"In post","2022","Declared non-disabled","Other ethnicity","Northern Ireland","Ards and North Down","[c]","[c]","[c]","[c]"
"In post","2022","Declared non-disabled","Other ethnicity","Northern Ireland","Armagh City, Banbridge and Craigavon","[c]","[c]","[c]","[c]"
"In post","2022","Declared non-disabled","Other ethnicity","Northern Ireland","Belfast","[c]","[c]","[c]","[c]"
"In post","2022","Declared non-disabled","Other ethnicity","Northern Ireland","Causeway Coast and Glens","[c]","[c]","[c]","[c]"
"In post","2022","Declared non-disabled","Other ethnicity","Northern Ireland","Derry City and Strabane","[c]","[c]","[c]","[c]"
"In post","2022","Declared non-disabled","Other ethnicity","Northern Ireland","Fermanagh and Omagh","[c]","[c]","[c]","[c]"
"In post","2022","Declared non-disabled","Other ethnicity","Northern Ireland","Lisburn and Castlereagh","[c]","[c]","[c]","[c]"
"In post","2022","Declared non-disabled","Other ethnicity","Northern Ireland","Mid and East Antrim","[c]","[c]","[c]","[c]"
"In post","2022","Declared non-disabled","Other ethnicity","Northern Ireland","Mid Ulster","[c]","[c]","[c]","[c]"
"In post","2022","Declared non-disabled","Other ethnicity","Northern Ireland","Newry, Mourne and Down","[c]","[c]","[c]","[c]"
"In post","2022","Declared non-disabled","Other ethnicity","Overseas","Overseas","30","30","47480","41350"
"In post","2022","Declared non-disabled","Other ethnicity","Scotland","Aberdeen City and Aberdeenshire","10","10","[c]","[c]"
"In post","2022","Declared non-disabled","Other ethnicity","Scotland","Angus and Dundee City","[c]","[c]","[c]","[c]"
"In post","2022","Declared non-disabled","Other ethnicity","Scotland","Caithness and Sutherland, and Ross and Cromarty","[c]","[c]","[c]","[c]"
"In post","2022","Declared non-disabled","Other ethnicity","Scotland","City of Edinburgh","20","20","[c]","[c]"
"In post","2022","Declared non-disabled","Other ethnicity","Scotland","Clackmannanshire and Fife","[c]","[c]","[c]","[c]"
"In post","2022","Declared non-disabled","Other ethnicity","Scotland","Dumfries and Galloway","[c]","[c]","[c]","[c]"
"In post","2022","Declared non-disabled","Other ethnicity","Scotland","East Ayrshire and North Ayrshire mainland","[c]","[c]","[c]","[c]"
"In post","2022","Declared non-disabled","Other ethnicity","Scotland","East Dunbartonshire, West Dunbartonshire, and Helensburgh and Lomond","[c]","[c]","[c]","[c]"
"In post","2022","Declared non-disabled","Other ethnicity","Scotland","East Lothian and Midlothian","[c]","[c]","[c]","[c]"
"In post","2022","Declared non-disabled","Other ethnicity","Scotland","Falkirk","[c]","[c]","[c]","[c]"
"In post","2022","Declared non-disabled","Other ethnicity","Scotland","Glasgow City","30","25","[c]","[c]"
"In post","2022","Declared non-disabled","Other ethnicity","Scotland","Inverclyde, East Renfrewshire, and Renfrewshire","[c]","[c]","[c]","[c]"
"In post","2022","Declared non-disabled","Other ethnicity","Scotland","Inverness and Nairn, Moray, and Badenoch and Strathspey","[c]","[c]","[c]","[c]"
"In post","2022","Declared non-disabled","Other ethnicity","Scotland","Lochaber, Skye and Lochalsh, Arran and Cumbrae, and Argyll and Bute","[c]","[c]","[c]","[c]"
"In post","2022","Declared non-disabled","Other ethnicity","Scotland","Na h-Eileanan Siar","[c]","[c]","[c]","[c]"
"In post","2022","Declared non-disabled","Other ethnicity","Scotland","North Lanarkshire","[c]","[c]","[c]","[c]"
"In post","2022","Declared non-disabled","Other ethnicity","Scotland","Orkney Islands","[c]","[c]","[c]","[c]"
"In post","2022","Declared non-disabled","Other ethnicity","Scotland","Perth and Kinross, and Stirling","[c]","[c]","[c]","[c]"
"In post","2022","Declared non-disabled","Other ethnicity","Scotland","Scottish Borders","[c]","[c]","[c]","[c]"
"In post","2022","Declared non-disabled","Other ethnicity","Scotland","Shetland Islands","[c]","[c]","[c]","[c]"
"In post","2022","Declared non-disabled","Other ethnicity","Scotland","South Ayrshire","[c]","[c]","[c]","[c]"
"In post","2022","Declared non-disabled","Other ethnicity","Scotland","South Lanarkshire","[c]","[c]","[c]","[c]"
"In post","2022","Declared non-disabled","Other ethnicity","Scotland","West Lothian","[c]","[c]","[c]","[c]"
"In post","2022","Declared non-disabled","Other ethnicity","South East (England)","Berkshire","10","10","[c]","[c]"
"In post","2022","Declared non-disabled","Other ethnicity","South East (England)","Brighton and Hove","[c]","[c]","[c]","[c]"
"In post","2022","Declared non-disabled","Other ethnicity","South East (England)","Buckinghamshire","5","5","[c]","[c]"
"In post","2022","Declared non-disabled","Other ethnicity","South East (England)","Central Hampshire","5","5","[c]","[c]"
"In post","2022","Declared non-disabled","Other ethnicity","South East (England)","East Kent","10","10","[c]","[c]"
"In post","2022","Declared non-disabled","Other ethnicity","South East (England)","East Surrey","5","5","[c]","[c]"
"In post","2022","Declared non-disabled","Other ethnicity","South East (England)","East Sussex CC","5","5","[c]","[c]"
"In post","2022","Declared non-disabled","Other ethnicity","South East (England)","Isle of Wight","[c]","[c]","[c]","[c]"
"In post","2022","Declared non-disabled","Other ethnicity","South East (England)","Kent Thames Gateway","[c]","[c]","[c]","[c]"
"In post","2022","Declared non-disabled","Other ethnicity","South East (England)","Medway","[c]","[c]","[c]","[c]"
"In post","2022","Declared non-disabled","Other ethnicity","South East (England)","Mid Kent","[c]","[c]","[c]","[c]"
"In post","2022","Declared non-disabled","Other ethnicity","South East (England)","Milton Keynes","10","10","[c]","[c]"
"In post","2022","Declared non-disabled","Other ethnicity","South East (England)","North Hampshire","[c]","[c]","[c]","[c]"
"In post","2022","Declared non-disabled","Other ethnicity","South East (England)","Oxfordshire CC","10","10","[c]","[c]"
"In post","2022","Declared non-disabled","Other ethnicity","South East (England)","Portsmouth","[c]","[c]","[c]","[c]"
"In post","2022","Declared non-disabled","Other ethnicity","South East (England)","South Hampshire","[c]","[c]","[c]","[c]"
"In post","2022","Declared non-disabled","Other ethnicity","South East (England)","Southampton","15","15","[c]","[c]"
"In post","2022","Declared non-disabled","Other ethnicity","South East (England)","West Kent","[c]","[c]","[c]","[c]"
"In post","2022","Declared non-disabled","Other ethnicity","South East (England)","West Surrey","15","10","[c]","[c]"
"In post","2022","Declared non-disabled","Other ethnicity","South East (England)","West Sussex (North East)","10","10","[c]","[c]"
"In post","2022","Declared non-disabled","Other ethnicity","South East (England)","West Sussex (South West)","[c]","[c]","[c]","[c]"
"In post","2022","Declared non-disabled","Other ethnicity","South West (England)","Bath and North East Somerset, North Somerset and South Gloucestershire","30","30","33490","30420"
"In post","2022","Declared non-disabled","Other ethnicity","South West (England)","Bournemouth, Christchurch and Poole","[c]","[c]","[c]","[c]"
"In post","2022","Declared non-disabled","Other ethnicity","South West (England)","Bristol, City of","30","25","[c]","[c]"
"In post","2022","Declared non-disabled","Other ethnicity","South West (England)","Cornwall and Isles of Scilly","5","5","[c]","[c]"
"In post","2022","Declared non-disabled","Other ethnicity","South West (England)","Devon CC","25","25","[c]","[c]"
"In post","2022","Declared non-disabled","Other ethnicity","South West (England)","Dorset","5","5","[c]","[c]"
"In post","2022","Declared non-disabled","Other ethnicity","South West (England)","Gloucestershire CC","[c]","[c]","[c]","[c]"
"In post","2022","Declared non-disabled","Other ethnicity","South West (England)","Plymouth","[c]","[c]","[c]","[c]"
"In post","2022","Declared non-disabled","Other ethnicity","South West (England)","Somerset CC","[c]","[c]","[c]","[c]"
"In post","2022","Declared non-disabled","Other ethnicity","South West (England)","Swindon","[c]","[c]","[c]","[c]"
"In post","2022","Declared non-disabled","Other ethnicity","South West (England)","Torbay","[c]","[c]","[c]","[c]"
"In post","2022","Declared non-disabled","Other ethnicity","South West (England)","Wiltshire","15","15","[c]","[c]"
"In post","2022","Declared non-disabled","Other ethnicity","Unknown","Unknown","[c]","[c]","[c]","[c]"
"In post","2022","Declared non-disabled","Other ethnicity","Wales","Bridgend and Neath Port Talbot","[c]","[c]","[c]","[c]"
"In post","2022","Declared non-disabled","Other ethnicity","Wales","Cardiff and Vale of Glamorgan","50","45","33720","29430"
"In post","2022","Declared non-disabled","Other ethnicity","Wales","Central Valleys","5","5","[c]","[c]"
"In post","2022","Declared non-disabled","Other ethnicity","Wales","Conwy and Denbighshire","[c]","[c]","[c]","[c]"
"In post","2022","Declared non-disabled","Other ethnicity","Wales","Flintshire and Wrexham","[c]","[c]","[c]","[c]"
"In post","2022","Declared non-disabled","Other ethnicity","Wales","Gwent Valleys","[c]","[c]","[c]","[c]"
"In post","2022","Declared non-disabled","Other ethnicity","Wales","Gwynedd","[c]","[c]","[c]","[c]"
"In post","2022","Declared non-disabled","Other ethnicity","Wales","Isle of Anglesey","[c]","[c]","[c]","[c]"
"In post","2022","Declared non-disabled","Other ethnicity","Wales","Monmouthshire and Newport","5","5","[c]","[c]"
"In post","2022","Declared non-disabled","Other ethnicity","Wales","Powys","[c]","[c]","[c]","[c]"
"In post","2022","Declared non-disabled","Other ethnicity","Wales","South West Wales","[c]","[c]","[c]","[c]"
"In post","2022","Declared non-disabled","Other ethnicity","Wales","Swansea","10","10","[c]","[c]"
"In post","2022","Declared non-disabled","Other ethnicity","West Midlands (England)","Birmingham","80","75","31150","26120"
"In post","2022","Declared non-disabled","Other ethnicity","West Midlands (England)","Coventry","10","10","[c]","[c]"
"In post","2022","Declared non-disabled","Other ethnicity","West Midlands (England)","Dudley","[c]","[c]","[c]","[c]"
"In post","2022","Declared non-disabled","Other ethnicity","West Midlands (England)","Herefordshire, County of","[c]","[c]","[c]","[c]"
"In post","2022","Declared non-disabled","Other ethnicity","West Midlands (England)","Sandwell","[c]","[c]","[c]","[c]"
"In post","2022","Declared non-disabled","Other ethnicity","West Midlands (England)","Shropshire","[c]","[c]","[c]","[c]"
"In post","2022","Declared non-disabled","Other ethnicity","West Midlands (England)","Solihull","5","5","[c]","[c]"
"In post","2022","Declared non-disabled","Other ethnicity","West Midlands (England)","Staffordshire CC","5","5","[c]","[c]"
"In post","2022","Declared non-disabled","Other ethnicity","West Midlands (England)","Stoke-on-Trent","[c]","[c]","[c]","[c]"
"In post","2022","Declared non-disabled","Other ethnicity","West Midlands (England)","Telford and Wrekin","[c]","[c]","[c]","[c]"
"In post","2022","Declared non-disabled","Other ethnicity","West Midlands (England)","Walsall","[c]","[c]","[c]","[c]"
"In post","2022","Declared non-disabled","Other ethnicity","West Midlands (England)","Warwickshire CC","[c]","[c]","[c]","[c]"
"In post","2022","Declared non-disabled","Other ethnicity","West Midlands (England)","Wolverhampton","[c]","[c]","[c]","[c]"
"In post","2022","Declared non-disabled","Other ethnicity","West Midlands (England)","Worcestershire CC","5","5","[c]","[c]"
"In post","2022","Declared non-disabled","Other ethnicity","Yorkshire and The Humber","Barnsley, Doncaster and Rotherham","10","5","[c]","[c]"
"In post","2022","Declared non-disabled","Other ethnicity","Yorkshire and The Humber","Bradford","[c]","[c]","[c]","[c]"
"In post","2022","Declared non-disabled","Other ethnicity","Yorkshire and The Humber","Calderdale and Kirklees","[c]","[c]","[c]","[c]"
"In post","2022","Declared non-disabled","Other ethnicity","Yorkshire and The Humber","East Riding of Yorkshire","[c]","[c]","[c]","[c]"
"In post","2022","Declared non-disabled","Other ethnicity","Yorkshire and The Humber","Kingston upon Hull, City of","5","5","[c]","[c]"
"In post","2022","Declared non-disabled","Other ethnicity","Yorkshire and The Humber","Leeds","35","30","38460","33370"
"In post","2022","Declared non-disabled","Other ethnicity","Yorkshire and The Humber","North and North East Lincolnshire","[c]","[c]","[c]","[c]"
"In post","2022","Declared non-disabled","Other ethnicity","Yorkshire and The Humber","North Yorkshire CC","[c]","[c]","[c]","[c]"
"In post","2022","Declared non-disabled","Other ethnicity","Yorkshire and The Humber","Sheffield","25","20","[c]","[c]"
"In post","2022","Declared non-disabled","Other ethnicity","Yorkshire and The Humber","Wakefield","[c]","[c]","[c]","[c]"
"In post","2022","Declared non-disabled","Other ethnicity","Yorkshire and The Humber","York","[c]","[c]","[c]","[c]"
"In post","2022","Declared non-disabled","Undeclared","East Midlands (England)","Derby","25","20","[c]","[c]"
"In post","2022","Declared non-disabled","Undeclared","East Midlands (England)","East Derbyshire","10","10","[c]","[c]"
"In post","2022","Declared non-disabled","Undeclared","East Midlands (England)","Leicester","60","55","26840","26620"
"In post","2022","Declared non-disabled","Undeclared","East Midlands (England)","Leicestershire CC and Rutland","40","35","31480","27570"
"In post","2022","Declared non-disabled","Undeclared","East Midlands (England)","Lincolnshire CC","60","55","31100","28100"
"In post","2022","Declared non-disabled","Undeclared","East Midlands (England)","North Northamptonshire","20","20","[c]","[c]"
"In post","2022","Declared non-disabled","Undeclared","East Midlands (England)","North Nottinghamshire","15","15","[c]","[c]"
"In post","2022","Declared non-disabled","Undeclared","East Midlands (England)","Nottingham","115","105","30710","27570"
"In post","2022","Declared non-disabled","Undeclared","East Midlands (England)","South and West Derbyshire","25","25","[c]","[c]"
"In post","2022","Declared non-disabled","Undeclared","East Midlands (England)","South Nottinghamshire","20","15","[c]","[c]"
"In post","2022","Declared non-disabled","Undeclared","East Midlands (England)","West Northamptonshire","20","20","[c]","[c]"
"In post","2022","Declared non-disabled","Undeclared","East of England","Bedford","15","15","[c]","[c]"
"In post","2022","Declared non-disabled","Undeclared","East of England","Breckland and South Norfolk","5","5","[c]","[c]"
"In post","2022","Declared non-disabled","Undeclared","East of England","Cambridgeshire CC","80","75","32190","31900"
"In post","2022","Declared non-disabled","Undeclared","East of England","Central Bedfordshire","15","15","[c]","[c]"
"In post","2022","Declared non-disabled","Undeclared","East of England","Essex Haven Gateway","30","30","32940","29290"
"In post","2022","Declared non-disabled","Undeclared","East of England","Essex Thames Gateway","40","35","26740","25110"
"In post","2022","Declared non-disabled","Undeclared","East of England","Heart of Essex","15","15","[c]","[c]"
"In post","2022","Declared non-disabled","Undeclared","East of England","Hertfordshire CC","45","40","32970","30600"
"In post","2022","Declared non-disabled","Undeclared","East of England","Luton","20","15","[c]","[c]"
"In post","2022","Declared non-disabled","Undeclared","East of England","North and West Norfolk","15","10","[c]","[c]"
"In post","2022","Declared non-disabled","Undeclared","East of England","Norwich and East Norfolk","40","35","31020","27570"
"In post","2022","Declared non-disabled","Undeclared","East of England","Peterborough","40","35","27350","27130"
"In post","2022","Declared non-disabled","Undeclared","East of England","Southend-on-Sea","20","20","[c]","[c]"
"In post","2022","Declared non-disabled","Undeclared","East of England","Suffolk CC","70","60","28590","27570"
"In post","2022","Declared non-disabled","Undeclared","East of England","Thurrock","15","15","[c]","[c]"
"In post","2022","Declared non-disabled","Undeclared","East of England","West Essex","10","10","[c]","[c]"
"In post","2022","Declared non-disabled","Undeclared","London","Barking & Dagenham and Havering","25","20","[c]","[c]"
"In post","2022","Declared non-disabled","Undeclared","London","Barnet","30","30","36490","32330"
"In post","2022","Declared non-disabled","Undeclared","London","Bexley and Greenwich","40","35","33340","31060"
"In post","2022","Declared non-disabled","Undeclared","London","Brent","45","40","31870","30610"
"In post","2022","Declared non-disabled","Undeclared","London","Bromley","25","25","[c]","[c]"
"In post","2022","Declared non-disabled","Undeclared","London","Camden and City of London","50","50","33040","30550"
"In post","2022","Declared non-disabled","Undeclared","London","Croydon","235","225","38500","35050"
"In post","2022","Declared non-disabled","Undeclared","London","Ealing","20","20","[c]","[c]"
"In post","2022","Declared non-disabled","Undeclared","London","Enfield","25","20","[c]","[c]"
"In post","2022","Declared non-disabled","Undeclared","London","Hackney and Newham","160","145","33330","31060"
"In post","2022","Declared non-disabled","Undeclared","London","Haringey and Islington","45","40","30430","31060"
"In post","2022","Declared non-disabled","Undeclared","London","Harrow and Hillingdon","140","125","31490","30200"
"In post","2022","Declared non-disabled","Undeclared","London","Hounslow and Richmond upon Thames","35","35","34050","31060"
"In post","2022","Declared non-disabled","Undeclared","London","Kensington & Chelsea and Hammersmith & Fulham","20","20","[c]","[c]"
"In post","2022","Declared non-disabled","Undeclared","London","Lambeth","65","60","35970","31880"
"In post","2022","Declared non-disabled","Undeclared","London","Lewisham and Southwark","45","45","33160","31060"
"In post","2022","Declared non-disabled","Undeclared","London","Merton, Kingston upon Thames and Sutton","20","20","[c]","[c]"
"In post","2022","Declared non-disabled","Undeclared","London","Redbridge and Waltham Forest","55","50","30290","31060"
"In post","2022","Declared non-disabled","Undeclared","London","Tower Hamlets","105","100","45780","40600"
"In post","2022","Declared non-disabled","Undeclared","London","Wandsworth","20","20","[c]","[c]"
"In post","2022","Declared non-disabled","Undeclared","London","Westminster","860","835","49020","45620"
"In post","2022","Declared non-disabled","Undeclared","North East (England)","Darlington","20","20","[c]","[c]"
"In post","2022","Declared non-disabled","Undeclared","North East (England)","Durham","45","40","29690","26930"
"In post","2022","Declared non-disabled","Undeclared","North East (England)","Hartlepool and Stockton-on-Tees","25","25","[c]","[c]"
"In post","2022","Declared non-disabled","Undeclared","North East (England)","Northumberland","10","10","[c]","[c]"
"In post","2022","Declared non-disabled","Undeclared","North East (England)","South Teesside","25","25","[c]","[c]"
"In post","2022","Declared non-disabled","Undeclared","North East (England)","Sunderland","50","40","26030","22080"
"In post","2022","Declared non-disabled","Undeclared","North East (England)","Tyneside","235","220","31190","26820"
"In post","2022","Declared non-disabled","Undeclared","North West (England)","Blackburn with Darwen","10","10","[c]","[c]"
"In post","2022","Declared non-disabled","Undeclared","North West (England)","Blackpool","120","105","31680","27570"
"In post","2022","Declared non-disabled","Undeclared","North West (England)","Cheshire East","10","10","[c]","[c]"
"In post","2022","Declared non-disabled","Undeclared","North West (England)","Cheshire West and Chester","10","5","[c]","[c]"
"In post","2022","Declared non-disabled","Undeclared","North West (England)","Chorley and West Lancashire","10","10","[c]","[c]"
"In post","2022","Declared non-disabled","Undeclared","North West (England)","East Cumbria","25","20","[c]","[c]"
"In post","2022","Declared non-disabled","Undeclared","North West (England)","East Lancashire","10","10","[c]","[c]"
"In post","2022","Declared non-disabled","Undeclared","North West (England)","East Merseyside","30","25","24440","24890"
"In post","2022","Declared non-disabled","Undeclared","North West (England)","Greater Manchester North East","25","20","[c]","[c]"
"In post","2022","Declared non-disabled","Undeclared","North West (England)","Greater Manchester North West","40","35","25180","23700"
"In post","2022","Declared non-disabled","Undeclared","North West (England)","Greater Manchester South East","30","30","24030","22680"
"In post","2022","Declared non-disabled","Undeclared","North West (England)","Greater Manchester South West","70","65","32090","28240"
"In post","2022","Declared non-disabled","Undeclared","North West (England)","Lancaster and Wyre","10","10","[c]","[c]"
"In post","2022","Declared non-disabled","Undeclared","North West (England)","Liverpool","115","105","27350","24890"
"In post","2022","Declared non-disabled","Undeclared","North West (England)","Manchester","165","155","35290","31820"
"In post","2022","Declared non-disabled","Undeclared","North West (England)","Mid Lancashire","90","80","27380","22080"
"In post","2022","Declared non-disabled","Undeclared","North West (England)","Sefton","85","80","32270","27570"
"In post","2022","Declared non-disabled","Undeclared","North West (England)","Warrington","35","35","34000","32770"
"In post","2022","Declared non-disabled","Undeclared","North West (England)","West Cumbria","20","20","[c]","[c]"
"In post","2022","Declared non-disabled","Undeclared","North West (England)","Wirral","50","45","25490","21450"
"In post","2022","Declared non-disabled","Undeclared","Northern Ireland","Antrim and Newtownabbey","[c]","[c]","[c]","[c]"
"In post","2022","Declared non-disabled","Undeclared","Northern Ireland","Ards and North Down","[c]","[c]","[c]","[c]"
"In post","2022","Declared non-disabled","Undeclared","Northern Ireland","Armagh City, Banbridge and Craigavon","[c]","[c]","[c]","[c]"
"In post","2022","Declared non-disabled","Undeclared","Northern Ireland","Belfast","15","15","[c]","[c]"
"In post","2022","Declared non-disabled","Undeclared","Northern Ireland","Causeway Coast and Glens","[c]","[c]","[c]","[c]"
"In post","2022","Declared non-disabled","Undeclared","Northern Ireland","Derry City and Strabane","[c]","[c]","[c]","[c]"
"In post","2022","Declared non-disabled","Undeclared","Northern Ireland","Fermanagh and Omagh","[c]","[c]","[c]","[c]"
"In post","2022","Declared non-disabled","Undeclared","Northern Ireland","Lisburn and Castlereagh","[c]","[c]","[c]","[c]"
"In post","2022","Declared non-disabled","Undeclared","Northern Ireland","Mid and East Antrim","[c]","[c]","[c]","[c]"
"In post","2022","Declared non-disabled","Undeclared","Northern Ireland","Mid Ulster","[c]","[c]","[c]","[c]"
"In post","2022","Declared non-disabled","Undeclared","Northern Ireland","Newry, Mourne and Down","[c]","[c]","[c]","[c]"
"In post","2022","Declared non-disabled","Undeclared","Overseas","Overseas","70","70","44280","39970"
"In post","2022","Declared non-disabled","Undeclared","Scotland","Aberdeen City and Aberdeenshire","30","25","[c]","[c]"
"In post","2022","Declared non-disabled","Undeclared","Scotland","Angus and Dundee City","30","30","24090","21260"
"In post","2022","Declared non-disabled","Undeclared","Scotland","Caithness and Sutherland, and Ross and Cromarty","5","5","[c]","[c]"
"In post","2022","Declared non-disabled","Undeclared","Scotland","City of Edinburgh","130","125","43310","37580"
"In post","2022","Declared non-disabled","Undeclared","Scotland","Clackmannanshire and Fife","10","10","[c]","[c]"
"In post","2022","Declared non-disabled","Undeclared","Scotland","Dumfries and Galloway","5","5","[c]","[c]"
"In post","2022","Declared non-disabled","Undeclared","Scotland","East Ayrshire and North Ayrshire mainland","20","20","[c]","[c]"
"In post","2022","Declared non-disabled","Undeclared","Scotland","East Dunbartonshire, West Dunbartonshire, and Helensburgh and Lomond","35","35","29680","26750"
"In post","2022","Declared non-disabled","Undeclared","Scotland","East Lothian and Midlothian","[c]","[c]","[c]","[c]"
"In post","2022","Declared non-disabled","Undeclared","Scotland","Falkirk","20","15","[c]","[c]"
"In post","2022","Declared non-disabled","Undeclared","Scotland","Glasgow City","180","165","30400","27570"
"In post","2022","Declared non-disabled","Undeclared","Scotland","Inverclyde, East Renfrewshire, and Renfrewshire","25","25","[c]","[c]"
"In post","2022","Declared non-disabled","Undeclared","Scotland","Inverness and Nairn, Moray, and Badenoch and Strathspey","20","20","[c]","[c]"
"In post","2022","Declared non-disabled","Undeclared","Scotland","Lochaber, Skye and Lochalsh, Arran and Cumbrae, and Argyll and Bute","[c]","[c]","[c]","[c]"
"In post","2022","Declared non-disabled","Undeclared","Scotland","Na h-Eileanan Siar","5","5","[c]","[c]"
"In post","2022","Declared non-disabled","Undeclared","Scotland","North Lanarkshire","35","25","24640","21260"
"In post","2022","Declared non-disabled","Undeclared","Scotland","Orkney Islands","[c]","[c]","[c]","[c]"
"In post","2022","Declared non-disabled","Undeclared","Scotland","Perth and Kinross, and Stirling","10","10","[c]","[c]"
"In post","2022","Declared non-disabled","Undeclared","Scotland","Scottish Borders","5","5","[c]","[c]"
"In post","2022","Declared non-disabled","Undeclared","Scotland","Shetland Islands","[c]","[c]","[c]","[c]"
"In post","2022","Declared non-disabled","Undeclared","Scotland","South Ayrshire","5","5","[c]","[c]"
"In post","2022","Declared non-disabled","Undeclared","Scotland","South Lanarkshire","20","20","[c]","[c]"
"In post","2022","Declared non-disabled","Undeclared","Scotland","West Lothian","10","10","[c]","[c]"
"In post","2022","Declared non-disabled","Undeclared","South East (England)","Berkshire","60","55","33310","30280"
"In post","2022","Declared non-disabled","Undeclared","South East (England)","Brighton and Hove","20","20","[c]","[c]"
"In post","2022","Declared non-disabled","Undeclared","South East (England)","Buckinghamshire","25","25","[c]","[c]"
"In post","2022","Declared non-disabled","Undeclared","South East (England)","Central Hampshire","200","195","42960","47010"
"In post","2022","Declared non-disabled","Undeclared","South East (England)","East Kent","120","110","28600","27370"
"In post","2022","Declared non-disabled","Undeclared","South East (England)","East Surrey","15","15","[c]","[c]"
"In post","2022","Declared non-disabled","Undeclared","South East (England)","East Sussex CC","75","60","26790","26830"
"In post","2022","Declared non-disabled","Undeclared","South East (England)","Isle of Wight","15","15","[c]","[c]"
"In post","2022","Declared non-disabled","Undeclared","South East (England)","Kent Thames Gateway","20","20","[c]","[c]"
"In post","2022","Declared non-disabled","Undeclared","South East (England)","Medway","20","20","[c]","[c]"
"In post","2022","Declared non-disabled","Undeclared","South East (England)","Mid Kent","20","20","[c]","[c]"
"In post","2022","Declared non-disabled","Undeclared","South East (England)","Milton Keynes","30","30","37920","35040"
"In post","2022","Declared non-disabled","Undeclared","South East (England)","North Hampshire","25","25","[c]","[c]"
"In post","2022","Declared non-disabled","Undeclared","South East (England)","Oxfordshire CC","40","40","29950","27880"
"In post","2022","Declared non-disabled","Undeclared","South East (England)","Portsmouth","80","75","32240","29060"
"In post","2022","Declared non-disabled","Undeclared","South East (England)","South Hampshire","50","45","35690","33300"
"In post","2022","Declared non-disabled","Undeclared","South East (England)","Southampton","45","40","34360","31380"
"In post","2022","Declared non-disabled","Undeclared","South East (England)","West Kent","30","30","39640","38070"
"In post","2022","Declared non-disabled","Undeclared","South East (England)","West Surrey","45","45","32680","30110"
"In post","2022","Declared non-disabled","Undeclared","South East (England)","West Sussex (North East)","55","45","30630","28350"
"In post","2022","Declared non-disabled","Undeclared","South East (England)","West Sussex (South West)","20","15","[c]","[c]"
"In post","2022","Declared non-disabled","Undeclared","South West (England)","Bath and North East Somerset, North Somerset and South Gloucestershire","275","260","39690","38960"
"In post","2022","Declared non-disabled","Undeclared","South West (England)","Bournemouth, Christchurch and Poole","15","15","[c]","[c]"
"In post","2022","Declared non-disabled","Undeclared","South West (England)","Bristol, City of","135","125","35470","32450"
"In post","2022","Declared non-disabled","Undeclared","South West (England)","Cornwall and Isles of Scilly","60","50","27040","26560"
"In post","2022","Declared non-disabled","Undeclared","South West (England)","Devon CC","190","175","35620","35230"
"In post","2022","Declared non-disabled","Undeclared","South West (England)","Dorset","35","30","31010","31550"
"In post","2022","Declared non-disabled","Undeclared","South West (England)","Gloucestershire CC","30","30","30610","27930"
"In post","2022","Declared non-disabled","Undeclared","South West (England)","Plymouth","55","50","33560","32940"
"In post","2022","Declared non-disabled","Undeclared","South West (England)","Somerset CC","40","40","32580","30940"
"In post","2022","Declared non-disabled","Undeclared","South West (England)","Swindon","5","5","[c]","[c]"
"In post","2022","Declared non-disabled","Undeclared","South West (England)","Torbay","10","10","[c]","[c]"
"In post","2022","Declared non-disabled","Undeclared","South West (England)","Wiltshire","275","270","40420","38070"
"In post","2022","Declared non-disabled","Undeclared","Unknown","Unknown","20","20","[c]","[c]"
"In post","2022","Declared non-disabled","Undeclared","Wales","Bridgend and Neath Port Talbot","15","10","[c]","[c]"
"In post","2022","Declared non-disabled","Undeclared","Wales","Cardiff and Vale of Glamorgan","150","140","36430","32990"
"In post","2022","Declared non-disabled","Undeclared","Wales","Central Valleys","50","40","32010","27570"
"In post","2022","Declared non-disabled","Undeclared","Wales","Conwy and Denbighshire","15","10","[c]","[c]"
"In post","2022","Declared non-disabled","Undeclared","Wales","Flintshire and Wrexham","35","30","29140","26750"
"In post","2022","Declared non-disabled","Undeclared","Wales","Gwent Valleys","20","20","[c]","[c]"
"In post","2022","Declared non-disabled","Undeclared","Wales","Gwynedd","25","25","[c]","[c]"
"In post","2022","Declared non-disabled","Undeclared","Wales","Isle of Anglesey","10","5","[c]","[c]"
"In post","2022","Declared non-disabled","Undeclared","Wales","Monmouthshire and Newport","30","30","34430","30530"
"In post","2022","Declared non-disabled","Undeclared","Wales","Powys","15","15","[c]","[c]"
"In post","2022","Declared non-disabled","Undeclared","Wales","South West Wales","30","30","30530","27570"
"In post","2022","Declared non-disabled","Undeclared","Wales","Swansea","135","120","28870","25420"
"In post","2022","Declared non-disabled","Undeclared","West Midlands (England)","Birmingham","265","235","29800","27570"
"In post","2022","Declared non-disabled","Undeclared","West Midlands (England)","Coventry","45","45","36010","35170"
"In post","2022","Declared non-disabled","Undeclared","West Midlands (England)","Dudley","35","30","25090","21260"
"In post","2022","Declared non-disabled","Undeclared","West Midlands (England)","Herefordshire, County of","[c]","[c]","[c]","[c]"
"In post","2022","Declared non-disabled","Undeclared","West Midlands (England)","Sandwell","10","10","[c]","[c]"
"In post","2022","Declared non-disabled","Undeclared","West Midlands (England)","Shropshire","15","15","[c]","[c]"
"In post","2022","Declared non-disabled","Undeclared","West Midlands (England)","Solihull","25","25","[c]","[c]"
"In post","2022","Declared non-disabled","Undeclared","West Midlands (England)","Staffordshire CC","60","55","30250","27930"
"In post","2022","Declared non-disabled","Undeclared","West Midlands (England)","Stoke-on-Trent","25","20","[c]","[c]"
"In post","2022","Declared non-disabled","Undeclared","West Midlands (England)","Telford and Wrekin","35","30","29440","27570"
"In post","2022","Declared non-disabled","Undeclared","West Midlands (England)","Walsall","25","20","[c]","[c]"
"In post","2022","Declared non-disabled","Undeclared","West Midlands (England)","Warwickshire CC","25","25","[c]","[c]"
"In post","2022","Declared non-disabled","Undeclared","West Midlands (England)","Wolverhampton","25","20","[c]","[c]"
"In post","2022","Declared non-disabled","Undeclared","West Midlands (England)","Worcestershire CC","35","35","30970","28590"
"In post","2022","Declared non-disabled","Undeclared","Yorkshire and The Humber","Barnsley, Doncaster and Rotherham","55","50","26840","26980"
"In post","2022","Declared non-disabled","Undeclared","Yorkshire and The Humber","Bradford","55","45","26740","27570"
"In post","2022","Declared non-disabled","Undeclared","Yorkshire and The Humber","Calderdale and Kirklees","30","25","[c]","[c]"
"In post","2022","Declared non-disabled","Undeclared","Yorkshire and The Humber","East Riding of Yorkshire","30","30","[c]","[c]"
"In post","2022","Declared non-disabled","Undeclared","Yorkshire and The Humber","Kingston upon Hull, City of","40","35","29170","27570"
"In post","2022","Declared non-disabled","Undeclared","Yorkshire and The Humber","Leeds","195","180","31510","27570"
"In post","2022","Declared non-disabled","Undeclared","Yorkshire and The Humber","North and North East Lincolnshire","20","15","[c]","[c]"
"In post","2022","Declared non-disabled","Undeclared","Yorkshire and The Humber","North Yorkshire CC","35","30","30510","27570"
"In post","2022","Declared non-disabled","Undeclared","Yorkshire and The Humber","Sheffield","165","150","34060","31990"
"In post","2022","Declared non-disabled","Undeclared","Yorkshire and The Humber","Wakefield","25","25","[c]","[c]"
"In post","2022","Declared non-disabled","Undeclared","Yorkshire and The Humber","York","45","45","36000","33300"
"In post","2022","Declared non-disabled","Unknown","East Midlands (England)","Derby","30","25","25420","21260"
"In post","2022","Declared non-disabled","Unknown","East Midlands (England)","East Derbyshire","5","5","[c]","[c]"
"In post","2022","Declared non-disabled","Unknown","East Midlands (England)","Leicester","50","45","28280","27570"
"In post","2022","Declared non-disabled","Unknown","East Midlands (England)","Leicestershire CC and Rutland","20","20","[c]","[c]"
"In post","2022","Declared non-disabled","Unknown","East Midlands (England)","Lincolnshire CC","40","35","25970","25190"
"In post","2022","Declared non-disabled","Unknown","East Midlands (England)","North Northamptonshire","15","15","[c]","[c]"
"In post","2022","Declared non-disabled","Unknown","East Midlands (England)","North Nottinghamshire","15","15","[c]","[c]"
"In post","2022","Declared non-disabled","Unknown","East Midlands (England)","Nottingham","170","155","29930","26700"
"In post","2022","Declared non-disabled","Unknown","East Midlands (England)","South and West Derbyshire","55","50","40540","35910"
"In post","2022","Declared non-disabled","Unknown","East Midlands (England)","South Nottinghamshire","20","15","[c]","[c]"
"In post","2022","Declared non-disabled","Unknown","East Midlands (England)","West Northamptonshire","15","15","[c]","[c]"
"In post","2022","Declared non-disabled","Unknown","East of England","Bedford","15","15","[c]","[c]"
"In post","2022","Declared non-disabled","Unknown","East of England","Breckland and South Norfolk","[c]","[c]","[c]","[c]"
"In post","2022","Declared non-disabled","Unknown","East of England","Cambridgeshire CC","75","70","28460","26670"
"In post","2022","Declared non-disabled","Unknown","East of England","Central Bedfordshire","5","5","[c]","[c]"
"In post","2022","Declared non-disabled","Unknown","East of England","Essex Haven Gateway","10","10","[c]","[c]"
"In post","2022","Declared non-disabled","Unknown","East of England","Essex Thames Gateway","25","25","[c]","[c]"
"In post","2022","Declared non-disabled","Unknown","East of England","Heart of Essex","30","25","[c]","[c]"
"In post","2022","Declared non-disabled","Unknown","East of England","Hertfordshire CC","55","55","36380","31880"
"In post","2022","Declared non-disabled","Unknown","East of England","Luton","5","5","[c]","[c]"
"In post","2022","Declared non-disabled","Unknown","East of England","North and West Norfolk","15","15","[c]","[c]"
"In post","2022","Declared non-disabled","Unknown","East of England","Norwich and East Norfolk","30","25","28590","25820"
"In post","2022","Declared non-disabled","Unknown","East of England","Peterborough","20","15","[c]","[c]"
"In post","2022","Declared non-disabled","Unknown","East of England","Southend-on-Sea","20","15","[c]","[c]"
"In post","2022","Declared non-disabled","Unknown","East of England","Suffolk CC","80","75","29430","27120"
"In post","2022","Declared non-disabled","Unknown","East of England","Thurrock","5","5","[c]","[c]"
"In post","2022","Declared non-disabled","Unknown","East of England","West Essex","5","5","[c]","[c]"
"In post","2022","Declared non-disabled","Unknown","London","Barking & Dagenham and Havering","20","20","[c]","[c]"
"In post","2022","Declared non-disabled","Unknown","London","Barnet","25","20","[c]","[c]"
"In post","2022","Declared non-disabled","Unknown","London","Bexley and Greenwich","35","35","33290","31890"
"In post","2022","Declared non-disabled","Unknown","London","Brent","10","10","[c]","[c]"
"In post","2022","Declared non-disabled","Unknown","London","Bromley","10","5","[c]","[c]"
"In post","2022","Declared non-disabled","Unknown","London","Camden and City of London","25","20","[c]","[c]"
"In post","2022","Declared non-disabled","Unknown","London","Croydon","105","100","40170","33900"
"In post","2022","Declared non-disabled","Unknown","London","Ealing","10","10","[c]","[c]"
"In post","2022","Declared non-disabled","Unknown","London","Enfield","20","15","[c]","[c]"
"In post","2022","Declared non-disabled","Unknown","London","Hackney and Newham","95","85","37860","33440"
"In post","2022","Declared non-disabled","Unknown","London","Haringey and Islington","25","20","[c]","[c]"
"In post","2022","Declared non-disabled","Unknown","London","Harrow and Hillingdon","20","15","[c]","[c]"
"In post","2022","Declared non-disabled","Unknown","London","Hounslow and Richmond upon Thames","80","80","34450","34140"
"In post","2022","Declared non-disabled","Unknown","London","Kensington & Chelsea and Hammersmith & Fulham","10","10","[c]","[c]"
"In post","2022","Declared non-disabled","Unknown","London","Lambeth","40","40","37340","35280"
"In post","2022","Declared non-disabled","Unknown","London","Lewisham and Southwark","25","20","[c]","[c]"
"In post","2022","Declared non-disabled","Unknown","London","Merton, Kingston upon Thames and Sutton","15","15","[c]","[c]"
"In post","2022","Declared non-disabled","Unknown","London","Redbridge and Waltham Forest","35","35","32050","31060"
"In post","2022","Declared non-disabled","Unknown","London","Tower Hamlets","120","115","47950","41750"
"In post","2022","Declared non-disabled","Unknown","London","Wandsworth","10","10","[c]","[c]"
"In post","2022","Declared non-disabled","Unknown","London","Westminster","760","735","49210","43850"
"In post","2022","Declared non-disabled","Unknown","North East (England)","Darlington","15","15","[c]","[c]"
"In post","2022","Declared non-disabled","Unknown","North East (England)","Durham","75","70","26560","25080"
"In post","2022","Declared non-disabled","Unknown","North East (England)","Hartlepool and Stockton-on-Tees","20","20","[c]","[c]"
"In post","2022","Declared non-disabled","Unknown","North East (England)","Northumberland","15","10","[c]","[c]"
"In post","2022","Declared non-disabled","Unknown","North East (England)","South Teesside","20","15","[c]","[c]"
"In post","2022","Declared non-disabled","Unknown","North East (England)","Sunderland","60","50","25610","22080"
"In post","2022","Declared non-disabled","Unknown","North East (England)","Tyneside","465","420","28120","23810"
"In post","2022","Declared non-disabled","Unknown","North West (England)","Blackburn with Darwen","20","20","[c]","[c]"
"In post","2022","Declared non-disabled","Unknown","North West (England)","Blackpool","190","175","27390","27570"
"In post","2022","Declared non-disabled","Unknown","North West (England)","Cheshire East","70","65","25840","21300"
"In post","2022","Declared non-disabled","Unknown","North West (England)","Cheshire West and Chester","[c]","[c]","[c]","[c]"
"In post","2022","Declared non-disabled","Unknown","North West (England)","Chorley and West Lancashire","25","20","[c]","[c]"
"In post","2022","Declared non-disabled","Unknown","North West (England)","East Cumbria","75","70","25350","21300"
"In post","2022","Declared non-disabled","Unknown","North West (England)","East Lancashire","15","15","[c]","[c]"
"In post","2022","Declared non-disabled","Unknown","North West (England)","East Merseyside","20","15","[c]","[c]"
"In post","2022","Declared non-disabled","Unknown","North West (England)","Greater Manchester North East","15","15","[c]","[c]"
"In post","2022","Declared non-disabled","Unknown","North West (England)","Greater Manchester North West","50","50","25550","21260"
"In post","2022","Declared non-disabled","Unknown","North West (England)","Greater Manchester South East","30","25","[c]","[c]"
"In post","2022","Declared non-disabled","Unknown","North West (England)","Greater Manchester South West","50","45","32760","28070"
"In post","2022","Declared non-disabled","Unknown","North West (England)","Lancaster and Wyre","15","10","[c]","[c]"
"In post","2022","Declared non-disabled","Unknown","North West (England)","Liverpool","110","95","31680","27570"
"In post","2022","Declared non-disabled","Unknown","North West (England)","Manchester","125","115","33690","28920"
"In post","2022","Declared non-disabled","Unknown","North West (England)","Mid Lancashire","105","95","29020","25700"
"In post","2022","Declared non-disabled","Unknown","North West (England)","Sefton","115","105","32830","28600"
"In post","2022","Declared non-disabled","Unknown","North West (England)","Warrington","25","25","[c]","[c]"
"In post","2022","Declared non-disabled","Unknown","North West (England)","West Cumbria","215","200","23070","21300"
"In post","2022","Declared non-disabled","Unknown","North West (England)","Wirral","115","100","25170","21260"
"In post","2022","Declared non-disabled","Unknown","Northern Ireland","Antrim and Newtownabbey","5","5","[c]","[c]"
"In post","2022","Declared non-disabled","Unknown","Northern Ireland","Ards and North Down","[c]","[c]","[c]","[c]"
"In post","2022","Declared non-disabled","Unknown","Northern Ireland","Armagh City, Banbridge and Craigavon","[c]","[c]","[c]","[c]"
"In post","2022","Declared non-disabled","Unknown","Northern Ireland","Belfast","20","15","[c]","[c]"
"In post","2022","Declared non-disabled","Unknown","Northern Ireland","Causeway Coast and Glens","[c]","[c]","[c]","[c]"
"In post","2022","Declared non-disabled","Unknown","Northern Ireland","Derry City and Strabane","[c]","[c]","[c]","[c]"
"In post","2022","Declared non-disabled","Unknown","Northern Ireland","Fermanagh and Omagh","[c]","[c]","[c]","[c]"
"In post","2022","Declared non-disabled","Unknown","Northern Ireland","Lisburn and Castlereagh","[c]","[c]","[c]","[c]"
"In post","2022","Declared non-disabled","Unknown","Northern Ireland","Mid and East Antrim","[c]","[c]","[c]","[c]"
"In post","2022","Declared non-disabled","Unknown","Northern Ireland","Mid Ulster","[c]","[c]","[c]","[c]"
"In post","2022","Declared non-disabled","Unknown","Northern Ireland","Newry, Mourne and Down","[c]","[c]","[c]","[c]"
"In post","2022","Declared non-disabled","Unknown","Overseas","Overseas","50","50","49100","52870"
"In post","2022","Declared non-disabled","Unknown","Scotland","Aberdeen City and Aberdeenshire","30","25","[c]","[c]"
"In post","2022","Declared non-disabled","Unknown","Scotland","Angus and Dundee City","40","40","23790","21260"
"In post","2022","Declared non-disabled","Unknown","Scotland","Caithness and Sutherland, and Ross and Cromarty","[c]","[c]","[c]","[c]"
"In post","2022","Declared non-disabled","Unknown","Scotland","City of Edinburgh","120","115","32900","27400"
"In post","2022","Declared non-disabled","Unknown","Scotland","Clackmannanshire and Fife","25","20","[c]","[c]"
"In post","2022","Declared non-disabled","Unknown","Scotland","Dumfries and Galloway","5","5","[c]","[c]"
"In post","2022","Declared non-disabled","Unknown","Scotland","East Ayrshire and North Ayrshire mainland","15","15","[c]","[c]"
"In post","2022","Declared non-disabled","Unknown","Scotland","East Dunbartonshire, West Dunbartonshire, and Helensburgh and Lomond","40","35","28880","21260"
"In post","2022","Declared non-disabled","Unknown","Scotland","East Lothian and Midlothian","[c]","[c]","[c]","[c]"
"In post","2022","Declared non-disabled","Unknown","Scotland","Falkirk","100","80","23410","21260"
"In post","2022","Declared non-disabled","Unknown","Scotland","Glasgow City","160","150","30580","27570"
"In post","2022","Declared non-disabled","Unknown","Scotland","Inverclyde, East Renfrewshire, and Renfrewshire","20","15","[c]","[c]"
"In post","2022","Declared non-disabled","Unknown","Scotland","Inverness and Nairn, Moray, and Badenoch and Strathspey","25","25","[c]","[c]"
"In post","2022","Declared non-disabled","Unknown","Scotland","Lochaber, Skye and Lochalsh, Arran and Cumbrae, and Argyll and Bute","10","10","[c]","[c]"
"In post","2022","Declared non-disabled","Unknown","Scotland","Na h-Eileanan Siar","[c]","[c]","[c]","[c]"
"In post","2022","Declared non-disabled","Unknown","Scotland","North Lanarkshire","40","35","25640","21450"
"In post","2022","Declared non-disabled","Unknown","Scotland","Orkney Islands","[c]","[c]","[c]","[c]"
"In post","2022","Declared non-disabled","Unknown","Scotland","Perth and Kinross, and Stirling","15","15","[c]","[c]"
"In post","2022","Declared non-disabled","Unknown","Scotland","Scottish Borders","5","5","[c]","[c]"
"In post","2022","Declared non-disabled","Unknown","Scotland","Shetland Islands","[c]","[c]","[c]","[c]"
"In post","2022","Declared non-disabled","Unknown","Scotland","South Ayrshire","5","5","[c]","[c]"
"In post","2022","Declared non-disabled","Unknown","Scotland","South Lanarkshire","60","50","26180","22080"
"In post","2022","Declared non-disabled","Unknown","Scotland","West Lothian","5","5","[c]","[c]"
"In post","2022","Declared non-disabled","Unknown","South East (England)","Berkshire","95","90","30630","28920"
"In post","2022","Declared non-disabled","Unknown","South East (England)","Brighton and Hove","20","15","[c]","[c]"
"In post","2022","Declared non-disabled","Unknown","South East (England)","Buckinghamshire","25","25","[c]","[c]"
"In post","2022","Declared non-disabled","Unknown","South East (England)","Central Hampshire","195","190","34740","33000"
"In post","2022","Declared non-disabled","Unknown","South East (England)","East Kent","35","35","32120","30110"
"In post","2022","Declared non-disabled","Unknown","South East (England)","East Surrey","15","10","[c]","[c]"
"In post","2022","Declared non-disabled","Unknown","South East (England)","East Sussex CC","65","55","26380","27570"
"In post","2022","Declared non-disabled","Unknown","South East (England)","Isle of Wight","10","10","[c]","[c]"
"In post","2022","Declared non-disabled","Unknown","South East (England)","Kent Thames Gateway","20","20","[c]","[c]"
"In post","2022","Declared non-disabled","Unknown","South East (England)","Medway","25","25","[c]","[c]"
"In post","2022","Declared non-disabled","Unknown","South East (England)","Mid Kent","15","10","[c]","[c]"
"In post","2022","Declared non-disabled","Unknown","South East (England)","Milton Keynes","20","20","[c]","[c]"
"In post","2022","Declared non-disabled","Unknown","South East (England)","North Hampshire","20","20","[c]","[c]"
"In post","2022","Declared non-disabled","Unknown","South East (England)","Oxfordshire CC","40","40","32670","30110"
"In post","2022","Declared non-disabled","Unknown","South East (England)","Portsmouth","50","45","30400","28200"
"In post","2022","Declared non-disabled","Unknown","South East (England)","South Hampshire","70","60","30340","27570"
"In post","2022","Declared non-disabled","Unknown","South East (England)","Southampton","10","10","[c]","[c]"
"In post","2022","Declared non-disabled","Unknown","South East (England)","West Kent","[c]","[c]","[c]","[c]"
"In post","2022","Declared non-disabled","Unknown","South East (England)","West Surrey","20","15","[c]","[c]"
"In post","2022","Declared non-disabled","Unknown","South East (England)","West Sussex (North East)","10","10","[c]","[c]"
"In post","2022","Declared non-disabled","Unknown","South East (England)","West Sussex (South West)","20","20","[c]","[c]"
"In post","2022","Declared non-disabled","Unknown","South West (England)","Bath and North East Somerset, North Somerset and South Gloucestershire","185","180","35290","33000"
"In post","2022","Declared non-disabled","Unknown","South West (England)","Bournemouth, Christchurch and Poole","10","10","[c]","[c]"
"In post","2022","Declared non-disabled","Unknown","South West (England)","Bristol, City of","90","80","32870","27570"
"In post","2022","Declared non-disabled","Unknown","South West (England)","Cornwall and Isles of Scilly","50","45","25550","21260"
"In post","2022","Declared non-disabled","Unknown","South West (England)","Devon CC","230","200","31200","27570"
"In post","2022","Declared non-disabled","Unknown","South West (England)","Dorset","40","40","27000","24830"
"In post","2022","Declared non-disabled","Unknown","South West (England)","Gloucestershire CC","30","30","29790","27570"
"In post","2022","Declared non-disabled","Unknown","South West (England)","Plymouth","85","80","29860","27130"
"In post","2022","Declared non-disabled","Unknown","South West (England)","Somerset CC","55","50","29790","27570"
"In post","2022","Declared non-disabled","Unknown","South West (England)","Swindon","5","5","[c]","[c]"
"In post","2022","Declared non-disabled","Unknown","South West (England)","Torbay","10","5","[c]","[c]"
"In post","2022","Declared non-disabled","Unknown","South West (England)","Wiltshire","315","310","34510","30600"
"In post","2022","Declared non-disabled","Unknown","Unknown","Unknown","25","20","[c]","[c]"
"In post","2022","Declared non-disabled","Unknown","Wales","Bridgend and Neath Port Talbot","10","10","[c]","[c]"
"In post","2022","Declared non-disabled","Unknown","Wales","Cardiff and Vale of Glamorgan","110","100","35690","28920"
"In post","2022","Declared non-disabled","Unknown","Wales","Central Valleys","35","35","28170","27570"
"In post","2022","Declared non-disabled","Unknown","Wales","Conwy and Denbighshire","10","10","[c]","[c]"
"In post","2022","Declared non-disabled","Unknown","Wales","Flintshire and Wrexham","50","50","26420","21260"
"In post","2022","Declared non-disabled","Unknown","Wales","Gwent Valleys","25","25","[c]","[c]"
"In post","2022","Declared non-disabled","Unknown","Wales","Gwynedd","40","40","23150","21260"
"In post","2022","Declared non-disabled","Unknown","Wales","Isle of Anglesey","[c]","[c]","[c]","[c]"
"In post","2022","Declared non-disabled","Unknown","Wales","Monmouthshire and Newport","170","150","39080","34770"
"In post","2022","Declared non-disabled","Unknown","Wales","Powys","[c]","[c]","[c]","[c]"
"In post","2022","Declared non-disabled","Unknown","Wales","South West Wales","20","20","[c]","[c]"
"In post","2022","Declared non-disabled","Unknown","Wales","Swansea","145","130","30680","26350"
"In post","2022","Declared non-disabled","Unknown","West Midlands (England)","Birmingham","230","210","32260","27570"
"In post","2022","Declared non-disabled","Unknown","West Midlands (England)","Coventry","70","70","36200","33840"
"In post","2022","Declared non-disabled","Unknown","West Midlands (England)","Dudley","55","45","24520","25190"
"In post","2022","Declared non-disabled","Unknown","West Midlands (England)","Herefordshire, County of","10","10","[c]","[c]"
"In post","2022","Declared non-disabled","Unknown","West Midlands (England)","Sandwell","10","10","[c]","[c]"
"In post","2022","Declared non-disabled","Unknown","West Midlands (England)","Shropshire","20","20","[c]","[c]"
"In post","2022","Declared non-disabled","Unknown","West Midlands (England)","Solihull","5","5","[c]","[c]"
"In post","2022","Declared non-disabled","Unknown","West Midlands (England)","Staffordshire CC","75","70","30720","27570"
"In post","2022","Declared non-disabled","Unknown","West Midlands (England)","Stoke-on-Trent","20","20","[c]","[c]"
"In post","2022","Declared non-disabled","Unknown","West Midlands (England)","Telford and Wrekin","35","30","27990","27130"
"In post","2022","Declared non-disabled","Unknown","West Midlands (England)","Walsall","20","15","[c]","[c]"
"In post","2022","Declared non-disabled","Unknown","West Midlands (England)","Warwickshire CC","15","10","[c]","[c]"
"In post","2022","Declared non-disabled","Unknown","West Midlands (England)","Wolverhampton","25","25","[c]","[c]"
"In post","2022","Declared non-disabled","Unknown","West Midlands (England)","Worcestershire CC","135","130","27360","24920"
"In post","2022","Declared non-disabled","Unknown","Yorkshire and The Humber","Barnsley, Doncaster and Rotherham","65","55","27380","27570"
"In post","2022","Declared non-disabled","Unknown","Yorkshire and The Humber","Bradford","45","40","26280","27570"
"In post","2022","Declared non-disabled","Unknown","Yorkshire and The Humber","Calderdale and Kirklees","30","20","[c]","[c]"
"In post","2022","Declared non-disabled","Unknown","Yorkshire and The Humber","East Riding of Yorkshire","30","30","26990","26670"
"In post","2022","Declared non-disabled","Unknown","Yorkshire and The Humber","Kingston upon Hull, City of","40","35","28800","27130"
"In post","2022","Declared non-disabled","Unknown","Yorkshire and The Humber","Leeds","240","220","35280","30730"
"In post","2022","Declared non-disabled","Unknown","Yorkshire and The Humber","North and North East Lincolnshire","10","10","[c]","[c]"
"In post","2022","Declared non-disabled","Unknown","Yorkshire and The Humber","North Yorkshire CC","40","40","38040","31500"
"In post","2022","Declared non-disabled","Unknown","Yorkshire and The Humber","Sheffield","85","80","40560","35310"
"In post","2022","Declared non-disabled","Unknown","Yorkshire and The Humber","Wakefield","20","15","[c]","[c]"
"In post","2022","Declared non-disabled","Unknown","Yorkshire and The Humber","York","100","95","28190","24800"
"In post","2022","Declared non-disabled","White","East Midlands (England)","Derby","575","505","27840","25120"
"In post","2022","Declared non-disabled","White","East Midlands (England)","East Derbyshire","265","235","28320","27570"
"In post","2022","Declared non-disabled","White","East Midlands (England)","Leicester","925","850","29730","27570"
"In post","2022","Declared non-disabled","White","East Midlands (England)","Leicestershire CC and Rutland","1130","1055","30210","27370"
"In post","2022","Declared non-disabled","White","East Midlands (England)","Lincolnshire CC","1930","1820","28760","26780"
"In post","2022","Declared non-disabled","White","East Midlands (England)","North Northamptonshire","300","260","26240","26780"
"In post","2022","Declared non-disabled","White","East Midlands (England)","North Nottinghamshire","655","620","30860","27570"
"In post","2022","Declared non-disabled","White","East Midlands (England)","Nottingham","4295","4020","34180","31000"
"In post","2022","Declared non-disabled","White","East Midlands (England)","South and West Derbyshire","750","685","34530","28010"
"In post","2022","Declared non-disabled","White","East Midlands (England)","South Nottinghamshire","645","605","32350","27700"
"In post","2022","Declared non-disabled","White","East Midlands (England)","West Northamptonshire","610","570","28610","26220"
"In post","2022","Declared non-disabled","White","East of England","Bedford","420","400","31350","28550"
"In post","2022","Declared non-disabled","White","East of England","Breckland and South Norfolk","350","330","29680","27120"
"In post","2022","Declared non-disabled","White","East of England","Cambridgeshire CC","1955","1875","33770","31550"
"In post","2022","Declared non-disabled","White","East of England","Central Bedfordshire","270","260","31310","28630"
"In post","2022","Declared non-disabled","White","East of England","Essex Haven Gateway","590","555","31470","29290"
"In post","2022","Declared non-disabled","White","East of England","Essex Thames Gateway","515","460","28550","29290"
"In post","2022","Declared non-disabled","White","East of England","Heart of Essex","685","650","32970","29950"
"In post","2022","Declared non-disabled","White","East of England","Hertfordshire CC","1310","1230","36570","31880"
"In post","2022","Declared non-disabled","White","East of England","Luton","215","185","28280","27370"
"In post","2022","Declared non-disabled","White","East of England","North and West Norfolk","655","605","28420","27470"
"In post","2022","Declared non-disabled","White","East of England","Norwich and East Norfolk","1265","1150","28910","27570"
"In post","2022","Declared non-disabled","White","East of England","Peterborough","875","800","29950","27130"
"In post","2022","Declared non-disabled","White","East of England","Southend-on-Sea","540","485","34170","31880"
"In post","2022","Declared non-disabled","White","East of England","Suffolk CC","2600","2440","29840","27570"
"In post","2022","Declared non-disabled","White","East of England","Thurrock","190","180","27030","25310"
"In post","2022","Declared non-disabled","White","East of England","West Essex","390","350","31000","29290"
"In post","2022","Declared non-disabled","White","London","Barking & Dagenham and Havering","185","165","31580","31060"
"In post","2022","Declared non-disabled","White","London","Barnet","505","480","40370","34100"
"In post","2022","Declared non-disabled","White","London","Bexley and Greenwich","705","670","33260","31890"
"In post","2022","Declared non-disabled","White","London","Brent","135","125","35590","31060"
"In post","2022","Declared non-disabled","White","London","Bromley","220","195","30980","30470"
"In post","2022","Declared non-disabled","White","London","Camden and City of London","685","655","46480","37640"
"In post","2022","Declared non-disabled","White","London","Croydon","3785","3605","43490","38020"
"In post","2022","Declared non-disabled","White","London","Ealing","90","85","34940","31060"
"In post","2022","Declared non-disabled","White","London","Enfield","80","75","35100","31060"
"In post","2022","Declared non-disabled","White","London","Hackney and Newham","1910","1820","45050","38260"
"In post","2022","Declared non-disabled","White","London","Haringey and Islington","390","370","34660","31960"
"In post","2022","Declared non-disabled","White","London","Harrow and Hillingdon","980","895","33150","30700"
"In post","2022","Declared non-disabled","White","London","Hounslow and Richmond upon Thames","1065","1020","35100","33890"
"In post","2022","Declared non-disabled","White","London","Kensington & Chelsea and Hammersmith & Fulham","270","260","33930","31880"
"In post","2022","Declared non-disabled","White","London","Lambeth","960","915","47890","41950"
"In post","2022","Declared non-disabled","White","London","Lewisham and Southwark","370","355","36660","31060"
"In post","2022","Declared non-disabled","White","London","Merton, Kingston upon Thames and Sutton","245","230","33560","31060"
"In post","2022","Declared non-disabled","White","London","Redbridge and Waltham Forest","195","175","31680","31060"
"In post","2022","Declared non-disabled","White","London","Tower Hamlets","2560","2480","54530","54700"
"In post","2022","Declared non-disabled","White","London","Wandsworth","275","265","34980","32100"
"In post","2022","Declared non-disabled","White","London","Westminster","25140","24395","51850","52500"
"In post","2022","Declared non-disabled","White","North East (England)","Darlington","765","725","37460","36500"
"In post","2022","Declared non-disabled","White","North East (England)","Durham","3630","3270","28210","26590"
"In post","2022","Declared non-disabled","White","North East (England)","Hartlepool and Stockton-on-Tees","1085","995","27740","27380"
"In post","2022","Declared non-disabled","White","North East (England)","Northumberland","320","290","30000","27570"
"In post","2022","Declared non-disabled","White","North East (England)","South Teesside","725","655","27460","26120"
"In post","2022","Declared non-disabled","White","North East (England)","Sunderland","2650","2260","26330","22080"
"In post","2022","Declared non-disabled","White","North East (England)","Tyneside","10925","10055","31860","27570"
"In post","2022","Declared non-disabled","White","North West (England)","Blackburn with Darwen","215","195","28610","27570"
"In post","2022","Declared non-disabled","White","North West (England)","Blackpool","3705","3415","30280","27570"
"In post","2022","Declared non-disabled","White","North West (England)","Cheshire East","725","675","30950","27570"
"In post","2022","Declared non-disabled","White","North West (England)","Cheshire West and Chester","320","300","28700","27570"
"In post","2022","Declared non-disabled","White","North West (England)","Chorley and West Lancashire","865","800","30570","27380"
"In post","2022","Declared non-disabled","White","North West (England)","East Cumbria","675","615","28760","25560"
"In post","2022","Declared non-disabled","White","North West (England)","East Lancashire","290","260","27750","27570"
"In post","2022","Declared non-disabled","White","North West (England)","East Merseyside","750","670","28990","27570"
"In post","2022","Declared non-disabled","White","North West (England)","Greater Manchester North East","660","615","28840","27570"
"In post","2022","Declared non-disabled","White","North West (England)","Greater Manchester North West","1330","1205","26060","25120"
"In post","2022","Declared non-disabled","White","North West (England)","Greater Manchester South East","625","570","26210","24800"
"In post","2022","Declared non-disabled","White","North West (England)","Greater Manchester South West","3285","3110","33890","30820"
"In post","2022","Declared non-disabled","White","North West (England)","Lancaster and Wyre","670","620","29580","26930"
"In post","2022","Declared non-disabled","White","North West (England)","Liverpool","7715","7200","29660","26160"
"In post","2022","Declared non-disabled","White","North West (England)","Manchester","5090","4845","35850","31990"
"In post","2022","Declared non-disabled","White","North West (England)","Mid Lancashire","2875","2600","30160","27380"
"In post","2022","Declared non-disabled","White","North West (England)","Sefton","3280","3030","31290","27570"
"In post","2022","Declared non-disabled","White","North West (England)","Warrington","1170","1090","33090","30640"
"In post","2022","Declared non-disabled","White","North West (England)","West Cumbria","760","690","29790","26610"
"In post","2022","Declared non-disabled","White","North West (England)","Wirral","1350","1180","27630","27130"
"In post","2022","Declared non-disabled","White","Northern Ireland","Antrim and Newtownabbey","125","125","25630","20560"
"In post","2022","Declared non-disabled","White","Northern Ireland","Ards and North Down","140","135","28360","21920"
"In post","2022","Declared non-disabled","White","Northern Ireland","Armagh City, Banbridge and Craigavon","10","10","[c]","[c]"
"In post","2022","Declared non-disabled","White","Northern Ireland","Belfast","1765","1665","31390","26820"
"In post","2022","Declared non-disabled","White","Northern Ireland","Causeway Coast and Glens","50","50","22500","20560"
"In post","2022","Declared non-disabled","White","Northern Ireland","Derry City and Strabane","10","10","[c]","[c]"
"In post","2022","Declared non-disabled","White","Northern Ireland","Fermanagh and Omagh","15","15","[c]","[c]"
"In post","2022","Declared non-disabled","White","Northern Ireland","Lisburn and Castlereagh","295","280","28580","24970"
"In post","2022","Declared non-disabled","White","Northern Ireland","Mid and East Antrim","5","5","[c]","[c]"
"In post","2022","Declared non-disabled","White","Northern Ireland","Mid Ulster","[c]","[c]","[c]","[c]"
"In post","2022","Declared non-disabled","White","Northern Ireland","Newry, Mourne and Down","45","45","23340","20560"
"In post","2022","Declared non-disabled","White","Overseas","Overseas","1950","1940","49660","49370"
"In post","2022","Declared non-disabled","White","Scotland","Aberdeen City and Aberdeenshire","995","935","37790","31540"
"In post","2022","Declared non-disabled","White","Scotland","Angus and Dundee City","1155","1085","27880","27230"
"In post","2022","Declared non-disabled","White","Scotland","Caithness and Sutherland, and Ross and Cromarty","140","130","30610","27570"
"In post","2022","Declared non-disabled","White","Scotland","City of Edinburgh","6790","6510","40580","36130"
"In post","2022","Declared non-disabled","White","Scotland","Clackmannanshire and Fife","620","575","30310","27570"
"In post","2022","Declared non-disabled","White","Scotland","Dumfries and Galloway","320","300","30080","27570"
"In post","2022","Declared non-disabled","White","Scotland","East Ayrshire and North Ayrshire mainland","725","665","27390","27230"
"In post","2022","Declared non-disabled","White","Scotland","East Dunbartonshire, West Dunbartonshire, and Helensburgh and Lomond","1305","1240","30970","27570"
"In post","2022","Declared non-disabled","White","Scotland","East Lothian and Midlothian","75","65","30120","27570"
"In post","2022","Declared non-disabled","White","Scotland","Falkirk","865","755","27110","27230"
"In post","2022","Declared non-disabled","White","Scotland","Glasgow City","7460","7015","33580","27570"
"In post","2022","Declared non-disabled","White","Scotland","Inverclyde, East Renfrewshire, and Renfrewshire","565","510","30040","27570"
"In post","2022","Declared non-disabled","White","Scotland","Inverness and Nairn, Moray, and Badenoch and Strathspey","755","715","30240","27570"
"In post","2022","Declared non-disabled","White","Scotland","Lochaber, Skye and Lochalsh, Arran and Cumbrae, and Argyll and Bute","255","240","29940","27570"
"In post","2022","Declared non-disabled","White","Scotland","Na h-Eileanan Siar","120","115","27670","27570"
"In post","2022","Declared non-disabled","White","Scotland","North Lanarkshire","1605","1415","27550","26590"
"In post","2022","Declared non-disabled","White","Scotland","Orkney Islands","25","25","[c]","[c]"
"In post","2022","Declared non-disabled","White","Scotland","Perth and Kinross, and Stirling","460","430","32110","27940"
"In post","2022","Declared non-disabled","White","Scotland","Scottish Borders","275","255","32140","28980"
"In post","2022","Declared non-disabled","White","Scotland","Shetland Islands","45","40","29740","27570"
"In post","2022","Declared non-disabled","White","Scotland","South Ayrshire","200","185","28520","27570"
"In post","2022","Declared non-disabled","White","Scotland","South Lanarkshire","1960","1770","32650","27570"
"In post","2022","Declared non-disabled","White","Scotland","West Lothian","280","260","33720","27570"
"In post","2022","Declared non-disabled","White","South East (England)","Berkshire","1280","1225","35570","32260"
"In post","2022","Declared non-disabled","White","South East (England)","Brighton and Hove","425","380","33770","27570"
"In post","2022","Declared non-disabled","White","South East (England)","Buckinghamshire","945","900","33680","30700"
"In post","2022","Declared non-disabled","White","South East (England)","Central Hampshire","2805","2695","37780","34610"
"In post","2022","Declared non-disabled","White","South East (England)","East Kent","2790","2585","28750","26910"
"In post","2022","Declared non-disabled","White","South East (England)","East Surrey","490","460","34870","33890"
"In post","2022","Declared non-disabled","White","South East (England)","East Sussex CC","1260","1140","27940","27570"
"In post","2022","Declared non-disabled","White","South East (England)","Isle of Wight","510","480","27150","26610"
"In post","2022","Declared non-disabled","White","South East (England)","Kent Thames Gateway","855","810","30810","30700"
"In post","2022","Declared non-disabled","White","South East (England)","Medway","795","755","31020","29290"
"In post","2022","Declared non-disabled","White","South East (England)","Mid Kent","555","520","30710","29290"
"In post","2022","Declared non-disabled","White","South East (England)","Milton Keynes","1360","1300","34140","29770"
"In post","2022","Declared non-disabled","White","South East (England)","North Hampshire","600","565","34470","27770"
"In post","2022","Declared non-disabled","White","South East (England)","Oxfordshire CC","1480","1390","32520","29530"
"In post","2022","Declared non-disabled","White","South East (England)","Portsmouth","2270","2130","32480","28790"
"In post","2022","Declared non-disabled","White","South East (England)","South Hampshire","2075","1825","31720","27570"
"In post","2022","Declared non-disabled","White","South East (England)","Southampton","795","740","34480","28200"
"In post","2022","Declared non-disabled","White","South East (England)","West Kent","205","190","38250","38070"
"In post","2022","Declared non-disabled","White","South East (England)","West Surrey","1320","1240","33900","30700"
"In post","2022","Declared non-disabled","White","South East (England)","West Sussex (North East)","685","615","31300","28060"
"In post","2022","Declared non-disabled","White","South East (England)","West Sussex (South West)","810","735","32180","27570"
"In post","2022","Declared non-disabled","White","South West (England)","Bath and North East Somerset, North Somerset and South Gloucestershire","8545","8185","38590","35430"
"In post","2022","Declared non-disabled","White","South West (England)","Bournemouth, Christchurch and Poole","500","450","28630","27570"
"In post","2022","Declared non-disabled","White","South West (England)","Bristol, City of","3850","3595","36070","32690"
"In post","2022","Declared non-disabled","White","South West (England)","Cornwall and Isles of Scilly","1110","1020","27910","27570"
"In post","2022","Declared non-disabled","White","South West (England)","Devon CC","3820","3525","33720","30230"
"In post","2022","Declared non-disabled","White","South West (England)","Dorset","1360","1275","29770","27260"
"In post","2022","Declared non-disabled","White","South West (England)","Gloucestershire CC","880","785","30890","27570"
"In post","2022","Declared non-disabled","White","South West (England)","Plymouth","1945","1800","32620","27570"
"In post","2022","Declared non-disabled","White","South West (England)","Somerset CC","1540","1435","31940","27710"
"In post","2022","Declared non-disabled","White","South West (England)","Swindon","280","260","32550","27570"
"In post","2022","Declared non-disabled","White","South West (England)","Torbay","230","195","27430","26940"
"In post","2022","Declared non-disabled","White","South West (England)","Wiltshire","5200","4995","37160","33630"
"In post","2022","Declared non-disabled","White","Unknown","Unknown","605","580","34320","30490"
"In post","2022","Declared non-disabled","White","Wales","Bridgend and Neath Port Talbot","515","460","27330","27570"
"In post","2022","Declared non-disabled","White","Wales","Cardiff and Vale of Glamorgan","7445","7030","36220","32610"
"In post","2022","Declared non-disabled","White","Wales","Central Valleys","1870","1735","32680","27570"
"In post","2022","Declared non-disabled","White","Wales","Conwy and Denbighshire","545","510","36390","31990"
"In post","2022","Declared non-disabled","White","Wales","Flintshire and Wrexham","1460","1385","28670","26970"
"In post","2022","Declared non-disabled","White","Wales","Gwent Valleys","710","650","30770","27570"
"In post","2022","Declared non-disabled","White","Wales","Gwynedd","535","495","26920","24630"
"In post","2022","Declared non-disabled","White","Wales","Isle of Anglesey","170","155","29550","27570"
"In post","2022","Declared non-disabled","White","Wales","Monmouthshire and Newport","3345","3110","35840","30810"
"In post","2022","Declared non-disabled","White","Wales","Powys","430","400","31470","27570"
"In post","2022","Declared non-disabled","White","Wales","South West Wales","1145","1060","31890","27570"
"In post","2022","Declared non-disabled","White","Wales","Swansea","5955","5355","28320","24720"
"In post","2022","Declared non-disabled","White","West Midlands (England)","Birmingham","4380","4095","34910","30450"
"In post","2022","Declared non-disabled","White","West Midlands (England)","Coventry","1135","1070","39400","36500"
"In post","2022","Declared non-disabled","White","West Midlands (England)","Dudley","620","525","26070","27570"
"In post","2022","Declared non-disabled","White","West Midlands (England)","Herefordshire, County of","295","280","28860","26670"
"In post","2022","Declared non-disabled","White","West Midlands (England)","Sandwell","175","160","28780","27570"
"In post","2022","Declared non-disabled","White","West Midlands (England)","Shropshire","815","780","29950","27570"
"In post","2022","Declared non-disabled","White","West Midlands (England)","Solihull","425","395","29820","27570"
"In post","2022","Declared non-disabled","White","West Midlands (England)","Staffordshire CC","2595","2435","30900","27570"
"In post","2022","Declared non-disabled","White","West Midlands (England)","Stoke-on-Trent","770","690","27250","25120"
"In post","2022","Declared non-disabled","White","West Midlands (England)","Telford and Wrekin","1115","1035","35420","33080"
"In post","2022","Declared non-disabled","White","West Midlands (England)","Walsall","325","280","26020","25580"
"In post","2022","Declared non-disabled","White","West Midlands (England)","Warwickshire CC","785","720","28650","26680"
"In post","2022","Declared non-disabled","White","West Midlands (England)","Wolverhampton","510","455","28370","27570"
"In post","2022","Declared non-disabled","White","West Midlands (England)","Worcestershire CC","1375","1295","29730","26850"
"In post","2022","Declared non-disabled","White","Yorkshire and The Humber","Barnsley, Doncaster and Rotherham","1985","1770","27710","27570"
"In post","2022","Declared non-disabled","White","Yorkshire and The Humber","Bradford","930","825","28080","26820"
"In post","2022","Declared non-disabled","White","Yorkshire and The Humber","Calderdale and Kirklees","510","455","29080","27570"
"In post","2022","Declared non-disabled","White","Yorkshire and The Humber","East Riding of Yorkshire","1285","1205","29310","26930"
"In post","2022","Declared non-disabled","White","Yorkshire and The Humber","Kingston upon Hull, City of","1365","1230","28650","27130"
"In post","2022","Declared non-disabled","White","Yorkshire and The Humber","Leeds","6535","6135","35910","31990"
"In post","2022","Declared non-disabled","White","Yorkshire and The Humber","North and North East Lincolnshire","580","515","26970","27370"
"In post","2022","Declared non-disabled","White","Yorkshire and The Humber","North Yorkshire CC","1270","1205","31250","27570"
"In post","2022","Declared non-disabled","White","Yorkshire and The Humber","Sheffield","4250","3895","34850","30820"
"In post","2022","Declared non-disabled","White","Yorkshire and The Humber","Wakefield","1060","975","30710","27570"
"In post","2022","Declared non-disabled","White","Yorkshire and The Humber","York","1620","1535","34880","31710"
"In post","2022","Undeclared","Asian","East Midlands (England)","Derby","[c]","[c]","[c]","[c]"
"In post","2022","Undeclared","Asian","East Midlands (England)","East Derbyshire","[c]","[c]","[c]","[c]"
"In post","2022","Undeclared","Asian","East Midlands (England)","Leicester","35","30","24510","21370"
"In post","2022","Undeclared","Asian","East Midlands (England)","Leicestershire CC and Rutland","5","5","[c]","[c]"
"In post","2022","Undeclared","Asian","East Midlands (England)","Lincolnshire CC","[c]","[c]","[c]","[c]"
"In post","2022","Undeclared","Asian","East Midlands (England)","North Northamptonshire","[c]","[c]","[c]","[c]"
"In post","2022","Undeclared","Asian","East Midlands (England)","North Nottinghamshire","[c]","[c]","[c]","[c]"
"In post","2022","Undeclared","Asian","East Midlands (England)","Nottingham","20","20","[c]","[c]"
"In post","2022","Undeclared","Asian","East Midlands (England)","South and West Derbyshire","[c]","[c]","[c]","[c]"
"In post","2022","Undeclared","Asian","East Midlands (England)","South Nottinghamshire","[c]","[c]","[c]","[c]"
"In post","2022","Undeclared","Asian","East Midlands (England)","West Northamptonshire","5","5","[c]","[c]"
"In post","2022","Undeclared","Asian","East of England","Bedford","[c]","[c]","[c]","[c]"
"In post","2022","Undeclared","Asian","East of England","Breckland and South Norfolk","[c]","[c]","[c]","[c]"
"In post","2022","Undeclared","Asian","East of England","Cambridgeshire CC","[c]","[c]","[c]","[c]"
"In post","2022","Undeclared","Asian","East of England","Central Bedfordshire","[c]","[c]","[c]","[c]"
"In post","2022","Undeclared","Asian","East of England","Essex Haven Gateway","[c]","[c]","[c]","[c]"
"In post","2022","Undeclared","Asian","East of England","Essex Thames Gateway","[c]","[c]","[c]","[c]"
"In post","2022","Undeclared","Asian","East of England","Heart of Essex","[c]","[c]","[c]","[c]"
"In post","2022","Undeclared","Asian","East of England","Hertfordshire CC","10","10","[c]","[c]"
"In post","2022","Undeclared","Asian","East of England","Luton","[c]","[c]","[c]","[c]"
"In post","2022","Undeclared","Asian","East of England","North and West Norfolk","[c]","[c]","[c]","[c]"
"In post","2022","Undeclared","Asian","East of England","Norwich and East Norfolk","[c]","[c]","[c]","[c]"
"In post","2022","Undeclared","Asian","East of England","Peterborough","5","5","[c]","[c]"
"In post","2022","Undeclared","Asian","East of England","Southend-on-Sea","[c]","[c]","[c]","[c]"
"In post","2022","Undeclared","Asian","East of England","Suffolk CC","[c]","[c]","[c]","[c]"
"In post","2022","Undeclared","Asian","East of England","Thurrock","[c]","[c]","[c]","[c]"
"In post","2022","Undeclared","Asian","East of England","West Essex","[c]","[c]","[c]","[c]"
"In post","2022","Undeclared","Asian","London","Barking & Dagenham and Havering","5","5","[c]","[c]"
"In post","2022","Undeclared","Asian","London","Barnet","[c]","[c]","[c]","[c]"
"In post","2022","Undeclared","Asian","London","Bexley and Greenwich","10","5","[c]","[c]"
"In post","2022","Undeclared","Asian","London","Brent","5","5","[c]","[c]"
"In post","2022","Undeclared","Asian","London","Bromley","[c]","[c]","[c]","[c]"
"In post","2022","Undeclared","Asian","London","Camden and City of London","10","10","[c]","[c]"
"In post","2022","Undeclared","Asian","London","Croydon","75","70","33370","30110"
"In post","2022","Undeclared","Asian","London","Ealing","[c]","[c]","[c]","[c]"
"In post","2022","Undeclared","Asian","London","Enfield","5","5","[c]","[c]"
"In post","2022","Undeclared","Asian","London","Hackney and Newham","55","50","37940","33440"
"In post","2022","Undeclared","Asian","London","Haringey and Islington","15","10","[c]","[c]"
"In post","2022","Undeclared","Asian","London","Harrow and Hillingdon","40","40","32660","30330"
"In post","2022","Undeclared","Asian","London","Hounslow and Richmond upon Thames","30","30","31360","31060"
"In post","2022","Undeclared","Asian","London","Kensington & Chelsea and Hammersmith & Fulham","10","10","[c]","[c]"
"In post","2022","Undeclared","Asian","London","Lambeth","[c]","[c]","[c]","[c]"
"In post","2022","Undeclared","Asian","London","Lewisham and Southwark","5","5","[c]","[c]"
"In post","2022","Undeclared","Asian","London","Merton, Kingston upon Thames and Sutton","[c]","[c]","[c]","[c]"
"In post","2022","Undeclared","Asian","London","Redbridge and Waltham Forest","15","15","[c]","[c]"
"In post","2022","Undeclared","Asian","London","Tower Hamlets","35","35","37020","31670"
"In post","2022","Undeclared","Asian","London","Wandsworth","10","5","[c]","[c]"
"In post","2022","Undeclared","Asian","London","Westminster","265","260","43850","40230"
"In post","2022","Undeclared","Asian","North East (England)","Darlington","[c]","[c]","[c]","[c]"
"In post","2022","Undeclared","Asian","North East (England)","Durham","5","5","[c]","[c]"
"In post","2022","Undeclared","Asian","North East (England)","Hartlepool and Stockton-on-Tees","[c]","[c]","[c]","[c]"
"In post","2022","Undeclared","Asian","North East (England)","Northumberland","[c]","[c]","[c]","[c]"
"In post","2022","Undeclared","Asian","North East (England)","South Teesside","[c]","[c]","[c]","[c]"
"In post","2022","Undeclared","Asian","North East (England)","Sunderland","[c]","[c]","[c]","[c]"
"In post","2022","Undeclared","Asian","North East (England)","Tyneside","15","10","[c]","[c]"
"In post","2022","Undeclared","Asian","North West (England)","Blackburn with Darwen","5","5","[c]","[c]"
"In post","2022","Undeclared","Asian","North West (England)","Blackpool","10","10","[c]","[c]"
"In post","2022","Undeclared","Asian","North West (England)","Cheshire East","[c]","[c]","[c]","[c]"
"In post","2022","Undeclared","Asian","North West (England)","Cheshire West and Chester","[c]","[c]","[c]","[c]"
"In post","2022","Undeclared","Asian","North West (England)","Chorley and West Lancashire","[c]","[c]","[c]","[c]"
"In post","2022","Undeclared","Asian","North West (England)","East Cumbria","[c]","[c]","[c]","[c]"
"In post","2022","Undeclared","Asian","North West (England)","East Lancashire","5","5","[c]","[c]"
"In post","2022","Undeclared","Asian","North West (England)","East Merseyside","[c]","[c]","[c]","[c]"
"In post","2022","Undeclared","Asian","North West (England)","Greater Manchester North East","10","10","[c]","[c]"
"In post","2022","Undeclared","Asian","North West (England)","Greater Manchester North West","10","10","[c]","[c]"
"In post","2022","Undeclared","Asian","North West (England)","Greater Manchester South East","5","5","[c]","[c]"
"In post","2022","Undeclared","Asian","North West (England)","Greater Manchester South West","25","20","[c]","[c]"
"In post","2022","Undeclared","Asian","North West (England)","Lancaster and Wyre","[c]","[c]","[c]","[c]"
"In post","2022","Undeclared","Asian","North West (England)","Liverpool","5","5","[c]","[c]"
"In post","2022","Undeclared","Asian","North West (England)","Manchester","40","35","32570","28460"
"In post","2022","Undeclared","Asian","North West (England)","Mid Lancashire","35","30","23130","21260"
"In post","2022","Undeclared","Asian","North West (England)","Sefton","[c]","[c]","[c]","[c]"
"In post","2022","Undeclared","Asian","North West (England)","Warrington","[c]","[c]","[c]","[c]"
"In post","2022","Undeclared","Asian","North West (England)","West Cumbria","[c]","[c]","[c]","[c]"
"In post","2022","Undeclared","Asian","North West (England)","Wirral","[c]","[c]","[c]","[c]"
"In post","2022","Undeclared","Asian","Northern Ireland","Antrim and Newtownabbey","[c]","[c]","[c]","[c]"
"In post","2022","Undeclared","Asian","Northern Ireland","Ards and North Down","[c]","[c]","[c]","[c]"
"In post","2022","Undeclared","Asian","Northern Ireland","Armagh City, Banbridge and Craigavon","[c]","[c]","[c]","[c]"
"In post","2022","Undeclared","Asian","Northern Ireland","Belfast","[c]","[c]","[c]","[c]"
"In post","2022","Undeclared","Asian","Northern Ireland","Causeway Coast and Glens","[c]","[c]","[c]","[c]"
"In post","2022","Undeclared","Asian","Northern Ireland","Derry City and Strabane","[c]","[c]","[c]","[c]"
"In post","2022","Undeclared","Asian","Northern Ireland","Fermanagh and Omagh","[c]","[c]","[c]","[c]"
"In post","2022","Undeclared","Asian","Northern Ireland","Lisburn and Castlereagh","[c]","[c]","[c]","[c]"
"In post","2022","Undeclared","Asian","Northern Ireland","Mid and East Antrim","[c]","[c]","[c]","[c]"
"In post","2022","Undeclared","Asian","Northern Ireland","Mid Ulster","[c]","[c]","[c]","[c]"
"In post","2022","Undeclared","Asian","Northern Ireland","Newry, Mourne and Down","[c]","[c]","[c]","[c]"
"In post","2022","Undeclared","Asian","Overseas","Overseas","[c]","[c]","[c]","[c]"
"In post","2022","Undeclared","Asian","Scotland","Aberdeen City and Aberdeenshire","[c]","[c]","[c]","[c]"
"In post","2022","Undeclared","Asian","Scotland","Angus and Dundee City","[c]","[c]","[c]","[c]"
"In post","2022","Undeclared","Asian","Scotland","Caithness and Sutherland, and Ross and Cromarty","[c]","[c]","[c]","[c]"
"In post","2022","Undeclared","Asian","Scotland","City of Edinburgh","5","5","[c]","[c]"
"In post","2022","Undeclared","Asian","Scotland","Clackmannanshire and Fife","[c]","[c]","[c]","[c]"
"In post","2022","Undeclared","Asian","Scotland","Dumfries and Galloway","[c]","[c]","[c]","[c]"
"In post","2022","Undeclared","Asian","Scotland","East Ayrshire and North Ayrshire mainland","[c]","[c]","[c]","[c]"
"In post","2022","Undeclared","Asian","Scotland","East Dunbartonshire, West Dunbartonshire, and Helensburgh and Lomond","[c]","[c]","[c]","[c]"
"In post","2022","Undeclared","Asian","Scotland","East Lothian and Midlothian","[c]","[c]","[c]","[c]"
"In post","2022","Undeclared","Asian","Scotland","Falkirk","[c]","[c]","[c]","[c]"
"In post","2022","Undeclared","Asian","Scotland","Glasgow City","10","10","[c]","[c]"
"In post","2022","Undeclared","Asian","Scotland","Inverclyde, East Renfrewshire, and Renfrewshire","[c]","[c]","[c]","[c]"
"In post","2022","Undeclared","Asian","Scotland","Inverness and Nairn, Moray, and Badenoch and Strathspey","[c]","[c]","[c]","[c]"
"In post","2022","Undeclared","Asian","Scotland","Lochaber, Skye and Lochalsh, Arran and Cumbrae, and Argyll and Bute","[c]","[c]","[c]","[c]"
"In post","2022","Undeclared","Asian","Scotland","Na h-Eileanan Siar","[c]","[c]","[c]","[c]"
"In post","2022","Undeclared","Asian","Scotland","North Lanarkshire","[c]","[c]","[c]","[c]"
"In post","2022","Undeclared","Asian","Scotland","Orkney Islands","[c]","[c]","[c]","[c]"
"In post","2022","Undeclared","Asian","Scotland","Perth and Kinross, and Stirling","[c]","[c]","[c]","[c]"
"In post","2022","Undeclared","Asian","Scotland","Scottish Borders","[c]","[c]","[c]","[c]"
"In post","2022","Undeclared","Asian","Scotland","Shetland Islands","[c]","[c]","[c]","[c]"
"In post","2022","Undeclared","Asian","Scotland","South Ayrshire","[c]","[c]","[c]","[c]"
"In post","2022","Undeclared","Asian","Scotland","South Lanarkshire","[c]","[c]","[c]","[c]"
"In post","2022","Undeclared","Asian","Scotland","West Lothian","[c]","[c]","[c]","[c]"
"In post","2022","Undeclared","Asian","South East (England)","Berkshire","15","15","[c]","[c]"
"In post","2022","Undeclared","Asian","South East (England)","Brighton and Hove","[c]","[c]","[c]","[c]"
"In post","2022","Undeclared","Asian","South East (England)","Buckinghamshire","5","5","[c]","[c]"
"In post","2022","Undeclared","Asian","South East (England)","Central Hampshire","[c]","[c]","[c]","[c]"
"In post","2022","Undeclared","Asian","South East (England)","East Kent","[c]","[c]","[c]","[c]"
"In post","2022","Undeclared","Asian","South East (England)","East Surrey","5","5","[c]","[c]"
"In post","2022","Undeclared","Asian","South East (England)","East Sussex CC","[c]","[c]","[c]","[c]"
"In post","2022","Undeclared","Asian","South East (England)","Isle of Wight","[c]","[c]","[c]","[c]"
"In post","2022","Undeclared","Asian","South East (England)","Kent Thames Gateway","[c]","[c]","[c]","[c]"
"In post","2022","Undeclared","Asian","South East (England)","Medway","[c]","[c]","[c]","[c]"
"In post","2022","Undeclared","Asian","South East (England)","Mid Kent","[c]","[c]","[c]","[c]"
"In post","2022","Undeclared","Asian","South East (England)","Milton Keynes","5","5","[c]","[c]"
"In post","2022","Undeclared","Asian","South East (England)","North Hampshire","[c]","[c]","[c]","[c]"
"In post","2022","Undeclared","Asian","South East (England)","Oxfordshire CC","5","5","[c]","[c]"
"In post","2022","Undeclared","Asian","South East (England)","Portsmouth","[c]","[c]","[c]","[c]"
"In post","2022","Undeclared","Asian","South East (England)","South Hampshire","5","5","[c]","[c]"
"In post","2022","Undeclared","Asian","South East (England)","Southampton","[c]","[c]","[c]","[c]"
"In post","2022","Undeclared","Asian","South East (England)","West Kent","[c]","[c]","[c]","[c]"
"In post","2022","Undeclared","Asian","South East (England)","West Surrey","[c]","[c]","[c]","[c]"
"In post","2022","Undeclared","Asian","South East (England)","West Sussex (North East)","5","5","[c]","[c]"
"In post","2022","Undeclared","Asian","South East (England)","West Sussex (South West)","[c]","[c]","[c]","[c]"
"In post","2022","Undeclared","Asian","South West (England)","Bath and North East Somerset, North Somerset and South Gloucestershire","20","20","[c]","[c]"
"In post","2022","Undeclared","Asian","South West (England)","Bournemouth, Christchurch and Poole","[c]","[c]","[c]","[c]"
"In post","2022","Undeclared","Asian","South West (England)","Bristol, City of","10","10","[c]","[c]"
"In post","2022","Undeclared","Asian","South West (England)","Cornwall and Isles of Scilly","[c]","[c]","[c]","[c]"
"In post","2022","Undeclared","Asian","South West (England)","Devon CC","[c]","[c]","[c]","[c]"
"In post","2022","Undeclared","Asian","South West (England)","Dorset","[c]","[c]","[c]","[c]"
"In post","2022","Undeclared","Asian","South West (England)","Gloucestershire CC","[c]","[c]","[c]","[c]"
"In post","2022","Undeclared","Asian","South West (England)","Plymouth","[c]","[c]","[c]","[c]"
"In post","2022","Undeclared","Asian","South West (England)","Somerset CC","[c]","[c]","[c]","[c]"
"In post","2022","Undeclared","Asian","South West (England)","Swindon","[c]","[c]","[c]","[c]"
"In post","2022","Undeclared","Asian","South West (England)","Torbay","[c]","[c]","[c]","[c]"
"In post","2022","Undeclared","Asian","South West (England)","Wiltshire","[c]","[c]","[c]","[c]"
"In post","2022","Undeclared","Asian","Unknown","Unknown","[c]","[c]","[c]","[c]"
"In post","2022","Undeclared","Asian","Wales","Bridgend and Neath Port Talbot","[c]","[c]","[c]","[c]"
"In post","2022","Undeclared","Asian","Wales","Cardiff and Vale of Glamorgan","5","5","[c]","[c]"
"In post","2022","Undeclared","Asian","Wales","Central Valleys","[c]","[c]","[c]","[c]"
"In post","2022","Undeclared","Asian","Wales","Conwy and Denbighshire","[c]","[c]","[c]","[c]"
"In post","2022","Undeclared","Asian","Wales","Flintshire and Wrexham","[c]","[c]","[c]","[c]"
"In post","2022","Undeclared","Asian","Wales","Gwent Valleys","[c]","[c]","[c]","[c]"
"In post","2022","Undeclared","Asian","Wales","Gwynedd","[c]","[c]","[c]","[c]"
"In post","2022","Undeclared","Asian","Wales","Isle of Anglesey","[c]","[c]","[c]","[c]"
"In post","2022","Undeclared","Asian","Wales","Monmouthshire and Newport","[c]","[c]","[c]","[c]"
"In post","2022","Undeclared","Asian","Wales","Powys","[c]","[c]","[c]","[c]"
"In post","2022","Undeclared","Asian","Wales","South West Wales","[c]","[c]","[c]","[c]"
"In post","2022","Undeclared","Asian","Wales","Swansea","[c]","[c]","[c]","[c]"
"In post","2022","Undeclared","Asian","West Midlands (England)","Birmingham","130","125","27730","27570"
"In post","2022","Undeclared","Asian","West Midlands (England)","Coventry","15","10","[c]","[c]"
"In post","2022","Undeclared","Asian","West Midlands (England)","Dudley","[c]","[c]","[c]","[c]"
"In post","2022","Undeclared","Asian","West Midlands (England)","Herefordshire, County of","[c]","[c]","[c]","[c]"
"In post","2022","Undeclared","Asian","West Midlands (England)","Sandwell","5","5","[c]","[c]"
"In post","2022","Undeclared","Asian","West Midlands (England)","Shropshire","[c]","[c]","[c]","[c]"
"In post","2022","Undeclared","Asian","West Midlands (England)","Solihull","5","5","[c]","[c]"
"In post","2022","Undeclared","Asian","West Midlands (England)","Staffordshire CC","5","5","[c]","[c]"
"In post","2022","Undeclared","Asian","West Midlands (England)","Stoke-on-Trent","5","5","[c]","[c]"
"In post","2022","Undeclared","Asian","West Midlands (England)","Telford and Wrekin","[c]","[c]","[c]","[c]"
"In post","2022","Undeclared","Asian","West Midlands (England)","Walsall","5","5","[c]","[c]"
"In post","2022","Undeclared","Asian","West Midlands (England)","Warwickshire CC","10","5","[c]","[c]"
"In post","2022","Undeclared","Asian","West Midlands (England)","Wolverhampton","5","5","[c]","[c]"
"In post","2022","Undeclared","Asian","West Midlands (England)","Worcestershire CC","[c]","[c]","[c]","[c]"
"In post","2022","Undeclared","Asian","Yorkshire and The Humber","Barnsley, Doncaster and Rotherham","[c]","[c]","[c]","[c]"
"In post","2022","Undeclared","Asian","Yorkshire and The Humber","Bradford","40","35","24170","22080"
"In post","2022","Undeclared","Asian","Yorkshire and The Humber","Calderdale and Kirklees","5","5","[c]","[c]"
"In post","2022","Undeclared","Asian","Yorkshire and The Humber","East Riding of Yorkshire","[c]","[c]","[c]","[c]"
"In post","2022","Undeclared","Asian","Yorkshire and The Humber","Kingston upon Hull, City of","[c]","[c]","[c]","[c]"
"In post","2022","Undeclared","Asian","Yorkshire and The Humber","Leeds","50","45","31310","29210"
"In post","2022","Undeclared","Asian","Yorkshire and The Humber","North and North East Lincolnshire","[c]","[c]","[c]","[c]"
"In post","2022","Undeclared","Asian","Yorkshire and The Humber","North Yorkshire CC","[c]","[c]","[c]","[c]"
"In post","2022","Undeclared","Asian","Yorkshire and The Humber","Sheffield","15","10","[c]","[c]"
"In post","2022","Undeclared","Asian","Yorkshire and The Humber","Wakefield","[c]","[c]","[c]","[c]"
"In post","2022","Undeclared","Asian","Yorkshire and The Humber","York","[c]","[c]","[c]","[c]"
"In post","2022","Undeclared","Black","East Midlands (England)","Derby","[c]","[c]","[c]","[c]"
"In post","2022","Undeclared","Black","East Midlands (England)","East Derbyshire","[c]","[c]","[c]","[c]"
"In post","2022","Undeclared","Black","East Midlands (England)","Leicester","5","5","[c]","[c]"
"In post","2022","Undeclared","Black","East Midlands (England)","Leicestershire CC and Rutland","[c]","[c]","[c]","[c]"
"In post","2022","Undeclared","Black","East Midlands (England)","Lincolnshire CC","[c]","[c]","[c]","[c]"
"In post","2022","Undeclared","Black","East Midlands (England)","North Northamptonshire","[c]","[c]","[c]","[c]"
"In post","2022","Undeclared","Black","East Midlands (England)","North Nottinghamshire","[c]","[c]","[c]","[c]"
"In post","2022","Undeclared","Black","East Midlands (England)","Nottingham","10","10","[c]","[c]"
"In post","2022","Undeclared","Black","East Midlands (England)","South and West Derbyshire","[c]","[c]","[c]","[c]"
"In post","2022","Undeclared","Black","East Midlands (England)","South Nottinghamshire","[c]","[c]","[c]","[c]"
"In post","2022","Undeclared","Black","East Midlands (England)","West Northamptonshire","[c]","[c]","[c]","[c]"
"In post","2022","Undeclared","Black","East of England","Bedford","[c]","[c]","[c]","[c]"
"In post","2022","Undeclared","Black","East of England","Breckland and South Norfolk","[c]","[c]","[c]","[c]"
"In post","2022","Undeclared","Black","East of England","Cambridgeshire CC","[c]","[c]","[c]","[c]"
"In post","2022","Undeclared","Black","East of England","Central Bedfordshire","[c]","[c]","[c]","[c]"
"In post","2022","Undeclared","Black","East of England","Essex Haven Gateway","[c]","[c]","[c]","[c]"
"In post","2022","Undeclared","Black","East of England","Essex Thames Gateway","[c]","[c]","[c]","[c]"
"In post","2022","Undeclared","Black","East of England","Heart of Essex","[c]","[c]","[c]","[c]"
"In post","2022","Undeclared","Black","East of England","Hertfordshire CC","10","10","[c]","[c]"
"In post","2022","Undeclared","Black","East of England","Luton","[c]","[c]","[c]","[c]"
"In post","2022","Undeclared","Black","East of England","North and West Norfolk","[c]","[c]","[c]","[c]"
"In post","2022","Undeclared","Black","East of England","Norwich and East Norfolk","[c]","[c]","[c]","[c]"
"In post","2022","Undeclared","Black","East of England","Peterborough","[c]","[c]","[c]","[c]"
"In post","2022","Undeclared","Black","East of England","Southend-on-Sea","[c]","[c]","[c]","[c]"
"In post","2022","Undeclared","Black","East of England","Suffolk CC","[c]","[c]","[c]","[c]"
"In post","2022","Undeclared","Black","East of England","Thurrock","[c]","[c]","[c]","[c]"
"In post","2022","Undeclared","Black","East of England","West Essex","[c]","[c]","[c]","[c]"
"In post","2022","Undeclared","Black","London","Barking & Dagenham and Havering","[c]","[c]","[c]","[c]"
"In post","2022","Undeclared","Black","London","Barnet","[c]","[c]","[c]","[c]"
"In post","2022","Undeclared","Black","London","Bexley and Greenwich","15","15","[c]","[c]"
"In post","2022","Undeclared","Black","London","Brent","5","5","[c]","[c]"
"In post","2022","Undeclared","Black","London","Bromley","5","5","[c]","[c]"
"In post","2022","Undeclared","Black","London","Camden and City of London","20","20","[c]","[c]"
"In post","2022","Undeclared","Black","London","Croydon","60","55","34670","31060"
"In post","2022","Undeclared","Black","London","Ealing","[c]","[c]","[c]","[c]"
"In post","2022","Undeclared","Black","London","Enfield","[c]","[c]","[c]","[c]"
"In post","2022","Undeclared","Black","London","Hackney and Newham","30","30","34380","31060"
"In post","2022","Undeclared","Black","London","Haringey and Islington","55","50","31480","31700"
"In post","2022","Undeclared","Black","London","Harrow and Hillingdon","10","10","[c]","[c]"
"In post","2022","Undeclared","Black","London","Hounslow and Richmond upon Thames","15","15","[c]","[c]"
"In post","2022","Undeclared","Black","London","Kensington & Chelsea and Hammersmith & Fulham","25","25","[c]","[c]"
"In post","2022","Undeclared","Black","London","Lambeth","30","30","30590","31060"
"In post","2022","Undeclared","Black","London","Lewisham and Southwark","20","20","[c]","[c]"
"In post","2022","Undeclared","Black","London","Merton, Kingston upon Thames and Sutton","[c]","[c]","[c]","[c]"
"In post","2022","Undeclared","Black","London","Redbridge and Waltham Forest","10","10","[c]","[c]"
"In post","2022","Undeclared","Black","London","Tower Hamlets","20","20","[c]","[c]"
"In post","2022","Undeclared","Black","London","Wandsworth","35","30","32630","33560"
"In post","2022","Undeclared","Black","London","Westminster","130","125","39530","34550"
"In post","2022","Undeclared","Black","North East (England)","Darlington","[c]","[c]","[c]","[c]"
"In post","2022","Undeclared","Black","North East (England)","Durham","[c]","[c]","[c]","[c]"
"In post","2022","Undeclared","Black","North East (England)","Hartlepool and Stockton-on-Tees","[c]","[c]","[c]","[c]"
"In post","2022","Undeclared","Black","North East (England)","Northumberland","[c]","[c]","[c]","[c]"
"In post","2022","Undeclared","Black","North East (England)","South Teesside","[c]","[c]","[c]","[c]"
"In post","2022","Undeclared","Black","North East (England)","Sunderland","[c]","[c]","[c]","[c]"
"In post","2022","Undeclared","Black","North East (England)","Tyneside","[c]","[c]","[c]","[c]"
"In post","2022","Undeclared","Black","North West (England)","Blackburn with Darwen","[c]","[c]","[c]","[c]"
"In post","2022","Undeclared","Black","North West (England)","Blackpool","[c]","[c]","[c]","[c]"
"In post","2022","Undeclared","Black","North West (England)","Cheshire East","[c]","[c]","[c]","[c]"
"In post","2022","Undeclared","Black","North West (England)","Cheshire West and Chester","[c]","[c]","[c]","[c]"
"In post","2022","Undeclared","Black","North West (England)","Chorley and West Lancashire","[c]","[c]","[c]","[c]"
"In post","2022","Undeclared","Black","North West (England)","East Cumbria","[c]","[c]","[c]","[c]"
"In post","2022","Undeclared","Black","North West (England)","East Lancashire","[c]","[c]","[c]","[c]"
"In post","2022","Undeclared","Black","North West (England)","East Merseyside","[c]","[c]","[c]","[c]"
"In post","2022","Undeclared","Black","North West (England)","Greater Manchester North East","[c]","[c]","[c]","[c]"
"In post","2022","Undeclared","Black","North West (England)","Greater Manchester North West","[c]","[c]","[c]","[c]"
"In post","2022","Undeclared","Black","North West (England)","Greater Manchester South East","[c]","[c]","[c]","[c]"
"In post","2022","Undeclared","Black","North West (England)","Greater Manchester South West","5","5","[c]","[c]"
"In post","2022","Undeclared","Black","North West (England)","Lancaster and Wyre","[c]","[c]","[c]","[c]"
"In post","2022","Undeclared","Black","North West (England)","Liverpool","[c]","[c]","[c]","[c]"
"In post","2022","Undeclared","Black","North West (England)","Manchester","15","15","[c]","[c]"
"In post","2022","Undeclared","Black","North West (England)","Mid Lancashire","[c]","[c]","[c]","[c]"
"In post","2022","Undeclared","Black","North West (England)","Sefton","[c]","[c]","[c]","[c]"
"In post","2022","Undeclared","Black","North West (England)","Warrington","[c]","[c]","[c]","[c]"
"In post","2022","Undeclared","Black","North West (England)","West Cumbria","[c]","[c]","[c]","[c]"
"In post","2022","Undeclared","Black","North West (England)","Wirral","[c]","[c]","[c]","[c]"
"In post","2022","Undeclared","Black","Northern Ireland","Antrim and Newtownabbey","[c]","[c]","[c]","[c]"
"In post","2022","Undeclared","Black","Northern Ireland","Ards and North Down","[c]","[c]","[c]","[c]"
"In post","2022","Undeclared","Black","Northern Ireland","Armagh City, Banbridge and Craigavon","[c]","[c]","[c]","[c]"
"In post","2022","Undeclared","Black","Northern Ireland","Belfast","[c]","[c]","[c]","[c]"
"In post","2022","Undeclared","Black","Northern Ireland","Causeway Coast and Glens","[c]","[c]","[c]","[c]"
"In post","2022","Undeclared","Black","Northern Ireland","Derry City and Strabane","[c]","[c]","[c]","[c]"
"In post","2022","Undeclared","Black","Northern Ireland","Fermanagh and Omagh","[c]","[c]","[c]","[c]"
"In post","2022","Undeclared","Black","Northern Ireland","Lisburn and Castlereagh","[c]","[c]","[c]","[c]"
"In post","2022","Undeclared","Black","Northern Ireland","Mid and East Antrim","[c]","[c]","[c]","[c]"
"In post","2022","Undeclared","Black","Northern Ireland","Mid Ulster","[c]","[c]","[c]","[c]"
"In post","2022","Undeclared","Black","Northern Ireland","Newry, Mourne and Down","[c]","[c]","[c]","[c]"
"In post","2022","Undeclared","Black","Overseas","Overseas","[c]","[c]","[c]","[c]"
"In post","2022","Undeclared","Black","Scotland","Aberdeen City and Aberdeenshire","[c]","[c]","[c]","[c]"
"In post","2022","Undeclared","Black","Scotland","Angus and Dundee City","[c]","[c]","[c]","[c]"
"In post","2022","Undeclared","Black","Scotland","Caithness and Sutherland, and Ross and Cromarty","[c]","[c]","[c]","[c]"
"In post","2022","Undeclared","Black","Scotland","City of Edinburgh","[c]","[c]","[c]","[c]"
"In post","2022","Undeclared","Black","Scotland","Clackmannanshire and Fife","[c]","[c]","[c]","[c]"
"In post","2022","Undeclared","Black","Scotland","Dumfries and Galloway","[c]","[c]","[c]","[c]"
"In post","2022","Undeclared","Black","Scotland","East Ayrshire and North Ayrshire mainland","[c]","[c]","[c]","[c]"
"In post","2022","Undeclared","Black","Scotland","East Dunbartonshire, West Dunbartonshire, and Helensburgh and Lomond","[c]","[c]","[c]","[c]"
"In post","2022","Undeclared","Black","Scotland","East Lothian and Midlothian","[c]","[c]","[c]","[c]"
"In post","2022","Undeclared","Black","Scotland","Falkirk","[c]","[c]","[c]","[c]"
"In post","2022","Undeclared","Black","Scotland","Glasgow City","[c]","[c]","[c]","[c]"
"In post","2022","Undeclared","Black","Scotland","Inverclyde, East Renfrewshire, and Renfrewshire","[c]","[c]","[c]","[c]"
"In post","2022","Undeclared","Black","Scotland","Inverness and Nairn, Moray, and Badenoch and Strathspey","[c]","[c]","[c]","[c]"
"In post","2022","Undeclared","Black","Scotland","Lochaber, Skye and Lochalsh, Arran and Cumbrae, and Argyll and Bute","[c]","[c]","[c]","[c]"
"In post","2022","Undeclared","Black","Scotland","Na h-Eileanan Siar","[c]","[c]","[c]","[c]"
"In post","2022","Undeclared","Black","Scotland","North Lanarkshire","[c]","[c]","[c]","[c]"
"In post","2022","Undeclared","Black","Scotland","Orkney Islands","[c]","[c]","[c]","[c]"
"In post","2022","Undeclared","Black","Scotland","Perth and Kinross, and Stirling","[c]","[c]","[c]","[c]"
"In post","2022","Undeclared","Black","Scotland","Scottish Borders","[c]","[c]","[c]","[c]"
"In post","2022","Undeclared","Black","Scotland","Shetland Islands","[c]","[c]","[c]","[c]"
"In post","2022","Undeclared","Black","Scotland","South Ayrshire","[c]","[c]","[c]","[c]"
"In post","2022","Undeclared","Black","Scotland","South Lanarkshire","[c]","[c]","[c]","[c]"
"In post","2022","Undeclared","Black","Scotland","West Lothian","[c]","[c]","[c]","[c]"
"In post","2022","Undeclared","Black","South East (England)","Berkshire","5","5","[c]","[c]"
"In post","2022","Undeclared","Black","South East (England)","Brighton and Hove","[c]","[c]","[c]","[c]"
"In post","2022","Undeclared","Black","South East (England)","Buckinghamshire","5","5","[c]","[c]"
"In post","2022","Undeclared","Black","South East (England)","Central Hampshire","[c]","[c]","[c]","[c]"
"In post","2022","Undeclared","Black","South East (England)","East Kent","[c]","[c]","[c]","[c]"
"In post","2022","Undeclared","Black","South East (England)","East Surrey","10","10","[c]","[c]"
"In post","2022","Undeclared","Black","South East (England)","East Sussex CC","[c]","[c]","[c]","[c]"
"In post","2022","Undeclared","Black","South East (England)","Isle of Wight","[c]","[c]","[c]","[c]"
"In post","2022","Undeclared","Black","South East (England)","Kent Thames Gateway","[c]","[c]","[c]","[c]"
"In post","2022","Undeclared","Black","South East (England)","Medway","[c]","[c]","[c]","[c]"
"In post","2022","Undeclared","Black","South East (England)","Mid Kent","[c]","[c]","[c]","[c]"
"In post","2022","Undeclared","Black","South East (England)","Milton Keynes","[c]","[c]","[c]","[c]"
"In post","2022","Undeclared","Black","South East (England)","North Hampshire","[c]","[c]","[c]","[c]"
"In post","2022","Undeclared","Black","South East (England)","Oxfordshire CC","[c]","[c]","[c]","[c]"
"In post","2022","Undeclared","Black","South East (England)","Portsmouth","[c]","[c]","[c]","[c]"
"In post","2022","Undeclared","Black","South East (England)","South Hampshire","[c]","[c]","[c]","[c]"
"In post","2022","Undeclared","Black","South East (England)","Southampton","[c]","[c]","[c]","[c]"
"In post","2022","Undeclared","Black","South East (England)","West Kent","[c]","[c]","[c]","[c]"
"In post","2022","Undeclared","Black","South East (England)","West Surrey","5","5","[c]","[c]"
"In post","2022","Undeclared","Black","South East (England)","West Sussex (North East)","[c]","[c]","[c]","[c]"
"In post","2022","Undeclared","Black","South East (England)","West Sussex (South West)","[c]","[c]","[c]","[c]"
"In post","2022","Undeclared","Black","South West (England)","Bath and North East Somerset, North Somerset and South Gloucestershire","10","10","[c]","[c]"
"In post","2022","Undeclared","Black","South West (England)","Bournemouth, Christchurch and Poole","[c]","[c]","[c]","[c]"
"In post","2022","Undeclared","Black","South West (England)","Bristol, City of","[c]","[c]","[c]","[c]"
"In post","2022","Undeclared","Black","South West (England)","Cornwall and Isles of Scilly","[c]","[c]","[c]","[c]"
"In post","2022","Undeclared","Black","South West (England)","Devon CC","[c]","[c]","[c]","[c]"
"In post","2022","Undeclared","Black","South West (England)","Dorset","[c]","[c]","[c]","[c]"
"In post","2022","Undeclared","Black","South West (England)","Gloucestershire CC","[c]","[c]","[c]","[c]"
"In post","2022","Undeclared","Black","South West (England)","Plymouth","[c]","[c]","[c]","[c]"
"In post","2022","Undeclared","Black","South West (England)","Somerset CC","[c]","[c]","[c]","[c]"
"In post","2022","Undeclared","Black","South West (England)","Swindon","[c]","[c]","[c]","[c]"
"In post","2022","Undeclared","Black","South West (England)","Torbay","[c]","[c]","[c]","[c]"
"In post","2022","Undeclared","Black","South West (England)","Wiltshire","[c]","[c]","[c]","[c]"
"In post","2022","Undeclared","Black","Unknown","Unknown","[c]","[c]","[c]","[c]"
"In post","2022","Undeclared","Black","Wales","Bridgend and Neath Port Talbot","[c]","[c]","[c]","[c]"
"In post","2022","Undeclared","Black","Wales","Cardiff and Vale of Glamorgan","[c]","[c]","[c]","[c]"
"In post","2022","Undeclared","Black","Wales","Central Valleys","[c]","[c]","[c]","[c]"
"In post","2022","Undeclared","Black","Wales","Conwy and Denbighshire","[c]","[c]","[c]","[c]"
"In post","2022","Undeclared","Black","Wales","Flintshire and Wrexham","[c]","[c]","[c]","[c]"
"In post","2022","Undeclared","Black","Wales","Gwent Valleys","[c]","[c]","[c]","[c]"
"In post","2022","Undeclared","Black","Wales","Gwynedd","[c]","[c]","[c]","[c]"
"In post","2022","Undeclared","Black","Wales","Isle of Anglesey","[c]","[c]","[c]","[c]"
"In post","2022","Undeclared","Black","Wales","Monmouthshire and Newport","[c]","[c]","[c]","[c]"
"In post","2022","Undeclared","Black","Wales","Powys","[c]","[c]","[c]","[c]"
"In post","2022","Undeclared","Black","Wales","South West Wales","[c]","[c]","[c]","[c]"
"In post","2022","Undeclared","Black","Wales","Swansea","[c]","[c]","[c]","[c]"
"In post","2022","Undeclared","Black","West Midlands (England)","Birmingham","35","35","31330","27570"
"In post","2022","Undeclared","Black","West Midlands (England)","Coventry","[c]","[c]","[c]","[c]"
"In post","2022","Undeclared","Black","West Midlands (England)","Dudley","[c]","[c]","[c]","[c]"
"In post","2022","Undeclared","Black","West Midlands (England)","Herefordshire, County of","[c]","[c]","[c]","[c]"
"In post","2022","Undeclared","Black","West Midlands (England)","Sandwell","[c]","[c]","[c]","[c]"
"In post","2022","Undeclared","Black","West Midlands (England)","Shropshire","[c]","[c]","[c]","[c]"
"In post","2022","Undeclared","Black","West Midlands (England)","Solihull","[c]","[c]","[c]","[c]"
"In post","2022","Undeclared","Black","West Midlands (England)","Staffordshire CC","5","5","[c]","[c]"
"In post","2022","Undeclared","Black","West Midlands (England)","Stoke-on-Trent","[c]","[c]","[c]","[c]"
"In post","2022","Undeclared","Black","West Midlands (England)","Telford and Wrekin","[c]","[c]","[c]","[c]"
"In post","2022","Undeclared","Black","West Midlands (England)","Walsall","[c]","[c]","[c]","[c]"
"In post","2022","Undeclared","Black","West Midlands (England)","Warwickshire CC","[c]","[c]","[c]","[c]"
"In post","2022","Undeclared","Black","West Midlands (England)","Wolverhampton","5","5","[c]","[c]"
"In post","2022","Undeclared","Black","West Midlands (England)","Worcestershire CC","[c]","[c]","[c]","[c]"
"In post","2022","Undeclared","Black","Yorkshire and The Humber","Barnsley, Doncaster and Rotherham","[c]","[c]","[c]","[c]"
"In post","2022","Undeclared","Black","Yorkshire and The Humber","Bradford","[c]","[c]","[c]","[c]"
"In post","2022","Undeclared","Black","Yorkshire and The Humber","Calderdale and Kirklees","[c]","[c]","[c]","[c]"
"In post","2022","Undeclared","Black","Yorkshire and The Humber","East Riding of Yorkshire","[c]","[c]","[c]","[c]"
"In post","2022","Undeclared","Black","Yorkshire and The Humber","Kingston upon Hull, City of","[c]","[c]","[c]","[c]"
"In post","2022","Undeclared","Black","Yorkshire and The Humber","Leeds","10","10","[c]","[c]"
"In post","2022","Undeclared","Black","Yorkshire and The Humber","North and North East Lincolnshire","[c]","[c]","[c]","[c]"
"In post","2022","Undeclared","Black","Yorkshire and The Humber","North Yorkshire CC","[c]","[c]","[c]","[c]"
"In post","2022","Undeclared","Black","Yorkshire and The Humber","Sheffield","5","5","[c]","[c]"
"In post","2022","Undeclared","Black","Yorkshire and The Humber","Wakefield","[c]","[c]","[c]","[c]"
"In post","2022","Undeclared","Black","Yorkshire and The Humber","York","[c]","[c]","[c]","[c]"
"In post","2022","Undeclared","Mixed","East Midlands (England)","Derby","[c]","[c]","[c]","[c]"
"In post","2022","Undeclared","Mixed","East Midlands (England)","East Derbyshire","[c]","[c]","[c]","[c]"
"In post","2022","Undeclared","Mixed","East Midlands (England)","Leicester","[c]","[c]","[c]","[c]"
"In post","2022","Undeclared","Mixed","East Midlands (England)","Leicestershire CC and Rutland","[c]","[c]","[c]","[c]"
"In post","2022","Undeclared","Mixed","East Midlands (England)","Lincolnshire CC","5","5","[c]","[c]"
"In post","2022","Undeclared","Mixed","East Midlands (England)","North Northamptonshire","[c]","[c]","[c]","[c]"
"In post","2022","Undeclared","Mixed","East Midlands (England)","North Nottinghamshire","[c]","[c]","[c]","[c]"
"In post","2022","Undeclared","Mixed","East Midlands (England)","Nottingham","10","10","[c]","[c]"
"In post","2022","Undeclared","Mixed","East Midlands (England)","South and West Derbyshire","[c]","[c]","[c]","[c]"
"In post","2022","Undeclared","Mixed","East Midlands (England)","South Nottinghamshire","[c]","[c]","[c]","[c]"
"In post","2022","Undeclared","Mixed","East Midlands (England)","West Northamptonshire","[c]","[c]","[c]","[c]"
"In post","2022","Undeclared","Mixed","East of England","Bedford","[c]","[c]","[c]","[c]"
"In post","2022","Undeclared","Mixed","East of England","Breckland and South Norfolk","[c]","[c]","[c]","[c]"
"In post","2022","Undeclared","Mixed","East of England","Cambridgeshire CC","10","10","[c]","[c]"
"In post","2022","Undeclared","Mixed","East of England","Central Bedfordshire","[c]","[c]","[c]","[c]"
"In post","2022","Undeclared","Mixed","East of England","Essex Haven Gateway","[c]","[c]","[c]","[c]"
"In post","2022","Undeclared","Mixed","East of England","Essex Thames Gateway","[c]","[c]","[c]","[c]"
"In post","2022","Undeclared","Mixed","East of England","Heart of Essex","[c]","[c]","[c]","[c]"
"In post","2022","Undeclared","Mixed","East of England","Hertfordshire CC","[c]","[c]","[c]","[c]"
"In post","2022","Undeclared","Mixed","East of England","Luton","[c]","[c]","[c]","[c]"
"In post","2022","Undeclared","Mixed","East of England","North and West Norfolk","[c]","[c]","[c]","[c]"
"In post","2022","Undeclared","Mixed","East of England","Norwich and East Norfolk","[c]","[c]","[c]","[c]"
"In post","2022","Undeclared","Mixed","East of England","Peterborough","[c]","[c]","[c]","[c]"
"In post","2022","Undeclared","Mixed","East of England","Southend-on-Sea","[c]","[c]","[c]","[c]"
"In post","2022","Undeclared","Mixed","East of England","Suffolk CC","[c]","[c]","[c]","[c]"
"In post","2022","Undeclared","Mixed","East of England","Thurrock","[c]","[c]","[c]","[c]"
"In post","2022","Undeclared","Mixed","East of England","West Essex","[c]","[c]","[c]","[c]"
"In post","2022","Undeclared","Mixed","London","Barking & Dagenham and Havering","[c]","[c]","[c]","[c]"
"In post","2022","Undeclared","Mixed","London","Barnet","[c]","[c]","[c]","[c]"
"In post","2022","Undeclared","Mixed","London","Bexley and Greenwich","10","10","[c]","[c]"
"In post","2022","Undeclared","Mixed","London","Brent","[c]","[c]","[c]","[c]"
"In post","2022","Undeclared","Mixed","London","Bromley","[c]","[c]","[c]","[c]"
"In post","2022","Undeclared","Mixed","London","Camden and City of London","5","5","[c]","[c]"
"In post","2022","Undeclared","Mixed","London","Croydon","10","10","[c]","[c]"
"In post","2022","Undeclared","Mixed","London","Ealing","[c]","[c]","[c]","[c]"
"In post","2022","Undeclared","Mixed","London","Enfield","[c]","[c]","[c]","[c]"
"In post","2022","Undeclared","Mixed","London","Hackney and Newham","10","10","[c]","[c]"
"In post","2022","Undeclared","Mixed","London","Haringey and Islington","[c]","[c]","[c]","[c]"
"In post","2022","Undeclared","Mixed","London","Harrow and Hillingdon","[c]","[c]","[c]","[c]"
"In post","2022","Undeclared","Mixed","London","Hounslow and Richmond upon Thames","[c]","[c]","[c]","[c]"
"In post","2022","Undeclared","Mixed","London","Kensington & Chelsea and Hammersmith & Fulham","[c]","[c]","[c]","[c]"
"In post","2022","Undeclared","Mixed","London","Lambeth","[c]","[c]","[c]","[c]"
"In post","2022","Undeclared","Mixed","London","Lewisham and Southwark","[c]","[c]","[c]","[c]"
"In post","2022","Undeclared","Mixed","London","Merton, Kingston upon Thames and Sutton","[c]","[c]","[c]","[c]"
"In post","2022","Undeclared","Mixed","London","Redbridge and Waltham Forest","[c]","[c]","[c]","[c]"
"In post","2022","Undeclared","Mixed","London","Tower Hamlets","5","5","[c]","[c]"
"In post","2022","Undeclared","Mixed","London","Wandsworth","[c]","[c]","[c]","[c]"
"In post","2022","Undeclared","Mixed","London","Westminster","90","90","44240","38690"
"In post","2022","Undeclared","Mixed","North East (England)","Darlington","[c]","[c]","[c]","[c]"
"In post","2022","Undeclared","Mixed","North East (England)","Durham","[c]","[c]","[c]","[c]"
"In post","2022","Undeclared","Mixed","North East (England)","Hartlepool and Stockton-on-Tees","[c]","[c]","[c]","[c]"
"In post","2022","Undeclared","Mixed","North East (England)","Northumberland","[c]","[c]","[c]","[c]"
"In post","2022","Undeclared","Mixed","North East (England)","South Teesside","[c]","[c]","[c]","[c]"
"In post","2022","Undeclared","Mixed","North East (England)","Sunderland","[c]","[c]","[c]","[c]"
"In post","2022","Undeclared","Mixed","North East (England)","Tyneside","10","10","[c]","[c]"
"In post","2022","Undeclared","Mixed","North West (England)","Blackburn with Darwen","[c]","[c]","[c]","[c]"
"In post","2022","Undeclared","Mixed","North West (England)","Blackpool","[c]","[c]","[c]","[c]"
"In post","2022","Undeclared","Mixed","North West (England)","Cheshire East","[c]","[c]","[c]","[c]"
"In post","2022","Undeclared","Mixed","North West (England)","Cheshire West and Chester","[c]","[c]","[c]","[c]"
"In post","2022","Undeclared","Mixed","North West (England)","Chorley and West Lancashire","[c]","[c]","[c]","[c]"
"In post","2022","Undeclared","Mixed","North West (England)","East Cumbria","[c]","[c]","[c]","[c]"
"In post","2022","Undeclared","Mixed","North West (England)","East Lancashire","[c]","[c]","[c]","[c]"
"In post","2022","Undeclared","Mixed","North West (England)","East Merseyside","[c]","[c]","[c]","[c]"
"In post","2022","Undeclared","Mixed","North West (England)","Greater Manchester North East","[c]","[c]","[c]","[c]"
"In post","2022","Undeclared","Mixed","North West (England)","Greater Manchester North West","[c]","[c]","[c]","[c]"
"In post","2022","Undeclared","Mixed","North West (England)","Greater Manchester South East","[c]","[c]","[c]","[c]"
"In post","2022","Undeclared","Mixed","North West (England)","Greater Manchester South West","5","5","[c]","[c]"
"In post","2022","Undeclared","Mixed","North West (England)","Lancaster and Wyre","[c]","[c]","[c]","[c]"
"In post","2022","Undeclared","Mixed","North West (England)","Liverpool","10","10","[c]","[c]"
"In post","2022","Undeclared","Mixed","North West (England)","Manchester","10","10","[c]","[c]"
"In post","2022","Undeclared","Mixed","North West (England)","Mid Lancashire","[c]","[c]","[c]","[c]"
"In post","2022","Undeclared","Mixed","North West (England)","Sefton","[c]","[c]","[c]","[c]"
"In post","2022","Undeclared","Mixed","North West (England)","Warrington","[c]","[c]","[c]","[c]"
"In post","2022","Undeclared","Mixed","North West (England)","West Cumbria","[c]","[c]","[c]","[c]"
"In post","2022","Undeclared","Mixed","North West (England)","Wirral","[c]","[c]","[c]","[c]"
"In post","2022","Undeclared","Mixed","Northern Ireland","Antrim and Newtownabbey","[c]","[c]","[c]","[c]"
"In post","2022","Undeclared","Mixed","Northern Ireland","Ards and North Down","[c]","[c]","[c]","[c]"
"In post","2022","Undeclared","Mixed","Northern Ireland","Armagh City, Banbridge and Craigavon","[c]","[c]","[c]","[c]"
"In post","2022","Undeclared","Mixed","Northern Ireland","Belfast","[c]","[c]","[c]","[c]"
"In post","2022","Undeclared","Mixed","Northern Ireland","Causeway Coast and Glens","[c]","[c]","[c]","[c]"
"In post","2022","Undeclared","Mixed","Northern Ireland","Derry City and Strabane","[c]","[c]","[c]","[c]"
"In post","2022","Undeclared","Mixed","Northern Ireland","Fermanagh and Omagh","[c]","[c]","[c]","[c]"
"In post","2022","Undeclared","Mixed","Northern Ireland","Lisburn and Castlereagh","[c]","[c]","[c]","[c]"
"In post","2022","Undeclared","Mixed","Northern Ireland","Mid and East Antrim","[c]","[c]","[c]","[c]"
"In post","2022","Undeclared","Mixed","Northern Ireland","Mid Ulster","[c]","[c]","[c]","[c]"
"In post","2022","Undeclared","Mixed","Northern Ireland","Newry, Mourne and Down","[c]","[c]","[c]","[c]"
"In post","2022","Undeclared","Mixed","Overseas","Overseas","5","5","[c]","[c]"
"In post","2022","Undeclared","Mixed","Scotland","Aberdeen City and Aberdeenshire","[c]","[c]","[c]","[c]"
"In post","2022","Undeclared","Mixed","Scotland","Angus and Dundee City","[c]","[c]","[c]","[c]"
"In post","2022","Undeclared","Mixed","Scotland","Caithness and Sutherland, and Ross and Cromarty","[c]","[c]","[c]","[c]"
"In post","2022","Undeclared","Mixed","Scotland","City of Edinburgh","5","5","[c]","[c]"
"In post","2022","Undeclared","Mixed","Scotland","Clackmannanshire and Fife","[c]","[c]","[c]","[c]"
"In post","2022","Undeclared","Mixed","Scotland","Dumfries and Galloway","[c]","[c]","[c]","[c]"
"In post","2022","Undeclared","Mixed","Scotland","East Ayrshire and North Ayrshire mainland","[c]","[c]","[c]","[c]"
"In post","2022","Undeclared","Mixed","Scotland","East Dunbartonshire, West Dunbartonshire, and Helensburgh and Lomond","[c]","[c]","[c]","[c]"
"In post","2022","Undeclared","Mixed","Scotland","East Lothian and Midlothian","[c]","[c]","[c]","[c]"
"In post","2022","Undeclared","Mixed","Scotland","Falkirk","[c]","[c]","[c]","[c]"
"In post","2022","Undeclared","Mixed","Scotland","Glasgow City","[c]","[c]","[c]","[c]"
"In post","2022","Undeclared","Mixed","Scotland","Inverclyde, East Renfrewshire, and Renfrewshire","[c]","[c]","[c]","[c]"
"In post","2022","Undeclared","Mixed","Scotland","Inverness and Nairn, Moray, and Badenoch and Strathspey","[c]","[c]","[c]","[c]"
"In post","2022","Undeclared","Mixed","Scotland","Lochaber, Skye and Lochalsh, Arran and Cumbrae, and Argyll and Bute","[c]","[c]","[c]","[c]"
"In post","2022","Undeclared","Mixed","Scotland","Na h-Eileanan Siar","[c]","[c]","[c]","[c]"
"In post","2022","Undeclared","Mixed","Scotland","North Lanarkshire","[c]","[c]","[c]","[c]"
"In post","2022","Undeclared","Mixed","Scotland","Orkney Islands","[c]","[c]","[c]","[c]"
"In post","2022","Undeclared","Mixed","Scotland","Perth and Kinross, and Stirling","[c]","[c]","[c]","[c]"
"In post","2022","Undeclared","Mixed","Scotland","Scottish Borders","[c]","[c]","[c]","[c]"
"In post","2022","Undeclared","Mixed","Scotland","Shetland Islands","[c]","[c]","[c]","[c]"
"In post","2022","Undeclared","Mixed","Scotland","South Ayrshire","[c]","[c]","[c]","[c]"
"In post","2022","Undeclared","Mixed","Scotland","South Lanarkshire","[c]","[c]","[c]","[c]"
"In post","2022","Undeclared","Mixed","Scotland","West Lothian","[c]","[c]","[c]","[c]"
"In post","2022","Undeclared","Mixed","South East (England)","Berkshire","5","5","[c]","[c]"
"In post","2022","Undeclared","Mixed","South East (England)","Brighton and Hove","[c]","[c]","[c]","[c]"
"In post","2022","Undeclared","Mixed","South East (England)","Buckinghamshire","[c]","[c]","[c]","[c]"
"In post","2022","Undeclared","Mixed","South East (England)","Central Hampshire","[c]","[c]","[c]","[c]"
"In post","2022","Undeclared","Mixed","South East (England)","East Kent","5","5","[c]","[c]"
"In post","2022","Undeclared","Mixed","South East (England)","East Surrey","[c]","[c]","[c]","[c]"
"In post","2022","Undeclared","Mixed","South East (England)","East Sussex CC","[c]","[c]","[c]","[c]"
"In post","2022","Undeclared","Mixed","South East (England)","Isle of Wight","[c]","[c]","[c]","[c]"
"In post","2022","Undeclared","Mixed","South East (England)","Kent Thames Gateway","[c]","[c]","[c]","[c]"
"In post","2022","Undeclared","Mixed","South East (England)","Medway","[c]","[c]","[c]","[c]"
"In post","2022","Undeclared","Mixed","South East (England)","Mid Kent","[c]","[c]","[c]","[c]"
"In post","2022","Undeclared","Mixed","South East (England)","Milton Keynes","[c]","[c]","[c]","[c]"
"In post","2022","Undeclared","Mixed","South East (England)","North Hampshire","[c]","[c]","[c]","[c]"
"In post","2022","Undeclared","Mixed","South East (England)","Oxfordshire CC","[c]","[c]","[c]","[c]"
"In post","2022","Undeclared","Mixed","South East (England)","Portsmouth","[c]","[c]","[c]","[c]"
"In post","2022","Undeclared","Mixed","South East (England)","South Hampshire","[c]","[c]","[c]","[c]"
"In post","2022","Undeclared","Mixed","South East (England)","Southampton","[c]","[c]","[c]","[c]"
"In post","2022","Undeclared","Mixed","South East (England)","West Kent","[c]","[c]","[c]","[c]"
"In post","2022","Undeclared","Mixed","South East (England)","West Surrey","[c]","[c]","[c]","[c]"
"In post","2022","Undeclared","Mixed","South East (England)","West Sussex (North East)","[c]","[c]","[c]","[c]"
"In post","2022","Undeclared","Mixed","South East (England)","West Sussex (South West)","[c]","[c]","[c]","[c]"
"In post","2022","Undeclared","Mixed","South West (England)","Bath and North East Somerset, North Somerset and South Gloucestershire","10","10","[c]","[c]"
"In post","2022","Undeclared","Mixed","South West (England)","Bournemouth, Christchurch and Poole","[c]","[c]","[c]","[c]"
"In post","2022","Undeclared","Mixed","South West (England)","Bristol, City of","10","10","[c]","[c]"
"In post","2022","Undeclared","Mixed","South West (England)","Cornwall and Isles of Scilly","[c]","[c]","[c]","[c]"
"In post","2022","Undeclared","Mixed","South West (England)","Devon CC","[c]","[c]","[c]","[c]"
"In post","2022","Undeclared","Mixed","South West (England)","Dorset","[c]","[c]","[c]","[c]"
"In post","2022","Undeclared","Mixed","South West (England)","Gloucestershire CC","[c]","[c]","[c]","[c]"
"In post","2022","Undeclared","Mixed","South West (England)","Plymouth","[c]","[c]","[c]","[c]"
"In post","2022","Undeclared","Mixed","South West (England)","Somerset CC","[c]","[c]","[c]","[c]"
"In post","2022","Undeclared","Mixed","South West (England)","Swindon","[c]","[c]","[c]","[c]"
"In post","2022","Undeclared","Mixed","South West (England)","Torbay","[c]","[c]","[c]","[c]"
"In post","2022","Undeclared","Mixed","South West (England)","Wiltshire","[c]","[c]","[c]","[c]"
"In post","2022","Undeclared","Mixed","Unknown","Unknown","[c]","[c]","[c]","[c]"
"In post","2022","Undeclared","Mixed","Wales","Bridgend and Neath Port Talbot","[c]","[c]","[c]","[c]"
"In post","2022","Undeclared","Mixed","Wales","Cardiff and Vale of Glamorgan","[c]","[c]","[c]","[c]"
"In post","2022","Undeclared","Mixed","Wales","Central Valleys","[c]","[c]","[c]","[c]"
"In post","2022","Undeclared","Mixed","Wales","Conwy and Denbighshire","[c]","[c]","[c]","[c]"
"In post","2022","Undeclared","Mixed","Wales","Flintshire and Wrexham","[c]","[c]","[c]","[c]"
"In post","2022","Undeclared","Mixed","Wales","Gwent Valleys","[c]","[c]","[c]","[c]"
"In post","2022","Undeclared","Mixed","Wales","Gwynedd","[c]","[c]","[c]","[c]"
"In post","2022","Undeclared","Mixed","Wales","Isle of Anglesey","[c]","[c]","[c]","[c]"
"In post","2022","Undeclared","Mixed","Wales","Monmouthshire and Newport","[c]","[c]","[c]","[c]"
"In post","2022","Undeclared","Mixed","Wales","Powys","[c]","[c]","[c]","[c]"
"In post","2022","Undeclared","Mixed","Wales","South West Wales","[c]","[c]","[c]","[c]"
"In post","2022","Undeclared","Mixed","Wales","Swansea","[c]","[c]","[c]","[c]"
"In post","2022","Undeclared","Mixed","West Midlands (England)","Birmingham","10","10","[c]","[c]"
"In post","2022","Undeclared","Mixed","West Midlands (England)","Coventry","[c]","[c]","[c]","[c]"
"In post","2022","Undeclared","Mixed","West Midlands (England)","Dudley","[c]","[c]","[c]","[c]"
"In post","2022","Undeclared","Mixed","West Midlands (England)","Herefordshire, County of","[c]","[c]","[c]","[c]"
"In post","2022","Undeclared","Mixed","West Midlands (England)","Sandwell","[c]","[c]","[c]","[c]"
"In post","2022","Undeclared","Mixed","West Midlands (England)","Shropshire","[c]","[c]","[c]","[c]"
"In post","2022","Undeclared","Mixed","West Midlands (England)","Solihull","[c]","[c]","[c]","[c]"
"In post","2022","Undeclared","Mixed","West Midlands (England)","Staffordshire CC","[c]","[c]","[c]","[c]"
"In post","2022","Undeclared","Mixed","West Midlands (England)","Stoke-on-Trent","[c]","[c]","[c]","[c]"
"In post","2022","Undeclared","Mixed","West Midlands (England)","Telford and Wrekin","[c]","[c]","[c]","[c]"
"In post","2022","Undeclared","Mixed","West Midlands (England)","Walsall","[c]","[c]","[c]","[c]"
"In post","2022","Undeclared","Mixed","West Midlands (England)","Warwickshire CC","[c]","[c]","[c]","[c]"
"In post","2022","Undeclared","Mixed","West Midlands (England)","Wolverhampton","[c]","[c]","[c]","[c]"
"In post","2022","Undeclared","Mixed","West Midlands (England)","Worcestershire CC","[c]","[c]","[c]","[c]"
"In post","2022","Undeclared","Mixed","Yorkshire and The Humber","Barnsley, Doncaster and Rotherham","[c]","[c]","[c]","[c]"
"In post","2022","Undeclared","Mixed","Yorkshire and The Humber","Bradford","[c]","[c]","[c]","[c]"
"In post","2022","Undeclared","Mixed","Yorkshire and The Humber","Calderdale and Kirklees","[c]","[c]","[c]","[c]"
"In post","2022","Undeclared","Mixed","Yorkshire and The Humber","East Riding of Yorkshire","[c]","[c]","[c]","[c]"
"In post","2022","Undeclared","Mixed","Yorkshire and The Humber","Kingston upon Hull, City of","5","5","[c]","[c]"
"In post","2022","Undeclared","Mixed","Yorkshire and The Humber","Leeds","10","10","[c]","[c]"
"In post","2022","Undeclared","Mixed","Yorkshire and The Humber","North and North East Lincolnshire","[c]","[c]","[c]","[c]"
"In post","2022","Undeclared","Mixed","Yorkshire and The Humber","North Yorkshire CC","[c]","[c]","[c]","[c]"
"In post","2022","Undeclared","Mixed","Yorkshire and The Humber","Sheffield","[c]","[c]","[c]","[c]"
"In post","2022","Undeclared","Mixed","Yorkshire and The Humber","Wakefield","[c]","[c]","[c]","[c]"
"In post","2022","Undeclared","Mixed","Yorkshire and The Humber","York","[c]","[c]","[c]","[c]"
"In post","2022","Undeclared","Other ethnicity","East Midlands (England)","Derby","[c]","[c]","[c]","[c]"
"In post","2022","Undeclared","Other ethnicity","East Midlands (England)","East Derbyshire","[c]","[c]","[c]","[c]"
"In post","2022","Undeclared","Other ethnicity","East Midlands (England)","Leicester","[c]","[c]","[c]","[c]"
"In post","2022","Undeclared","Other ethnicity","East Midlands (England)","Leicestershire CC and Rutland","[c]","[c]","[c]","[c]"
"In post","2022","Undeclared","Other ethnicity","East Midlands (England)","Lincolnshire CC","[c]","[c]","[c]","[c]"
"In post","2022","Undeclared","Other ethnicity","East Midlands (England)","North Northamptonshire","[c]","[c]","[c]","[c]"
"In post","2022","Undeclared","Other ethnicity","East Midlands (England)","North Nottinghamshire","[c]","[c]","[c]","[c]"
"In post","2022","Undeclared","Other ethnicity","East Midlands (England)","Nottingham","[c]","[c]","[c]","[c]"
"In post","2022","Undeclared","Other ethnicity","East Midlands (England)","South and West Derbyshire","[c]","[c]","[c]","[c]"
"In post","2022","Undeclared","Other ethnicity","East Midlands (England)","South Nottinghamshire","[c]","[c]","[c]","[c]"
"In post","2022","Undeclared","Other ethnicity","East Midlands (England)","West Northamptonshire","[c]","[c]","[c]","[c]"
"In post","2022","Undeclared","Other ethnicity","East of England","Bedford","[c]","[c]","[c]","[c]"
"In post","2022","Undeclared","Other ethnicity","East of England","Breckland and South Norfolk","[c]","[c]","[c]","[c]"
"In post","2022","Undeclared","Other ethnicity","East of England","Cambridgeshire CC","5","5","[c]","[c]"
"In post","2022","Undeclared","Other ethnicity","East of England","Central Bedfordshire","[c]","[c]","[c]","[c]"
"In post","2022","Undeclared","Other ethnicity","East of England","Essex Haven Gateway","[c]","[c]","[c]","[c]"
"In post","2022","Undeclared","Other ethnicity","East of England","Essex Thames Gateway","[c]","[c]","[c]","[c]"
"In post","2022","Undeclared","Other ethnicity","East of England","Heart of Essex","[c]","[c]","[c]","[c]"
"In post","2022","Undeclared","Other ethnicity","East of England","Hertfordshire CC","[c]","[c]","[c]","[c]"
"In post","2022","Undeclared","Other ethnicity","East of England","Luton","[c]","[c]","[c]","[c]"
"In post","2022","Undeclared","Other ethnicity","East of England","North and West Norfolk","[c]","[c]","[c]","[c]"
"In post","2022","Undeclared","Other ethnicity","East of England","Norwich and East Norfolk","[c]","[c]","[c]","[c]"
"In post","2022","Undeclared","Other ethnicity","East of England","Peterborough","[c]","[c]","[c]","[c]"
"In post","2022","Undeclared","Other ethnicity","East of England","Southend-on-Sea","[c]","[c]","[c]","[c]"
"In post","2022","Undeclared","Other ethnicity","East of England","Suffolk CC","[c]","[c]","[c]","[c]"
"In post","2022","Undeclared","Other ethnicity","East of England","Thurrock","[c]","[c]","[c]","[c]"
"In post","2022","Undeclared","Other ethnicity","East of England","West Essex","[c]","[c]","[c]","[c]"
"In post","2022","Undeclared","Other ethnicity","London","Barking & Dagenham and Havering","[c]","[c]","[c]","[c]"
"In post","2022","Undeclared","Other ethnicity","London","Barnet","[c]","[c]","[c]","[c]"
"In post","2022","Undeclared","Other ethnicity","London","Bexley and Greenwich","[c]","[c]","[c]","[c]"
"In post","2022","Undeclared","Other ethnicity","London","Brent","[c]","[c]","[c]","[c]"
"In post","2022","Undeclared","Other ethnicity","London","Bromley","[c]","[c]","[c]","[c]"
"In post","2022","Undeclared","Other ethnicity","London","Camden and City of London","[c]","[c]","[c]","[c]"
"In post","2022","Undeclared","Other ethnicity","London","Croydon","[c]","[c]","[c]","[c]"
"In post","2022","Undeclared","Other ethnicity","London","Ealing","[c]","[c]","[c]","[c]"
"In post","2022","Undeclared","Other ethnicity","London","Enfield","[c]","[c]","[c]","[c]"
"In post","2022","Undeclared","Other ethnicity","London","Hackney and Newham","[c]","[c]","[c]","[c]"
"In post","2022","Undeclared","Other ethnicity","London","Haringey and Islington","[c]","[c]","[c]","[c]"
"In post","2022","Undeclared","Other ethnicity","London","Harrow and Hillingdon","[c]","[c]","[c]","[c]"
"In post","2022","Undeclared","Other ethnicity","London","Hounslow and Richmond upon Thames","[c]","[c]","[c]","[c]"
"In post","2022","Undeclared","Other ethnicity","London","Kensington & Chelsea and Hammersmith & Fulham","[c]","[c]","[c]","[c]"
"In post","2022","Undeclared","Other ethnicity","London","Lambeth","[c]","[c]","[c]","[c]"
"In post","2022","Undeclared","Other ethnicity","London","Lewisham and Southwark","[c]","[c]","[c]","[c]"
"In post","2022","Undeclared","Other ethnicity","London","Merton, Kingston upon Thames and Sutton","[c]","[c]","[c]","[c]"
"In post","2022","Undeclared","Other ethnicity","London","Redbridge and Waltham Forest","[c]","[c]","[c]","[c]"
"In post","2022","Undeclared","Other ethnicity","London","Tower Hamlets","5","5","[c]","[c]"
"In post","2022","Undeclared","Other ethnicity","London","Wandsworth","[c]","[c]","[c]","[c]"
"In post","2022","Undeclared","Other ethnicity","London","Westminster","20","15","[c]","[c]"
"In post","2022","Undeclared","Other ethnicity","North East (England)","Darlington","[c]","[c]","[c]","[c]"
"In post","2022","Undeclared","Other ethnicity","North East (England)","Durham","[c]","[c]","[c]","[c]"
"In post","2022","Undeclared","Other ethnicity","North East (England)","Hartlepool and Stockton-on-Tees","[c]","[c]","[c]","[c]"
"In post","2022","Undeclared","Other ethnicity","North East (England)","Northumberland","[c]","[c]","[c]","[c]"
"In post","2022","Undeclared","Other ethnicity","North East (England)","South Teesside","[c]","[c]","[c]","[c]"
"In post","2022","Undeclared","Other ethnicity","North East (England)","Sunderland","[c]","[c]","[c]","[c]"
"In post","2022","Undeclared","Other ethnicity","North East (England)","Tyneside","[c]","[c]","[c]","[c]"
"In post","2022","Undeclared","Other ethnicity","North West (England)","Blackburn with Darwen","[c]","[c]","[c]","[c]"
"In post","2022","Undeclared","Other ethnicity","North West (England)","Blackpool","[c]","[c]","[c]","[c]"
"In post","2022","Undeclared","Other ethnicity","North West (England)","Cheshire East","[c]","[c]","[c]","[c]"
"In post","2022","Undeclared","Other ethnicity","North West (England)","Cheshire West and Chester","[c]","[c]","[c]","[c]"
"In post","2022","Undeclared","Other ethnicity","North West (England)","Chorley and West Lancashire","[c]","[c]","[c]","[c]"
"In post","2022","Undeclared","Other ethnicity","North West (England)","East Cumbria","[c]","[c]","[c]","[c]"
"In post","2022","Undeclared","Other ethnicity","North West (England)","East Lancashire","[c]","[c]","[c]","[c]"
"In post","2022","Undeclared","Other ethnicity","North West (England)","East Merseyside","[c]","[c]","[c]","[c]"
"In post","2022","Undeclared","Other ethnicity","North West (England)","Greater Manchester North East","[c]","[c]","[c]","[c]"
"In post","2022","Undeclared","Other ethnicity","North West (England)","Greater Manchester North West","[c]","[c]","[c]","[c]"
"In post","2022","Undeclared","Other ethnicity","North West (England)","Greater Manchester South East","[c]","[c]","[c]","[c]"
"In post","2022","Undeclared","Other ethnicity","North West (England)","Greater Manchester South West","[c]","[c]","[c]","[c]"
"In post","2022","Undeclared","Other ethnicity","North West (England)","Lancaster and Wyre","[c]","[c]","[c]","[c]"
"In post","2022","Undeclared","Other ethnicity","North West (England)","Liverpool","[c]","[c]","[c]","[c]"
"In post","2022","Undeclared","Other ethnicity","North West (England)","Manchester","[c]","[c]","[c]","[c]"
"In post","2022","Undeclared","Other ethnicity","North West (England)","Mid Lancashire","[c]","[c]","[c]","[c]"
"In post","2022","Undeclared","Other ethnicity","North West (England)","Sefton","[c]","[c]","[c]","[c]"
"In post","2022","Undeclared","Other ethnicity","North West (England)","Warrington","[c]","[c]","[c]","[c]"
"In post","2022","Undeclared","Other ethnicity","North West (England)","West Cumbria","[c]","[c]","[c]","[c]"
"In post","2022","Undeclared","Other ethnicity","North West (England)","Wirral","[c]","[c]","[c]","[c]"
"In post","2022","Undeclared","Other ethnicity","Northern Ireland","Antrim and Newtownabbey","[c]","[c]","[c]","[c]"
"In post","2022","Undeclared","Other ethnicity","Northern Ireland","Ards and North Down","[c]","[c]","[c]","[c]"
"In post","2022","Undeclared","Other ethnicity","Northern Ireland","Armagh City, Banbridge and Craigavon","[c]","[c]","[c]","[c]"
"In post","2022","Undeclared","Other ethnicity","Northern Ireland","Belfast","[c]","[c]","[c]","[c]"
"In post","2022","Undeclared","Other ethnicity","Northern Ireland","Causeway Coast and Glens","[c]","[c]","[c]","[c]"
"In post","2022","Undeclared","Other ethnicity","Northern Ireland","Derry City and Strabane","[c]","[c]","[c]","[c]"
"In post","2022","Undeclared","Other ethnicity","Northern Ireland","Fermanagh and Omagh","[c]","[c]","[c]","[c]"
"In post","2022","Undeclared","Other ethnicity","Northern Ireland","Lisburn and Castlereagh","[c]","[c]","[c]","[c]"
"In post","2022","Undeclared","Other ethnicity","Northern Ireland","Mid and East Antrim","[c]","[c]","[c]","[c]"
"In post","2022","Undeclared","Other ethnicity","Northern Ireland","Mid Ulster","[c]","[c]","[c]","[c]"
"In post","2022","Undeclared","Other ethnicity","Northern Ireland","Newry, Mourne and Down","[c]","[c]","[c]","[c]"
"In post","2022","Undeclared","Other ethnicity","Overseas","Overseas","[c]","[c]","[c]","[c]"
"In post","2022","Undeclared","Other ethnicity","Scotland","Aberdeen City and Aberdeenshire","[c]","[c]","[c]","[c]"
"In post","2022","Undeclared","Other ethnicity","Scotland","Angus and Dundee City","[c]","[c]","[c]","[c]"
"In post","2022","Undeclared","Other ethnicity","Scotland","Caithness and Sutherland, and Ross and Cromarty","[c]","[c]","[c]","[c]"
"In post","2022","Undeclared","Other ethnicity","Scotland","City of Edinburgh","[c]","[c]","[c]","[c]"
"In post","2022","Undeclared","Other ethnicity","Scotland","Clackmannanshire and Fife","[c]","[c]","[c]","[c]"
"In post","2022","Undeclared","Other ethnicity","Scotland","Dumfries and Galloway","[c]","[c]","[c]","[c]"
"In post","2022","Undeclared","Other ethnicity","Scotland","East Ayrshire and North Ayrshire mainland","[c]","[c]","[c]","[c]"
"In post","2022","Undeclared","Other ethnicity","Scotland","East Dunbartonshire, West Dunbartonshire, and Helensburgh and Lomond","[c]","[c]","[c]","[c]"
"In post","2022","Undeclared","Other ethnicity","Scotland","East Lothian and Midlothian","[c]","[c]","[c]","[c]"
"In post","2022","Undeclared","Other ethnicity","Scotland","Falkirk","[c]","[c]","[c]","[c]"
"In post","2022","Undeclared","Other ethnicity","Scotland","Glasgow City","[c]","[c]","[c]","[c]"
"In post","2022","Undeclared","Other ethnicity","Scotland","Inverclyde, East Renfrewshire, and Renfrewshire","[c]","[c]","[c]","[c]"
"In post","2022","Undeclared","Other ethnicity","Scotland","Inverness and Nairn, Moray, and Badenoch and Strathspey","[c]","[c]","[c]","[c]"
"In post","2022","Undeclared","Other ethnicity","Scotland","Lochaber, Skye and Lochalsh, Arran and Cumbrae, and Argyll and Bute","[c]","[c]","[c]","[c]"
"In post","2022","Undeclared","Other ethnicity","Scotland","Na h-Eileanan Siar","[c]","[c]","[c]","[c]"
"In post","2022","Undeclared","Other ethnicity","Scotland","North Lanarkshire","[c]","[c]","[c]","[c]"
"In post","2022","Undeclared","Other ethnicity","Scotland","Orkney Islands","[c]","[c]","[c]","[c]"
"In post","2022","Undeclared","Other ethnicity","Scotland","Perth and Kinross, and Stirling","[c]","[c]","[c]","[c]"
"In post","2022","Undeclared","Other ethnicity","Scotland","Scottish Borders","[c]","[c]","[c]","[c]"
"In post","2022","Undeclared","Other ethnicity","Scotland","Shetland Islands","[c]","[c]","[c]","[c]"
"In post","2022","Undeclared","Other ethnicity","Scotland","South Ayrshire","[c]","[c]","[c]","[c]"
"In post","2022","Undeclared","Other ethnicity","Scotland","South Lanarkshire","[c]","[c]","[c]","[c]"
"In post","2022","Undeclared","Other ethnicity","Scotland","West Lothian","[c]","[c]","[c]","[c]"
"In post","2022","Undeclared","Other ethnicity","South East (England)","Berkshire","[c]","[c]","[c]","[c]"
"In post","2022","Undeclared","Other ethnicity","South East (England)","Brighton and Hove","[c]","[c]","[c]","[c]"
"In post","2022","Undeclared","Other ethnicity","South East (England)","Buckinghamshire","[c]","[c]","[c]","[c]"
"In post","2022","Undeclared","Other ethnicity","South East (England)","Central Hampshire","[c]","[c]","[c]","[c]"
"In post","2022","Undeclared","Other ethnicity","South East (England)","East Kent","[c]","[c]","[c]","[c]"
"In post","2022","Undeclared","Other ethnicity","South East (England)","East Surrey","[c]","[c]","[c]","[c]"
"In post","2022","Undeclared","Other ethnicity","South East (England)","East Sussex CC","[c]","[c]","[c]","[c]"
"In post","2022","Undeclared","Other ethnicity","South East (England)","Isle of Wight","[c]","[c]","[c]","[c]"
"In post","2022","Undeclared","Other ethnicity","South East (England)","Kent Thames Gateway","[c]","[c]","[c]","[c]"
"In post","2022","Undeclared","Other ethnicity","South East (England)","Medway","[c]","[c]","[c]","[c]"
"In post","2022","Undeclared","Other ethnicity","South East (England)","Mid Kent","[c]","[c]","[c]","[c]"
"In post","2022","Undeclared","Other ethnicity","South East (England)","Milton Keynes","[c]","[c]","[c]","[c]"
"In post","2022","Undeclared","Other ethnicity","South East (England)","North Hampshire","[c]","[c]","[c]","[c]"
"In post","2022","Undeclared","Other ethnicity","South East (England)","Oxfordshire CC","[c]","[c]","[c]","[c]"
"In post","2022","Undeclared","Other ethnicity","South East (England)","Portsmouth","[c]","[c]","[c]","[c]"
"In post","2022","Undeclared","Other ethnicity","South East (England)","South Hampshire","[c]","[c]","[c]","[c]"
"In post","2022","Undeclared","Other ethnicity","South East (England)","Southampton","[c]","[c]","[c]","[c]"
"In post","2022","Undeclared","Other ethnicity","South East (England)","West Kent","[c]","[c]","[c]","[c]"
"In post","2022","Undeclared","Other ethnicity","South East (England)","West Surrey","[c]","[c]","[c]","[c]"
"In post","2022","Undeclared","Other ethnicity","South East (England)","West Sussex (North East)","[c]","[c]","[c]","[c]"
"In post","2022","Undeclared","Other ethnicity","South East (England)","West Sussex (South West)","[c]","[c]","[c]","[c]"
"In post","2022","Undeclared","Other ethnicity","South West (England)","Bath and North East Somerset, North Somerset and South Gloucestershire","5","5","[c]","[c]"
"In post","2022","Undeclared","Other ethnicity","South West (England)","Bournemouth, Christchurch and Poole","[c]","[c]","[c]","[c]"
"In post","2022","Undeclared","Other ethnicity","South West (England)","Bristol, City of","[c]","[c]","[c]","[c]"
"In post","2022","Undeclared","Other ethnicity","South West (England)","Cornwall and Isles of Scilly","[c]","[c]","[c]","[c]"
"In post","2022","Undeclared","Other ethnicity","South West (England)","Devon CC","[c]","[c]","[c]","[c]"
"In post","2022","Undeclared","Other ethnicity","South West (England)","Dorset","[c]","[c]","[c]","[c]"
"In post","2022","Undeclared","Other ethnicity","South West (England)","Gloucestershire CC","[c]","[c]","[c]","[c]"
"In post","2022","Undeclared","Other ethnicity","South West (England)","Plymouth","[c]","[c]","[c]","[c]"
"In post","2022","Undeclared","Other ethnicity","South West (England)","Somerset CC","[c]","[c]","[c]","[c]"
"In post","2022","Undeclared","Other ethnicity","South West (England)","Swindon","[c]","[c]","[c]","[c]"
"In post","2022","Undeclared","Other ethnicity","South West (England)","Torbay","[c]","[c]","[c]","[c]"
"In post","2022","Undeclared","Other ethnicity","South West (England)","Wiltshire","[c]","[c]","[c]","[c]"
"In post","2022","Undeclared","Other ethnicity","Unknown","Unknown","[c]","[c]","[c]","[c]"
"In post","2022","Undeclared","Other ethnicity","Wales","Bridgend and Neath Port Talbot","[c]","[c]","[c]","[c]"
"In post","2022","Undeclared","Other ethnicity","Wales","Cardiff and Vale of Glamorgan","[c]","[c]","[c]","[c]"
"In post","2022","Undeclared","Other ethnicity","Wales","Central Valleys","[c]","[c]","[c]","[c]"
"In post","2022","Undeclared","Other ethnicity","Wales","Conwy and Denbighshire","[c]","[c]","[c]","[c]"
"In post","2022","Undeclared","Other ethnicity","Wales","Flintshire and Wrexham","[c]","[c]","[c]","[c]"
"In post","2022","Undeclared","Other ethnicity","Wales","Gwent Valleys","[c]","[c]","[c]","[c]"
"In post","2022","Undeclared","Other ethnicity","Wales","Gwynedd","[c]","[c]","[c]","[c]"
"In post","2022","Undeclared","Other ethnicity","Wales","Isle of Anglesey","[c]","[c]","[c]","[c]"
"In post","2022","Undeclared","Other ethnicity","Wales","Monmouthshire and Newport","[c]","[c]","[c]","[c]"
"In post","2022","Undeclared","Other ethnicity","Wales","Powys","[c]","[c]","[c]","[c]"
"In post","2022","Undeclared","Other ethnicity","Wales","South West Wales","[c]","[c]","[c]","[c]"
"In post","2022","Undeclared","Other ethnicity","Wales","Swansea","[c]","[c]","[c]","[c]"
"In post","2022","Undeclared","Other ethnicity","West Midlands (England)","Birmingham","[c]","[c]","[c]","[c]"
"In post","2022","Undeclared","Other ethnicity","West Midlands (England)","Coventry","[c]","[c]","[c]","[c]"
"In post","2022","Undeclared","Other ethnicity","West Midlands (England)","Dudley","[c]","[c]","[c]","[c]"
"In post","2022","Undeclared","Other ethnicity","West Midlands (England)","Herefordshire, County of","[c]","[c]","[c]","[c]"
"In post","2022","Undeclared","Other ethnicity","West Midlands (England)","Sandwell","[c]","[c]","[c]","[c]"
"In post","2022","Undeclared","Other ethnicity","West Midlands (England)","Shropshire","[c]","[c]","[c]","[c]"
"In post","2022","Undeclared","Other ethnicity","West Midlands (England)","Solihull","[c]","[c]","[c]","[c]"
"In post","2022","Undeclared","Other ethnicity","West Midlands (England)","Staffordshire CC","[c]","[c]","[c]","[c]"
"In post","2022","Undeclared","Other ethnicity","West Midlands (England)","Stoke-on-Trent","[c]","[c]","[c]","[c]"
"In post","2022","Undeclared","Other ethnicity","West Midlands (England)","Telford and Wrekin","[c]","[c]","[c]","[c]"
"In post","2022","Undeclared","Other ethnicity","West Midlands (England)","Walsall","[c]","[c]","[c]","[c]"
"In post","2022","Undeclared","Other ethnicity","West Midlands (England)","Warwickshire CC","[c]","[c]","[c]","[c]"
"In post","2022","Undeclared","Other ethnicity","West Midlands (England)","Wolverhampton","[c]","[c]","[c]","[c]"
"In post","2022","Undeclared","Other ethnicity","West Midlands (England)","Worcestershire CC","[c]","[c]","[c]","[c]"
"In post","2022","Undeclared","Other ethnicity","Yorkshire and The Humber","Barnsley, Doncaster and Rotherham","[c]","[c]","[c]","[c]"
"In post","2022","Undeclared","Other ethnicity","Yorkshire and The Humber","Bradford","[c]","[c]","[c]","[c]"
"In post","2022","Undeclared","Other ethnicity","Yorkshire and The Humber","Calderdale and Kirklees","[c]","[c]","[c]","[c]"
"In post","2022","Undeclared","Other ethnicity","Yorkshire and The Humber","East Riding of Yorkshire","[c]","[c]","[c]","[c]"
"In post","2022","Undeclared","Other ethnicity","Yorkshire and The Humber","Kingston upon Hull, City of","[c]","[c]","[c]","[c]"
"In post","2022","Undeclared","Other ethnicity","Yorkshire and The Humber","Leeds","[c]","[c]","[c]","[c]"
"In post","2022","Undeclared","Other ethnicity","Yorkshire and The Humber","North and North East Lincolnshire","[c]","[c]","[c]","[c]"
"In post","2022","Undeclared","Other ethnicity","Yorkshire and The Humber","North Yorkshire CC","[c]","[c]","[c]","[c]"
"In post","2022","Undeclared","Other ethnicity","Yorkshire and The Humber","Sheffield","[c]","[c]","[c]","[c]"
"In post","2022","Undeclared","Other ethnicity","Yorkshire and The Humber","Wakefield","[c]","[c]","[c]","[c]"
"In post","2022","Undeclared","Other ethnicity","Yorkshire and The Humber","York","[c]","[c]","[c]","[c]"
"In post","2022","Undeclared","Undeclared","East Midlands (England)","Derby","15","15","[c]","[c]"
"In post","2022","Undeclared","Undeclared","East Midlands (England)","East Derbyshire","[c]","[c]","[c]","[c]"
"In post","2022","Undeclared","Undeclared","East Midlands (England)","Leicester","35","30","30780","27130"
"In post","2022","Undeclared","Undeclared","East Midlands (England)","Leicestershire CC and Rutland","30","30","[c]","[c]"
"In post","2022","Undeclared","Undeclared","East Midlands (England)","Lincolnshire CC","55","50","31710","30210"
"In post","2022","Undeclared","Undeclared","East Midlands (England)","North Northamptonshire","[c]","[c]","[c]","[c]"
"In post","2022","Undeclared","Undeclared","East Midlands (England)","North Nottinghamshire","10","5","[c]","[c]"
"In post","2022","Undeclared","Undeclared","East Midlands (England)","Nottingham","155","140","35630","33370"
"In post","2022","Undeclared","Undeclared","East Midlands (England)","South and West Derbyshire","15","15","[c]","[c]"
"In post","2022","Undeclared","Undeclared","East Midlands (England)","South Nottinghamshire","10","10","[c]","[c]"
"In post","2022","Undeclared","Undeclared","East Midlands (England)","West Northamptonshire","20","20","[c]","[c]"
"In post","2022","Undeclared","Undeclared","East of England","Bedford","10","10","[c]","[c]"
"In post","2022","Undeclared","Undeclared","East of England","Breckland and South Norfolk","[c]","[c]","[c]","[c]"
"In post","2022","Undeclared","Undeclared","East of England","Cambridgeshire CC","65","65","35370","33300"
"In post","2022","Undeclared","Undeclared","East of England","Central Bedfordshire","20","20","[c]","[c]"
"In post","2022","Undeclared","Undeclared","East of England","Essex Haven Gateway","20","20","[c]","[c]"
"In post","2022","Undeclared","Undeclared","East of England","Essex Thames Gateway","[c]","[c]","[c]","[c]"
"In post","2022","Undeclared","Undeclared","East of England","Heart of Essex","15","15","[c]","[c]"
"In post","2022","Undeclared","Undeclared","East of England","Hertfordshire CC","40","40","35220","32490"
"In post","2022","Undeclared","Undeclared","East of England","Luton","5","5","[c]","[c]"
"In post","2022","Undeclared","Undeclared","East of England","North and West Norfolk","10","10","[c]","[c]"
"In post","2022","Undeclared","Undeclared","East of England","Norwich and East Norfolk","25","25","[c]","[c]"
"In post","2022","Undeclared","Undeclared","East of England","Peterborough","30","25","30090","27660"
"In post","2022","Undeclared","Undeclared","East of England","Southend-on-Sea","30","30","36650","33370"
"In post","2022","Undeclared","Undeclared","East of England","Suffolk CC","85","80","29560","27570"
"In post","2022","Undeclared","Undeclared","East of England","Thurrock","15","15","[c]","[c]"
"In post","2022","Undeclared","Undeclared","East of England","West Essex","15","15","[c]","[c]"
"In post","2022","Undeclared","Undeclared","London","Barking & Dagenham and Havering","5","5","[c]","[c]"
"In post","2022","Undeclared","Undeclared","London","Barnet","15","15","[c]","[c]"
"In post","2022","Undeclared","Undeclared","London","Bexley and Greenwich","20","15","[c]","[c]"
"In post","2022","Undeclared","Undeclared","London","Brent","15","15","[c]","[c]"
"In post","2022","Undeclared","Undeclared","London","Bromley","[c]","[c]","[c]","[c]"
"In post","2022","Undeclared","Undeclared","London","Camden and City of London","40","40","35690","31030"
"In post","2022","Undeclared","Undeclared","London","Croydon","235","225","42360","37610"
"In post","2022","Undeclared","Undeclared","London","Ealing","10","10","[c]","[c]"
"In post","2022","Undeclared","Undeclared","London","Enfield","5","5","[c]","[c]"
"In post","2022","Undeclared","Undeclared","London","Hackney and Newham","145","135","44710","38650"
"In post","2022","Undeclared","Undeclared","London","Haringey and Islington","10","10","[c]","[c]"
"In post","2022","Undeclared","Undeclared","London","Harrow and Hillingdon","95","85","34130","30780"
"In post","2022","Undeclared","Undeclared","London","Hounslow and Richmond upon Thames","35","35","38290","35200"
"In post","2022","Undeclared","Undeclared","London","Kensington & Chelsea and Hammersmith & Fulham","5","5","[c]","[c]"
"In post","2022","Undeclared","Undeclared","London","Lambeth","20","20","[c]","[c]"
"In post","2022","Undeclared","Undeclared","London","Lewisham and Southwark","30","25","[c]","[c]"
"In post","2022","Undeclared","Undeclared","London","Merton, Kingston upon Thames and Sutton","5","5","[c]","[c]"
"In post","2022","Undeclared","Undeclared","London","Redbridge and Waltham Forest","15","15","[c]","[c]"
"In post","2022","Undeclared","Undeclared","London","Tower Hamlets","65","65","47830","47330"
"In post","2022","Undeclared","Undeclared","London","Wandsworth","10","10","[c]","[c]"
"In post","2022","Undeclared","Undeclared","London","Westminster","765","755","49860","47810"
"In post","2022","Undeclared","Undeclared","North East (England)","Darlington","25","25","[c]","[c]"
"In post","2022","Undeclared","Undeclared","North East (England)","Durham","50","45","28680","27130"
"In post","2022","Undeclared","Undeclared","North East (England)","Hartlepool and Stockton-on-Tees","15","10","[c]","[c]"
"In post","2022","Undeclared","Undeclared","North East (England)","Northumberland","10","10","[c]","[c]"
"In post","2022","Undeclared","Undeclared","North East (England)","South Teesside","15","10","[c]","[c]"
"In post","2022","Undeclared","Undeclared","North East (England)","Sunderland","55","45","27430","22080"
"In post","2022","Undeclared","Undeclared","North East (England)","Tyneside","280","265","33560","30450"
"In post","2022","Undeclared","Undeclared","North West (England)","Blackburn with Darwen","5","5","[c]","[c]"
"In post","2022","Undeclared","Undeclared","North West (England)","Blackpool","45","45","32880","27570"
"In post","2022","Undeclared","Undeclared","North West (England)","Cheshire East","20","20","[c]","[c]"
"In post","2022","Undeclared","Undeclared","North West (England)","Cheshire West and Chester","5","5","[c]","[c]"
"In post","2022","Undeclared","Undeclared","North West (England)","Chorley and West Lancashire","10","10","[c]","[c]"
"In post","2022","Undeclared","Undeclared","North West (England)","East Cumbria","15","15","[c]","[c]"
"In post","2022","Undeclared","Undeclared","North West (England)","East Lancashire","5","5","[c]","[c]"
"In post","2022","Undeclared","Undeclared","North West (England)","East Merseyside","10","10","[c]","[c]"
"In post","2022","Undeclared","Undeclared","North West (England)","Greater Manchester North East","20","15","[c]","[c]"
"In post","2022","Undeclared","Undeclared","North West (England)","Greater Manchester North West","10","10","[c]","[c]"
"In post","2022","Undeclared","Undeclared","North West (England)","Greater Manchester South East","10","5","[c]","[c]"
"In post","2022","Undeclared","Undeclared","North West (England)","Greater Manchester South West","120","115","35160","33370"
"In post","2022","Undeclared","Undeclared","North West (England)","Lancaster and Wyre","10","10","[c]","[c]"
"In post","2022","Undeclared","Undeclared","North West (England)","Liverpool","140","130","32670","27640"
"In post","2022","Undeclared","Undeclared","North West (England)","Manchester","140","135","38190","33790"
"In post","2022","Undeclared","Undeclared","North West (England)","Mid Lancashire","110","100","31320","27570"
"In post","2022","Undeclared","Undeclared","North West (England)","Sefton","75","70","35440","33370"
"In post","2022","Undeclared","Undeclared","North West (England)","Warrington","25","20","[c]","[c]"
"In post","2022","Undeclared","Undeclared","North West (England)","West Cumbria","15","15","[c]","[c]"
"In post","2022","Undeclared","Undeclared","North West (England)","Wirral","25","20","[c]","[c]"
"In post","2022","Undeclared","Undeclared","Northern Ireland","Antrim and Newtownabbey","[c]","[c]","[c]","[c]"
"In post","2022","Undeclared","Undeclared","Northern Ireland","Ards and North Down","[c]","[c]","[c]","[c]"
"In post","2022","Undeclared","Undeclared","Northern Ireland","Belfast","30","30","33060","33080"
"In post","2022","Undeclared","Undeclared","Northern Ireland","Lisburn and Castlereagh","10","10","[c]","[c]"
"In post","2022","Undeclared","Undeclared","Northern Ireland","Newry, Mourne and Down","[c]","[c]","[c]","[c]"
"In post","2022","Undeclared","Undeclared","Overseas","Overseas","75","75","46400","41900"
"In post","2022","Undeclared","Undeclared","Scotland","Aberdeen City and Aberdeenshire","25","20","[c]","[c]"
"In post","2022","Undeclared","Undeclared","Scotland","Angus and Dundee City","15","10","[c]","[c]"
"In post","2022","Undeclared","Undeclared","Scotland","Caithness and Sutherland, and Ross and Cromarty","[c]","[c]","[c]","[c]"
"In post","2022","Undeclared","Undeclared","Scotland","City of Edinburgh","85","80","37870","33370"
"In post","2022","Undeclared","Undeclared","Scotland","Clackmannanshire and Fife","10","10","[c]","[c]"
"In post","2022","Undeclared","Undeclared","Scotland","Dumfries and Galloway","[c]","[c]","[c]","[c]"
"In post","2022","Undeclared","Undeclared","Scotland","East Ayrshire and North Ayrshire mainland","10","10","[c]","[c]"
"In post","2022","Undeclared","Undeclared","Scotland","East Dunbartonshire, West Dunbartonshire, and Helensburgh and Lomond","25","25","[c]","[c]"
"In post","2022","Undeclared","Undeclared","Scotland","East Lothian and Midlothian","[c]","[c]","[c]","[c]"
"In post","2022","Undeclared","Undeclared","Scotland","Falkirk","10","10","[c]","[c]"
"In post","2022","Undeclared","Undeclared","Scotland","Glasgow City","110","100","34120","27720"
"In post","2022","Undeclared","Undeclared","Scotland","Inverclyde, East Renfrewshire, and Renfrewshire","10","10","[c]","[c]"
"In post","2022","Undeclared","Undeclared","Scotland","Inverness and Nairn, Moray, and Badenoch and Strathspey","10","10","[c]","[c]"
"In post","2022","Undeclared","Undeclared","Scotland","Lochaber, Skye and Lochalsh, Arran and Cumbrae, and Argyll and Bute","[c]","[c]","[c]","[c]"
"In post","2022","Undeclared","Undeclared","Scotland","Na h-Eileanan Siar","[c]","[c]","[c]","[c]"
"In post","2022","Undeclared","Undeclared","Scotland","North Lanarkshire","25","25","[c]","[c]"
"In post","2022","Undeclared","Undeclared","Scotland","Perth and Kinross, and Stirling","5","5","[c]","[c]"
"In post","2022","Undeclared","Undeclared","Scotland","Scottish Borders","[c]","[c]","[c]","[c]"
"In post","2022","Undeclared","Undeclared","Scotland","Shetland Islands","[c]","[c]","[c]","[c]"
"In post","2022","Undeclared","Undeclared","Scotland","South Ayrshire","5","5","[c]","[c]"
"In post","2022","Undeclared","Undeclared","Scotland","South Lanarkshire","35","30","32910","26700"
"In post","2022","Undeclared","Undeclared","Scotland","West Lothian","[c]","[c]","[c]","[c]"
"In post","2022","Undeclared","Undeclared","South East (England)","Berkshire","70","65","38060","38280"
"In post","2022","Undeclared","Undeclared","South East (England)","Brighton and Hove","10","10","[c]","[c]"
"In post","2022","Undeclared","Undeclared","South East (England)","Buckinghamshire","35","30","35270","35000"
"In post","2022","Undeclared","Undeclared","South East (England)","Central Hampshire","55","55","32380","33300"
"In post","2022","Undeclared","Undeclared","South East (England)","East Kent","150","140","28770","27370"
"In post","2022","Undeclared","Undeclared","South East (England)","East Surrey","10","10","[c]","[c]"
"In post","2022","Undeclared","Undeclared","South East (England)","East Sussex CC","35","30","31980","29090"
"In post","2022","Undeclared","Undeclared","South East (England)","Isle of Wight","15","15","[c]","[c]"
"In post","2022","Undeclared","Undeclared","South East (England)","Kent Thames Gateway","15","15","[c]","[c]"
"In post","2022","Undeclared","Undeclared","South East (England)","Medway","15","15","[c]","[c]"
"In post","2022","Undeclared","Undeclared","South East (England)","Mid Kent","10","10","[c]","[c]"
"In post","2022","Undeclared","Undeclared","South East (England)","Milton Keynes","40","40","38410","33510"
"In post","2022","Undeclared","Undeclared","South East (England)","North Hampshire","25","20","[c]","[c]"
"In post","2022","Undeclared","Undeclared","South East (England)","Oxfordshire CC","30","25","[c]","[c]"
"In post","2022","Undeclared","Undeclared","South East (England)","Portsmouth","110","105","34570","33300"
"In post","2022","Undeclared","Undeclared","South East (England)","South Hampshire","35","35","33780","35200"
"In post","2022","Undeclared","Undeclared","South East (England)","Southampton","25","25","[c]","[c]"
"In post","2022","Undeclared","Undeclared","South East (England)","West Kent","[c]","[c]","[c]","[c]"
"In post","2022","Undeclared","Undeclared","South East (England)","West Surrey","35","35","39920","34260"
"In post","2022","Undeclared","Undeclared","South East (England)","West Sussex (North East)","40","35","31040","28350"
"In post","2022","Undeclared","Undeclared","South East (England)","West Sussex (South West)","35","30","33460","30210"
"In post","2022","Undeclared","Undeclared","South West (England)","Bath and North East Somerset, North Somerset and South Gloucestershire","310","300","41400","40580"
"In post","2022","Undeclared","Undeclared","South West (England)","Bournemouth, Christchurch and Poole","10","10","[c]","[c]"
"In post","2022","Undeclared","Undeclared","South West (England)","Bristol, City of","110","100","38250","33370"
"In post","2022","Undeclared","Undeclared","South West (England)","Cornwall and Isles of Scilly","20","15","[c]","[c]"
"In post","2022","Undeclared","Undeclared","South West (England)","Devon CC","55","50","29710","27570"
"In post","2022","Undeclared","Undeclared","South West (England)","Dorset","40","35","35190","32350"
"In post","2022","Undeclared","Undeclared","South West (England)","Gloucestershire CC","35","35","30650","29890"
"In post","2022","Undeclared","Undeclared","South West (England)","Plymouth","60","60","35710","33840"
"In post","2022","Undeclared","Undeclared","South West (England)","Somerset CC","55","55","34060","33290"
"In post","2022","Undeclared","Undeclared","South West (England)","Swindon","10","10","[c]","[c]"
"In post","2022","Undeclared","Undeclared","South West (England)","Torbay","[c]","[c]","[c]","[c]"
"In post","2022","Undeclared","Undeclared","South West (England)","Wiltshire","85","85","38190","36380"
"In post","2022","Undeclared","Undeclared","Unknown","Unknown","15","15","[c]","[c]"
"In post","2022","Undeclared","Undeclared","Wales","Bridgend and Neath Port Talbot","[c]","[c]","[c]","[c]"
"In post","2022","Undeclared","Undeclared","Wales","Cardiff and Vale of Glamorgan","165","155","37490","33370"
"In post","2022","Undeclared","Undeclared","Wales","Central Valleys","30","25","[c]","[c]"
"In post","2022","Undeclared","Undeclared","Wales","Conwy and Denbighshire","10","10","[c]","[c]"
"In post","2022","Undeclared","Undeclared","Wales","Flintshire and Wrexham","35","30","27850","27000"
"In post","2022","Undeclared","Undeclared","Wales","Gwent Valleys","10","5","[c]","[c]"
"In post","2022","Undeclared","Undeclared","Wales","Gwynedd","10","10","[c]","[c]"
"In post","2022","Undeclared","Undeclared","Wales","Isle of Anglesey","10","10","[c]","[c]"
"In post","2022","Undeclared","Undeclared","Wales","Monmouthshire and Newport","15","15","[c]","[c]"
"In post","2022","Undeclared","Undeclared","Wales","Powys","10","10","[c]","[c]"
"In post","2022","Undeclared","Undeclared","Wales","South West Wales","30","30","32500","28320"
"In post","2022","Undeclared","Undeclared","Wales","Swansea","140","135","32820","26950"
"In post","2022","Undeclared","Undeclared","West Midlands (England)","Birmingham","170","160","34740","30450"
"In post","2022","Undeclared","Undeclared","West Midlands (England)","Coventry","20","20","[c]","[c]"
"In post","2022","Undeclared","Undeclared","West Midlands (England)","Dudley","5","5","[c]","[c]"
"In post","2022","Undeclared","Undeclared","West Midlands (England)","Herefordshire, County of","10","10","[c]","[c]"
"In post","2022","Undeclared","Undeclared","West Midlands (England)","Sandwell","[c]","[c]","[c]","[c]"
"In post","2022","Undeclared","Undeclared","West Midlands (England)","Shropshire","20","20","[c]","[c]"
"In post","2022","Undeclared","Undeclared","West Midlands (England)","Solihull","20","15","[c]","[c]"
"In post","2022","Undeclared","Undeclared","West Midlands (England)","Staffordshire CC","45","40","34080","27570"
"In post","2022","Undeclared","Undeclared","West Midlands (England)","Stoke-on-Trent","20","15","[c]","[c]"
"In post","2022","Undeclared","Undeclared","West Midlands (England)","Telford and Wrekin","45","45","35800","33840"
"In post","2022","Undeclared","Undeclared","West Midlands (England)","Walsall","[c]","[c]","[c]","[c]"
"In post","2022","Undeclared","Undeclared","West Midlands (England)","Warwickshire CC","15","15","[c]","[c]"
"In post","2022","Undeclared","Undeclared","West Midlands (England)","Wolverhampton","10","10","[c]","[c]"
"In post","2022","Undeclared","Undeclared","West Midlands (England)","Worcestershire CC","25","25","[c]","[c]"
"In post","2022","Undeclared","Undeclared","Yorkshire and The Humber","Barnsley, Doncaster and Rotherham","30","25","[c]","[c]"
"In post","2022","Undeclared","Undeclared","Yorkshire and The Humber","Bradford","35","30","26320","22080"
"In post","2022","Undeclared","Undeclared","Yorkshire and The Humber","Calderdale and Kirklees","10","10","[c]","[c]"
"In post","2022","Undeclared","Undeclared","Yorkshire and The Humber","East Riding of Yorkshire","35","35","29370","27570"
"In post","2022","Undeclared","Undeclared","Yorkshire and The Humber","Kingston upon Hull, City of","30","30","31460","27370"
"In post","2022","Undeclared","Undeclared","Yorkshire and The Humber","Leeds","170","160","35610","33370"
"In post","2022","Undeclared","Undeclared","Yorkshire and The Humber","North and North East Lincolnshire","10","10","[c]","[c]"
"In post","2022","Undeclared","Undeclared","Yorkshire and The Humber","North Yorkshire CC","45","40","33280","28890"
"In post","2022","Undeclared","Undeclared","Yorkshire and The Humber","Sheffield","100","95","35160","32740"
"In post","2022","Undeclared","Undeclared","Yorkshire and The Humber","Wakefield","20","20","[c]","[c]"
"In post","2022","Undeclared","Undeclared","Yorkshire and The Humber","York","40","40","34140","33300"
"In post","2022","Undeclared","Unknown","East Midlands (England)","Derby","[c]","[c]","[c]","[c]"
"In post","2022","Undeclared","Unknown","East Midlands (England)","Leicester","10","5","[c]","[c]"
"In post","2022","Undeclared","Unknown","East Midlands (England)","Leicestershire CC and Rutland","10","10","[c]","[c]"
"In post","2022","Undeclared","Unknown","East Midlands (England)","Lincolnshire CC","5","5","[c]","[c]"
"In post","2022","Undeclared","Unknown","East Midlands (England)","North Northamptonshire","[c]","[c]","[c]","[c]"
"In post","2022","Undeclared","Unknown","East Midlands (England)","North Nottinghamshire","10","5","[c]","[c]"
"In post","2022","Undeclared","Unknown","East Midlands (England)","Nottingham","20","20","[c]","[c]"
"In post","2022","Undeclared","Unknown","East Midlands (England)","South and West Derbyshire","5","5","[c]","[c]"
"In post","2022","Undeclared","Unknown","East Midlands (England)","South Nottinghamshire","[c]","[c]","[c]","[c]"
"In post","2022","Undeclared","Unknown","East Midlands (England)","West Northamptonshire","5","5","[c]","[c]"
"In post","2022","Undeclared","Unknown","East of England","Bedford","[c]","[c]","[c]","[c]"
"In post","2022","Undeclared","Unknown","East of England","Breckland and South Norfolk","[c]","[c]","[c]","[c]"
"In post","2022","Undeclared","Unknown","East of England","Cambridgeshire CC","10","10","[c]","[c]"
"In post","2022","Undeclared","Unknown","East of England","Central Bedfordshire","[c]","[c]","[c]","[c]"
"In post","2022","Undeclared","Unknown","East of England","Heart of Essex","10","5","[c]","[c]"
"In post","2022","Undeclared","Unknown","East of England","Hertfordshire CC","5","5","[c]","[c]"
"In post","2022","Undeclared","Unknown","East of England","North and West Norfolk","[c]","[c]","[c]","[c]"
"In post","2022","Undeclared","Unknown","East of England","Norwich and East Norfolk","5","5","[c]","[c]"
"In post","2022","Undeclared","Unknown","East of England","Peterborough","[c]","[c]","[c]","[c]"
"In post","2022","Undeclared","Unknown","East of England","Southend-on-Sea","[c]","[c]","[c]","[c]"
"In post","2022","Undeclared","Unknown","East of England","Suffolk CC","15","10","[c]","[c]"
"In post","2022","Undeclared","Unknown","East of England","West Essex","[c]","[c]","[c]","[c]"
"In post","2022","Undeclared","Unknown","London","Bexley and Greenwich","15","10","[c]","[c]"
"In post","2022","Undeclared","Unknown","London","Brent","[c]","[c]","[c]","[c]"
"In post","2022","Undeclared","Unknown","London","Bromley","[c]","[c]","[c]","[c]"
"In post","2022","Undeclared","Unknown","London","Camden and City of London","15","15","[c]","[c]"
"In post","2022","Undeclared","Unknown","London","Croydon","20","20","[c]","[c]"
"In post","2022","Undeclared","Unknown","London","Ealing","[c]","[c]","[c]","[c]"
"In post","2022","Undeclared","Unknown","London","Enfield","[c]","[c]","[c]","[c]"
"In post","2022","Undeclared","Unknown","London","Hackney and Newham","10","10","[c]","[c]"
"In post","2022","Undeclared","Unknown","London","Haringey and Islington","10","10","[c]","[c]"
"In post","2022","Undeclared","Unknown","London","Harrow and Hillingdon","[c]","[c]","[c]","[c]"
"In post","2022","Undeclared","Unknown","London","Hounslow and Richmond upon Thames","10","10","[c]","[c]"
"In post","2022","Undeclared","Unknown","London","Kensington & Chelsea and Hammersmith & Fulham","[c]","[c]","[c]","[c]"
"In post","2022","Undeclared","Unknown","London","Lambeth","5","5","[c]","[c]"
"In post","2022","Undeclared","Unknown","London","Lewisham and Southwark","[c]","[c]","[c]","[c]"
"In post","2022","Undeclared","Unknown","London","Merton, Kingston upon Thames and Sutton","[c]","[c]","[c]","[c]"
"In post","2022","Undeclared","Unknown","London","Redbridge and Waltham Forest","[c]","[c]","[c]","[c]"
"In post","2022","Undeclared","Unknown","London","Tower Hamlets","10","10","[c]","[c]"
"In post","2022","Undeclared","Unknown","London","Wandsworth","[c]","[c]","[c]","[c]"
"In post","2022","Undeclared","Unknown","London","Westminster","130","125","46320","44160"
"In post","2022","Undeclared","Unknown","North East (England)","Darlington","[c]","[c]","[c]","[c]"
"In post","2022","Undeclared","Unknown","North East (England)","Durham","35","30","29120","31650"
"In post","2022","Undeclared","Unknown","North East (England)","Hartlepool and Stockton-on-Tees","[c]","[c]","[c]","[c]"
"In post","2022","Undeclared","Unknown","North East (England)","Northumberland","[c]","[c]","[c]","[c]"
"In post","2022","Undeclared","Unknown","North East (England)","Sunderland","5","5","[c]","[c]"
"In post","2022","Undeclared","Unknown","North East (England)","Tyneside","25","25","[c]","[c]"
"In post","2022","Undeclared","Unknown","North West (England)","Blackpool","5","5","[c]","[c]"
"In post","2022","Undeclared","Unknown","North West (England)","Cheshire East","5","5","[c]","[c]"
"In post","2022","Undeclared","Unknown","North West (England)","Cheshire West and Chester","[c]","[c]","[c]","[c]"
"In post","2022","Undeclared","Unknown","North West (England)","Chorley and West Lancashire","15","15","[c]","[c]"
"In post","2022","Undeclared","Unknown","North West (England)","East Cumbria","[c]","[c]","[c]","[c]"
"In post","2022","Undeclared","Unknown","North West (England)","East Lancashire","[c]","[c]","[c]","[c]"
"In post","2022","Undeclared","Unknown","North West (England)","East Merseyside","[c]","[c]","[c]","[c]"
"In post","2022","Undeclared","Unknown","North West (England)","Greater Manchester North East","5","5","[c]","[c]"
"In post","2022","Undeclared","Unknown","North West (England)","Greater Manchester North West","10","10","[c]","[c]"
"In post","2022","Undeclared","Unknown","North West (England)","Greater Manchester South East","[c]","[c]","[c]","[c]"
"In post","2022","Undeclared","Unknown","North West (England)","Greater Manchester South West","15","10","[c]","[c]"
"In post","2022","Undeclared","Unknown","North West (England)","Lancaster and Wyre","10","5","[c]","[c]"
"In post","2022","Undeclared","Unknown","North West (England)","Liverpool","20","20","[c]","[c]"
"In post","2022","Undeclared","Unknown","North West (England)","Manchester","25","25","[c]","[c]"
"In post","2022","Undeclared","Unknown","North West (England)","Mid Lancashire","25","20","[c]","[c]"
"In post","2022","Undeclared","Unknown","North West (England)","Sefton","10","5","[c]","[c]"
"In post","2022","Undeclared","Unknown","North West (England)","Warrington","5","5","[c]","[c]"
"In post","2022","Undeclared","Unknown","North West (England)","West Cumbria","5","5","[c]","[c]"
"In post","2022","Undeclared","Unknown","North West (England)","Wirral","[c]","[c]","[c]","[c]"
"In post","2022","Undeclared","Unknown","Northern Ireland","Ards and North Down","[c]","[c]","[c]","[c]"
"In post","2022","Undeclared","Unknown","Northern Ireland","Belfast","5","5","[c]","[c]"
"In post","2022","Undeclared","Unknown","Northern Ireland","Mid and East Antrim","[c]","[c]","[c]","[c]"
"In post","2022","Undeclared","Unknown","Overseas","Overseas","5","5","[c]","[c]"
"In post","2022","Undeclared","Unknown","Scotland","Aberdeen City and Aberdeenshire","[c]","[c]","[c]","[c]"
"In post","2022","Undeclared","Unknown","Scotland","City of Edinburgh","10","10","[c]","[c]"
"In post","2022","Undeclared","Unknown","Scotland","Dumfries and Galloway","[c]","[c]","[c]","[c]"
"In post","2022","Undeclared","Unknown","Scotland","East Ayrshire and North Ayrshire mainland","[c]","[c]","[c]","[c]"
"In post","2022","Undeclared","Unknown","Scotland","East Dunbartonshire, West Dunbartonshire, and Helensburgh and Lomond","[c]","[c]","[c]","[c]"
"In post","2022","Undeclared","Unknown","Scotland","Glasgow City","20","15","[c]","[c]"
"In post","2022","Undeclared","Unknown","Scotland","Inverclyde, East Renfrewshire, and Renfrewshire","[c]","[c]","[c]","[c]"
"In post","2022","Undeclared","Unknown","Scotland","North Lanarkshire","[c]","[c]","[c]","[c]"
"In post","2022","Undeclared","Unknown","Scotland","Perth and Kinross, and Stirling","[c]","[c]","[c]","[c]"
"In post","2022","Undeclared","Unknown","Scotland","South Lanarkshire","[c]","[c]","[c]","[c]"
"In post","2022","Undeclared","Unknown","South East (England)","Berkshire","10","10","[c]","[c]"
"In post","2022","Undeclared","Unknown","South East (England)","Brighton and Hove","[c]","[c]","[c]","[c]"
"In post","2022","Undeclared","Unknown","South East (England)","Buckinghamshire","5","5","[c]","[c]"
"In post","2022","Undeclared","Unknown","South East (England)","Central Hampshire","10","10","[c]","[c]"
"In post","2022","Undeclared","Unknown","South East (England)","East Surrey","10","10","[c]","[c]"
"In post","2022","Undeclared","Unknown","South East (England)","East Sussex CC","5","5","[c]","[c]"
"In post","2022","Undeclared","Unknown","South East (England)","Isle of Wight","5","5","[c]","[c]"
"In post","2022","Undeclared","Unknown","South East (England)","Kent Thames Gateway","10","10","[c]","[c]"
"In post","2022","Undeclared","Unknown","South East (England)","Medway","5","5","[c]","[c]"
"In post","2022","Undeclared","Unknown","South East (England)","Mid Kent","5","5","[c]","[c]"
"In post","2022","Undeclared","Unknown","South East (England)","Milton Keynes","[c]","[c]","[c]","[c]"
"In post","2022","Undeclared","Unknown","South East (England)","North Hampshire","[c]","[c]","[c]","[c]"
"In post","2022","Undeclared","Unknown","South East (England)","Oxfordshire CC","5","5","[c]","[c]"
"In post","2022","Undeclared","Unknown","South East (England)","Portsmouth","10","10","[c]","[c]"
"In post","2022","Undeclared","Unknown","South East (England)","South Hampshire","5","5","[c]","[c]"
"In post","2022","Undeclared","Unknown","South East (England)","Southampton","[c]","[c]","[c]","[c]"
"In post","2022","Undeclared","Unknown","South East (England)","West Kent","[c]","[c]","[c]","[c]"
"In post","2022","Undeclared","Unknown","South East (England)","West Surrey","5","5","[c]","[c]"
"In post","2022","Undeclared","Unknown","South East (England)","West Sussex (South West)","[c]","[c]","[c]","[c]"
"In post","2022","Undeclared","Unknown","South West (England)","Bath and North East Somerset, North Somerset and South Gloucestershire","25","25","[c]","[c]"
"In post","2022","Undeclared","Unknown","South West (England)","Bournemouth, Christchurch and Poole","[c]","[c]","[c]","[c]"
"In post","2022","Undeclared","Unknown","South West (England)","Bristol, City of","5","5","[c]","[c]"
"In post","2022","Undeclared","Unknown","South West (England)","Cornwall and Isles of Scilly","5","5","[c]","[c]"
"In post","2022","Undeclared","Unknown","South West (England)","Devon CC","15","15","[c]","[c]"
"In post","2022","Undeclared","Unknown","South West (England)","Dorset","15","15","[c]","[c]"
"In post","2022","Undeclared","Unknown","South West (England)","Gloucestershire CC","10","10","[c]","[c]"
"In post","2022","Undeclared","Unknown","South West (England)","Plymouth","5","5","[c]","[c]"
"In post","2022","Undeclared","Unknown","South West (England)","Somerset CC","5","5","[c]","[c]"
"In post","2022","Undeclared","Unknown","South West (England)","Swindon","[c]","[c]","[c]","[c]"
"In post","2022","Undeclared","Unknown","South West (England)","Wiltshire","5","5","[c]","[c]"
"In post","2022","Undeclared","Unknown","Wales","Cardiff and Vale of Glamorgan","25","20","[c]","[c]"
"In post","2022","Undeclared","Unknown","Wales","Central Valleys","[c]","[c]","[c]","[c]"
"In post","2022","Undeclared","Unknown","Wales","Flintshire and Wrexham","[c]","[c]","[c]","[c]"
"In post","2022","Undeclared","Unknown","Wales","Gwynedd","[c]","[c]","[c]","[c]"
"In post","2022","Undeclared","Unknown","Wales","Monmouthshire and Newport","10","10","[c]","[c]"
"In post","2022","Undeclared","Unknown","Wales","Swansea","20","15","[c]","[c]"
"In post","2022","Undeclared","Unknown","West Midlands (England)","Birmingham","25","25","[c]","[c]"
"In post","2022","Undeclared","Unknown","West Midlands (England)","Coventry","[c]","[c]","[c]","[c]"
"In post","2022","Undeclared","Unknown","West Midlands (England)","Dudley","[c]","[c]","[c]","[c]"
"In post","2022","Undeclared","Unknown","West Midlands (England)","Herefordshire, County of","[c]","[c]","[c]","[c]"
"In post","2022","Undeclared","Unknown","West Midlands (England)","Sandwell","[c]","[c]","[c]","[c]"
"In post","2022","Undeclared","Unknown","West Midlands (England)","Shropshire","10","10","[c]","[c]"
"In post","2022","Undeclared","Unknown","West Midlands (England)","Staffordshire CC","15","15","[c]","[c]"
"In post","2022","Undeclared","Unknown","West Midlands (England)","Stoke-on-Trent","[c]","[c]","[c]","[c]"
"In post","2022","Undeclared","Unknown","West Midlands (England)","Telford and Wrekin","[c]","[c]","[c]","[c]"
"In post","2022","Undeclared","Unknown","West Midlands (England)","Worcestershire CC","15","15","[c]","[c]"
"In post","2022","Undeclared","Unknown","Yorkshire and The Humber","Barnsley, Doncaster and Rotherham","10","10","[c]","[c]"
"In post","2022","Undeclared","Unknown","Yorkshire and The Humber","Bradford","[c]","[c]","[c]","[c]"
"In post","2022","Undeclared","Unknown","Yorkshire and The Humber","Calderdale and Kirklees","[c]","[c]","[c]","[c]"
"In post","2022","Undeclared","Unknown","Yorkshire and The Humber","East Riding of Yorkshire","[c]","[c]","[c]","[c]"
"In post","2022","Undeclared","Unknown","Yorkshire and The Humber","Kingston upon Hull, City of","5","5","[c]","[c]"
"In post","2022","Undeclared","Unknown","Yorkshire and The Humber","Leeds","25","25","[c]","[c]"
"In post","2022","Undeclared","Unknown","Yorkshire and The Humber","North Yorkshire CC","5","5","[c]","[c]"
"In post","2022","Undeclared","Unknown","Yorkshire and The Humber","Sheffield","5","5","[c]","[c]"
"In post","2022","Undeclared","Unknown","Yorkshire and The Humber","Wakefield","5","5","[c]","[c]"
"In post","2022","Undeclared","Unknown","Yorkshire and The Humber","York","[c]","[c]","[c]","[c]"
"In post","2022","Undeclared","White","East Midlands (England)","Derby","30","25","[c]","[c]"
"In post","2022","Undeclared","White","East Midlands (England)","East Derbyshire","10","10","[c]","[c]"
"In post","2022","Undeclared","White","East Midlands (England)","Leicester","50","50","29870","27570"
"In post","2022","Undeclared","White","East Midlands (England)","Leicestershire CC and Rutland","140","135","31160","31650"
"In post","2022","Undeclared","White","East Midlands (England)","Lincolnshire CC","205","190","28460","27570"
"In post","2022","Undeclared","White","East Midlands (England)","North Northamptonshire","20","20","[c]","[c]"
"In post","2022","Undeclared","White","East Midlands (England)","North Nottinghamshire","80","70","29700","29870"
"In post","2022","Undeclared","White","East Midlands (England)","Nottingham","230","215","32140","27570"
"In post","2022","Undeclared","White","East Midlands (England)","South and West Derbyshire","95","90","31500","31650"
"In post","2022","Undeclared","White","East Midlands (England)","South Nottinghamshire","45","40","30350","31650"
"In post","2022","Undeclared","White","East Midlands (England)","West Northamptonshire","50","45","27500","25450"
"In post","2022","Undeclared","White","East of England","Bedford","35","30","29920","28380"
"In post","2022","Undeclared","White","East of England","Breckland and South Norfolk","40","40","30480","27570"
"In post","2022","Undeclared","White","East of England","Cambridgeshire CC","305","275","31810","31650"
"In post","2022","Undeclared","White","East of England","Central Bedfordshire","15","15","[c]","[c]"
"In post","2022","Undeclared","White","East of England","Essex Haven Gateway","35","30","35600","35120"
"In post","2022","Undeclared","White","East of England","Essex Thames Gateway","25","20","[c]","[c]"
"In post","2022","Undeclared","White","East of England","Heart of Essex","50","50","30960","29290"
"In post","2022","Undeclared","White","East of England","Hertfordshire CC","70","65","35220","30470"
"In post","2022","Undeclared","White","East of England","Luton","15","15","[c]","[c]"
"In post","2022","Undeclared","White","East of England","North and West Norfolk","35","30","29360","31650"
"In post","2022","Undeclared","White","East of England","Norwich and East Norfolk","60","55","28790","27370"
"In post","2022","Undeclared","White","East of England","Peterborough","55","50","31950","27350"
"In post","2022","Undeclared","White","East of England","Southend-on-Sea","35","35","31900","29290"
"In post","2022","Undeclared","White","East of England","Suffolk CC","235","215","30360","29580"
"In post","2022","Undeclared","White","East of England","Thurrock","5","5","[c]","[c]"
"In post","2022","Undeclared","White","East of England","West Essex","15","15","[c]","[c]"
"In post","2022","Undeclared","White","London","Barking & Dagenham and Havering","15","15","[c]","[c]"
"In post","2022","Undeclared","White","London","Barnet","15","15","[c]","[c]"
"In post","2022","Undeclared","White","London","Bexley and Greenwich","130","120","32940","34750"
"In post","2022","Undeclared","White","London","Brent","[c]","[c]","[c]","[c]"
"In post","2022","Undeclared","White","London","Bromley","10","10","[c]","[c]"
"In post","2022","Undeclared","White","London","Camden and City of London","55","50","34560","29790"
"In post","2022","Undeclared","White","London","Croydon","160","155","42950","39430"
"In post","2022","Undeclared","White","London","Ealing","5","5","[c]","[c]"
"In post","2022","Undeclared","White","London","Enfield","[c]","[c]","[c]","[c]"
"In post","2022","Undeclared","White","London","Hackney and Newham","75","70","45860","39550"
"In post","2022","Undeclared","White","London","Haringey and Islington","55","55","35620","35900"
"In post","2022","Undeclared","White","London","Harrow and Hillingdon","50","45","30790","30410"
"In post","2022","Undeclared","White","London","Hounslow and Richmond upon Thames","90","85","35110","35650"
"In post","2022","Undeclared","White","London","Kensington & Chelsea and Hammersmith & Fulham","40","35","38370","35900"
"In post","2022","Undeclared","White","London","Lambeth","50","50","35910","35600"
"In post","2022","Undeclared","White","London","Lewisham and Southwark","30","30","35020","31060"
"In post","2022","Undeclared","White","London","Merton, Kingston upon Thames and Sutton","10","10","[c]","[c]"
"In post","2022","Undeclared","White","London","Redbridge and Waltham Forest","5","5","[c]","[c]"
"In post","2022","Undeclared","White","London","Tower Hamlets","110","105","52310","54270"
"In post","2022","Undeclared","White","London","Wandsworth","70","65","34530","35690"
"In post","2022","Undeclared","White","London","Westminster","1270","1240","49730","47590"
"In post","2022","Undeclared","White","North East (England)","Darlington","50","50","39380","34730"
"In post","2022","Undeclared","White","North East (England)","Durham","410","360","30180","31650"
"In post","2022","Undeclared","White","North East (England)","Hartlepool and Stockton-on-Tees","130","120","28970","31650"
"In post","2022","Undeclared","White","North East (England)","Northumberland","15","15","[c]","[c]"
"In post","2022","Undeclared","White","North East (England)","South Teesside","45","40","25290","25120"
"In post","2022","Undeclared","White","North East (England)","Sunderland","115","100","25670","25840"
"In post","2022","Undeclared","White","North East (England)","Tyneside","485","450","30860","27570"
"In post","2022","Undeclared","White","North West (England)","Blackburn with Darwen","15","15","[c]","[c]"
"In post","2022","Undeclared","White","North West (England)","Blackpool","210","195","28610","27570"
"In post","2022","Undeclared","White","North West (England)","Cheshire East","55","50","33150","31650"
"In post","2022","Undeclared","White","North West (England)","Cheshire West and Chester","20","20","[c]","[c]"
"In post","2022","Undeclared","White","North West (England)","Chorley and West Lancashire","140","120","31020","31650"
"In post","2022","Undeclared","White","North West (England)","East Cumbria","30","25","[c]","[c]"
"In post","2022","Undeclared","White","North West (England)","East Lancashire","10","10","[c]","[c]"
"In post","2022","Undeclared","White","North West (England)","East Merseyside","20","20","[c]","[c]"
"In post","2022","Undeclared","White","North West (England)","Greater Manchester North East","80","75","30500","27880"
"In post","2022","Undeclared","White","North West (England)","Greater Manchester North West","105","100","26890","23960"
"In post","2022","Undeclared","White","North West (England)","Greater Manchester South East","50","45","25860","24630"
"In post","2022","Undeclared","White","North West (England)","Greater Manchester South West","160","145","31880","27570"
"In post","2022","Undeclared","White","North West (England)","Lancaster and Wyre","85","75","28000","26780"
"In post","2022","Undeclared","White","North West (England)","Liverpool","375","340","29050","27120"
"In post","2022","Undeclared","White","North West (England)","Manchester","320","300","31910","31650"
"In post","2022","Undeclared","White","North West (England)","Mid Lancashire","225","200","28500","27130"
"In post","2022","Undeclared","White","North West (England)","Sefton","135","125","31910","27570"
"In post","2022","Undeclared","White","North West (England)","Warrington","135","125","30410","31650"
"In post","2022","Undeclared","White","North West (England)","West Cumbria","45","40","28850","27570"
"In post","2022","Undeclared","White","North West (England)","Wirral","55","50","28050","27570"
"In post","2022","Undeclared","White","Northern Ireland","Antrim and Newtownabbey","15","15","[c]","[c]"
"In post","2022","Undeclared","White","Northern Ireland","Ards and North Down","15","15","[c]","[c]"
"In post","2022","Undeclared","White","Northern Ireland","Armagh City, Banbridge and Craigavon","5","5","[c]","[c]"
"In post","2022","Undeclared","White","Northern Ireland","Belfast","90","85","31880","27050"
"In post","2022","Undeclared","White","Northern Ireland","Causeway Coast and Glens","[c]","[c]","[c]","[c]"
"In post","2022","Undeclared","White","Northern Ireland","Derry City and Strabane","[c]","[c]","[c]","[c]"
"In post","2022","Undeclared","White","Northern Ireland","Fermanagh and Omagh","[c]","[c]","[c]","[c]"
"In post","2022","Undeclared","White","Northern Ireland","Lisburn and Castlereagh","25","25","[c]","[c]"
"In post","2022","Undeclared","White","Northern Ireland","Mid and East Antrim","[c]","[c]","[c]","[c]"
"In post","2022","Undeclared","White","Northern Ireland","Mid Ulster","[c]","[c]","[c]","[c]"
"In post","2022","Undeclared","White","Northern Ireland","Newry, Mourne and Down","[c]","[c]","[c]","[c]"
"In post","2022","Undeclared","White","Overseas","Overseas","65","65","46880","42130"
"In post","2022","Undeclared","White","Scotland","Aberdeen City and Aberdeenshire","30","25","[c]","[c]"
"In post","2022","Undeclared","White","Scotland","Angus and Dundee City","65","65","25360","21260"
"In post","2022","Undeclared","White","Scotland","Caithness and Sutherland, and Ross and Cromarty","[c]","[c]","[c]","[c]"
"In post","2022","Undeclared","White","Scotland","City of Edinburgh","225","220","37610","33370"
"In post","2022","Undeclared","White","Scotland","Clackmannanshire and Fife","25","25","[c]","[c]"
"In post","2022","Undeclared","White","Scotland","Dumfries and Galloway","10","10","[c]","[c]"
"In post","2022","Undeclared","White","Scotland","East Ayrshire and North Ayrshire mainland","20","20","[c]","[c]"
"In post","2022","Undeclared","White","Scotland","East Dunbartonshire, West Dunbartonshire, and Helensburgh and Lomond","75","70","34090","27570"
"In post","2022","Undeclared","White","Scotland","East Lothian and Midlothian","[c]","[c]","[c]","[c]"
"In post","2022","Undeclared","White","Scotland","Falkirk","70","60","25380","21260"
"In post","2022","Undeclared","White","Scotland","Glasgow City","335","310","29020","27570"
"In post","2022","Undeclared","White","Scotland","Inverclyde, East Renfrewshire, and Renfrewshire","15","15","[c]","[c]"
"In post","2022","Undeclared","White","Scotland","Inverness and Nairn, Moray, and Badenoch and Strathspey","25","25","[c]","[c]"
"In post","2022","Undeclared","White","Scotland","Lochaber, Skye and Lochalsh, Arran and Cumbrae, and Argyll and Bute","[c]","[c]","[c]","[c]"
"In post","2022","Undeclared","White","Scotland","Na h-Eileanan Siar","[c]","[c]","[c]","[c]"
"In post","2022","Undeclared","White","Scotland","North Lanarkshire","55","45","27420","22080"
"In post","2022","Undeclared","White","Scotland","Orkney Islands","[c]","[c]","[c]","[c]"
"In post","2022","Undeclared","White","Scotland","Perth and Kinross, and Stirling","10","10","[c]","[c]"
"In post","2022","Undeclared","White","Scotland","Scottish Borders","5","5","[c]","[c]"
"In post","2022","Undeclared","White","Scotland","Shetland Islands","[c]","[c]","[c]","[c]"
"In post","2022","Undeclared","White","Scotland","South Ayrshire","5","5","[c]","[c]"
"In post","2022","Undeclared","White","Scotland","South Lanarkshire","70","60","30260","26820"
"In post","2022","Undeclared","White","Scotland","West Lothian","5","5","[c]","[c]"
"In post","2022","Undeclared","White","South East (England)","Berkshire","90","85","33650","30450"
"In post","2022","Undeclared","White","South East (England)","Brighton and Hove","25","25","[c]","[c]"
"In post","2022","Undeclared","White","South East (England)","Buckinghamshire","125","115","33720","34250"
"In post","2022","Undeclared","White","South East (England)","Central Hampshire","155","150","32020","32750"
"In post","2022","Undeclared","White","South East (England)","East Kent","115","105","28590","27370"
"In post","2022","Undeclared","White","South East (England)","East Surrey","100","90","33440","34650"
"In post","2022","Undeclared","White","South East (England)","East Sussex CC","90","80","27520","27570"
"In post","2022","Undeclared","White","South East (England)","Isle of Wight","165","145","29620","31650"
"In post","2022","Undeclared","White","South East (England)","Kent Thames Gateway","175","160","30530","31650"
"In post","2022","Undeclared","White","South East (England)","Medway","95","85","30460","31650"
"In post","2022","Undeclared","White","South East (England)","Mid Kent","45","45","32420","31650"
"In post","2022","Undeclared","White","South East (England)","Milton Keynes","75","70","31520","29060"
"In post","2022","Undeclared","White","South East (England)","North Hampshire","45","40","34020","27570"
"In post","2022","Undeclared","White","South East (England)","Oxfordshire CC","185","175","32950","33520"
"In post","2022","Undeclared","White","South East (England)","Portsmouth","135","125","31520","27570"
"In post","2022","Undeclared","White","South East (England)","South Hampshire","115","95","27710","25680"
"In post","2022","Undeclared","White","South East (England)","Southampton","40","35","33320","27570"
"In post","2022","Undeclared","White","South East (England)","West Kent","10","10","[c]","[c]"
"In post","2022","Undeclared","White","South East (England)","West Surrey","100","95","34750","33110"
"In post","2022","Undeclared","White","South East (England)","West Sussex (North East)","20","20","[c]","[c]"
"In post","2022","Undeclared","White","South East (England)","West Sussex (South West)","70","65","30790","27570"
"In post","2022","Undeclared","White","South West (England)","Bath and North East Somerset, North Somerset and South Gloucestershire","525","505","38970","36460"
"In post","2022","Undeclared","White","South West (England)","Bournemouth, Christchurch and Poole","25","20","[c]","[c]"
"In post","2022","Undeclared","White","South West (England)","Bristol, City of","190","175","32180","28920"
"In post","2022","Undeclared","White","South West (England)","Cornwall and Isles of Scilly","70","65","27670","26590"
"In post","2022","Undeclared","White","South West (England)","Devon CC","185","165","28570","27570"
"In post","2022","Undeclared","White","South West (England)","Dorset","145","130","30360","27570"
"In post","2022","Undeclared","White","South West (England)","Gloucestershire CC","45","40","29900","27130"
"In post","2022","Undeclared","White","South West (England)","Plymouth","120","115","30770","27570"
"In post","2022","Undeclared","White","South West (England)","Somerset CC","90","80","31130","28960"
"In post","2022","Undeclared","White","South West (England)","Swindon","15","15","[c]","[c]"
"In post","2022","Undeclared","White","South West (England)","Torbay","10","10","[c]","[c]"
"In post","2022","Undeclared","White","South West (England)","Wiltshire","175","170","33330","31990"
"In post","2022","Undeclared","White","Unknown","Unknown","30","30","38130","30170"
"In post","2022","Undeclared","White","Wales","Bridgend and Neath Port Talbot","25","20","[c]","[c]"
"In post","2022","Undeclared","White","Wales","Cardiff and Vale of Glamorgan","295","275","32270","29430"
"In post","2022","Undeclared","White","Wales","Central Valleys","90","80","30230","27570"
"In post","2022","Undeclared","White","Wales","Conwy and Denbighshire","20","15","[c]","[c]"
"In post","2022","Undeclared","White","Wales","Flintshire and Wrexham","205","195","29450","29140"
"In post","2022","Undeclared","White","Wales","Gwent Valleys","30","25","29610","27570"
"In post","2022","Undeclared","White","Wales","Gwynedd","30","25","25450","24100"
"In post","2022","Undeclared","White","Wales","Isle of Anglesey","10","10","[c]","[c]"
"In post","2022","Undeclared","White","Wales","Monmouthshire and Newport","100","95","32570","30710"
"In post","2022","Undeclared","White","Wales","Powys","25","25","[c]","[c]"
"In post","2022","Undeclared","White","Wales","South West Wales","45","45","29370","26820"
"In post","2022","Undeclared","White","Wales","Swansea","475","410","27270","21840"
"In post","2022","Undeclared","White","West Midlands (England)","Birmingham","235","225","31410","27570"
"In post","2022","Undeclared","White","West Midlands (England)","Coventry","35","35","34310","31980"
"In post","2022","Undeclared","White","West Midlands (England)","Dudley","40","35","26730","27570"
"In post","2022","Undeclared","White","West Midlands (England)","Herefordshire, County of","15","15","[c]","[c]"
"In post","2022","Undeclared","White","West Midlands (England)","Sandwell","15","10","[c]","[c]"
"In post","2022","Undeclared","White","West Midlands (England)","Shropshire","75","65","30590","29670"
"In post","2022","Undeclared","White","West Midlands (England)","Solihull","20","15","[c]","[c]"
"In post","2022","Undeclared","White","West Midlands (England)","Staffordshire CC","295","275","30810","28590"
"In post","2022","Undeclared","White","West Midlands (England)","Stoke-on-Trent","35","30","22720","21110"
"In post","2022","Undeclared","White","West Midlands (England)","Telford and Wrekin","55","50","31240","27570"
"In post","2022","Undeclared","White","West Midlands (England)","Walsall","20","20","[c]","[c]"
"In post","2022","Undeclared","White","West Midlands (England)","Warwickshire CC","50","45","27310","25860"
"In post","2022","Undeclared","White","West Midlands (England)","Wolverhampton","35","30","28340","27570"
"In post","2022","Undeclared","White","West Midlands (England)","Worcestershire CC","245","230","30860","31650"
"In post","2022","Undeclared","White","Yorkshire and The Humber","Barnsley, Doncaster and Rotherham","205","190","31210","29250"
"In post","2022","Undeclared","White","Yorkshire and The Humber","Bradford","55","50","26130","22080"
"In post","2022","Undeclared","White","Yorkshire and The Humber","Calderdale and Kirklees","25","25","[c]","[c]"
"In post","2022","Undeclared","White","Yorkshire and The Humber","East Riding of Yorkshire","160","145","31240","31650"
"In post","2022","Undeclared","White","Yorkshire and The Humber","Kingston upon Hull, City of","115","105","31700","31650"
"In post","2022","Undeclared","White","Yorkshire and The Humber","Leeds","325","305","33660","31650"
"In post","2022","Undeclared","White","Yorkshire and The Humber","North and North East Lincolnshire","30","25","[c]","[c]"
"In post","2022","Undeclared","White","Yorkshire and The Humber","North Yorkshire CC","95","90","29370","26750"
"In post","2022","Undeclared","White","Yorkshire and The Humber","Sheffield","200","185","33780","30820"
"In post","2022","Undeclared","White","Yorkshire and The Humber","Wakefield","165","145","31260","31650"
"In post","2022","Undeclared","White","Yorkshire and The Humber","York","100","95","32050","31650"
"In post","2022","Unknown","Asian","East Midlands (England)","Derby","[c]","[c]","[c]","[c]"
"In post","2022","Unknown","Asian","East Midlands (England)","East Derbyshire","[c]","[c]","[c]","[c]"
"In post","2022","Unknown","Asian","East Midlands (England)","Leicester","40","40","28640","22600"
"In post","2022","Unknown","Asian","East Midlands (England)","Leicestershire CC and Rutland","5","5","[c]","[c]"
"In post","2022","Unknown","Asian","East Midlands (England)","Lincolnshire CC","[c]","[c]","[c]","[c]"
"In post","2022","Unknown","Asian","East Midlands (England)","North Northamptonshire","[c]","[c]","[c]","[c]"
"In post","2022","Unknown","Asian","East Midlands (England)","North Nottinghamshire","[c]","[c]","[c]","[c]"
"In post","2022","Unknown","Asian","East Midlands (England)","Nottingham","65","65","32500","31220"
"In post","2022","Unknown","Asian","East Midlands (England)","South and West Derbyshire","[c]","[c]","[c]","[c]"
"In post","2022","Unknown","Asian","East Midlands (England)","South Nottinghamshire","[c]","[c]","[c]","[c]"
"In post","2022","Unknown","Asian","East Midlands (England)","West Northamptonshire","[c]","[c]","[c]","[c]"
"In post","2022","Unknown","Asian","East of England","Bedford","[c]","[c]","[c]","[c]"
"In post","2022","Unknown","Asian","East of England","Breckland and South Norfolk","[c]","[c]","[c]","[c]"
"In post","2022","Unknown","Asian","East of England","Cambridgeshire CC","10","10","[c]","[c]"
"In post","2022","Unknown","Asian","East of England","Central Bedfordshire","[c]","[c]","[c]","[c]"
"In post","2022","Unknown","Asian","East of England","Essex Haven Gateway","[c]","[c]","[c]","[c]"
"In post","2022","Unknown","Asian","East of England","Essex Thames Gateway","[c]","[c]","[c]","[c]"
"In post","2022","Unknown","Asian","East of England","Heart of Essex","5","5","[c]","[c]"
"In post","2022","Unknown","Asian","East of England","Hertfordshire CC","50","50","40730","38730"
"In post","2022","Unknown","Asian","East of England","Luton","[c]","[c]","[c]","[c]"
"In post","2022","Unknown","Asian","East of England","North and West Norfolk","[c]","[c]","[c]","[c]"
"In post","2022","Unknown","Asian","East of England","Norwich and East Norfolk","[c]","[c]","[c]","[c]"
"In post","2022","Unknown","Asian","East of England","Peterborough","[c]","[c]","[c]","[c]"
"In post","2022","Unknown","Asian","East of England","Southend-on-Sea","[c]","[c]","[c]","[c]"
"In post","2022","Unknown","Asian","East of England","Suffolk CC","[c]","[c]","[c]","[c]"
"In post","2022","Unknown","Asian","East of England","Thurrock","[c]","[c]","[c]","[c]"
"In post","2022","Unknown","Asian","East of England","West Essex","5","5","[c]","[c]"
"In post","2022","Unknown","Asian","London","Barking & Dagenham and Havering","[c]","[c]","[c]","[c]"
"In post","2022","Unknown","Asian","London","Barnet","95","90","47380","40070"
"In post","2022","Unknown","Asian","London","Bexley and Greenwich","[c]","[c]","[c]","[c]"
"In post","2022","Unknown","Asian","London","Brent","[c]","[c]","[c]","[c]"
"In post","2022","Unknown","Asian","London","Bromley","[c]","[c]","[c]","[c]"
"In post","2022","Unknown","Asian","London","Camden and City of London","40","40","47170","40900"
"In post","2022","Unknown","Asian","London","Croydon","120","115","38600","35050"
"In post","2022","Unknown","Asian","London","Ealing","[c]","[c]","[c]","[c]"
"In post","2022","Unknown","Asian","London","Enfield","[c]","[c]","[c]","[c]"
"In post","2022","Unknown","Asian","London","Hackney and Newham","130","120","38510","37610"
"In post","2022","Unknown","Asian","London","Haringey and Islington","[c]","[c]","[c]","[c]"
"In post","2022","Unknown","Asian","London","Harrow and Hillingdon","30","30","29910","28650"
"In post","2022","Unknown","Asian","London","Hounslow and Richmond upon Thames","25","25","[c]","[c]"
"In post","2022","Unknown","Asian","London","Kensington & Chelsea and Hammersmith & Fulham","[c]","[c]","[c]","[c]"
"In post","2022","Unknown","Asian","London","Lambeth","130","125","42460","37650"
"In post","2022","Unknown","Asian","London","Lewisham and Southwark","10","10","[c]","[c]"
"In post","2022","Unknown","Asian","London","Merton, Kingston upon Thames and Sutton","5","5","[c]","[c]"
"In post","2022","Unknown","Asian","London","Redbridge and Waltham Forest","[c]","[c]","[c]","[c]"
"In post","2022","Unknown","Asian","London","Tower Hamlets","170","165","42940","34750"
"In post","2022","Unknown","Asian","London","Wandsworth","[c]","[c]","[c]","[c]"
"In post","2022","Unknown","Asian","London","Westminster","530","520","42800","40140"
"In post","2022","Unknown","Asian","North East (England)","Darlington","10","10","[c]","[c]"
"In post","2022","Unknown","Asian","North East (England)","Durham","[c]","[c]","[c]","[c]"
"In post","2022","Unknown","Asian","North East (England)","Hartlepool and Stockton-on-Tees","[c]","[c]","[c]","[c]"
"In post","2022","Unknown","Asian","North East (England)","Northumberland","[c]","[c]","[c]","[c]"
"In post","2022","Unknown","Asian","North East (England)","South Teesside","[c]","[c]","[c]","[c]"
"In post","2022","Unknown","Asian","North East (England)","Sunderland","5","5","[c]","[c]"
"In post","2022","Unknown","Asian","North East (England)","Tyneside","30","30","[c]","[c]"
"In post","2022","Unknown","Asian","North West (England)","Blackburn with Darwen","[c]","[c]","[c]","[c]"
"In post","2022","Unknown","Asian","North West (England)","Blackpool","[c]","[c]","[c]","[c]"
"In post","2022","Unknown","Asian","North West (England)","Cheshire East","[c]","[c]","[c]","[c]"
"In post","2022","Unknown","Asian","North West (England)","Cheshire West and Chester","[c]","[c]","[c]","[c]"
"In post","2022","Unknown","Asian","North West (England)","Chorley and West Lancashire","[c]","[c]","[c]","[c]"
"In post","2022","Unknown","Asian","North West (England)","East Cumbria","[c]","[c]","[c]","[c]"
"In post","2022","Unknown","Asian","North West (England)","East Lancashire","[c]","[c]","[c]","[c]"
"In post","2022","Unknown","Asian","North West (England)","East Merseyside","[c]","[c]","[c]","[c]"
"In post","2022","Unknown","Asian","North West (England)","Greater Manchester North East","[c]","[c]","[c]","[c]"
"In post","2022","Unknown","Asian","North West (England)","Greater Manchester North West","[c]","[c]","[c]","[c]"
"In post","2022","Unknown","Asian","North West (England)","Greater Manchester South East","[c]","[c]","[c]","[c]"
"In post","2022","Unknown","Asian","North West (England)","Greater Manchester South West","65","60","30460","26820"
"In post","2022","Unknown","Asian","North West (England)","Lancaster and Wyre","[c]","[c]","[c]","[c]"
"In post","2022","Unknown","Asian","North West (England)","Liverpool","15","15","[c]","[c]"
"In post","2022","Unknown","Asian","North West (England)","Manchester","95","95","34490","30340"
"In post","2022","Unknown","Asian","North West (England)","Mid Lancashire","25","25","[c]","[c]"
"In post","2022","Unknown","Asian","North West (England)","Sefton","5","5","[c]","[c]"
"In post","2022","Unknown","Asian","North West (England)","Warrington","15","15","[c]","[c]"
"In post","2022","Unknown","Asian","North West (England)","West Cumbria","[c]","[c]","[c]","[c]"
"In post","2022","Unknown","Asian","North West (England)","Wirral","[c]","[c]","[c]","[c]"
"In post","2022","Unknown","Asian","Northern Ireland","Antrim and Newtownabbey","[c]","[c]","[c]","[c]"
"In post","2022","Unknown","Asian","Northern Ireland","Ards and North Down","[c]","[c]","[c]","[c]"
"In post","2022","Unknown","Asian","Northern Ireland","Armagh City, Banbridge and Craigavon","[c]","[c]","[c]","[c]"
"In post","2022","Unknown","Asian","Northern Ireland","Belfast","[c]","[c]","[c]","[c]"
"In post","2022","Unknown","Asian","Northern Ireland","Causeway Coast and Glens","[c]","[c]","[c]","[c]"
"In post","2022","Unknown","Asian","Northern Ireland","Derry City and Strabane","[c]","[c]","[c]","[c]"
"In post","2022","Unknown","Asian","Northern Ireland","Fermanagh and Omagh","[c]","[c]","[c]","[c]"
"In post","2022","Unknown","Asian","Northern Ireland","Lisburn and Castlereagh","[c]","[c]","[c]","[c]"
"In post","2022","Unknown","Asian","Northern Ireland","Mid and East Antrim","[c]","[c]","[c]","[c]"
"In post","2022","Unknown","Asian","Northern Ireland","Mid Ulster","[c]","[c]","[c]","[c]"
"In post","2022","Unknown","Asian","Northern Ireland","Newry, Mourne and Down","[c]","[c]","[c]","[c]"
"In post","2022","Unknown","Asian","Overseas","Overseas","40","35","[c]","[c]"
"In post","2022","Unknown","Asian","Scotland","Aberdeen City and Aberdeenshire","5","5","[c]","[c]"
"In post","2022","Unknown","Asian","Scotland","Angus and Dundee City","10","10","[c]","[c]"
"In post","2022","Unknown","Asian","Scotland","Caithness and Sutherland, and Ross and Cromarty","[c]","[c]","[c]","[c]"
"In post","2022","Unknown","Asian","Scotland","City of Edinburgh","25","25","[c]","[c]"
"In post","2022","Unknown","Asian","Scotland","Clackmannanshire and Fife","[c]","[c]","[c]","[c]"
"In post","2022","Unknown","Asian","Scotland","Dumfries and Galloway","[c]","[c]","[c]","[c]"
"In post","2022","Unknown","Asian","Scotland","East Ayrshire and North Ayrshire mainland","[c]","[c]","[c]","[c]"
"In post","2022","Unknown","Asian","Scotland","East Dunbartonshire, West Dunbartonshire, and Helensburgh and Lomond","[c]","[c]","[c]","[c]"
"In post","2022","Unknown","Asian","Scotland","East Lothian and Midlothian","[c]","[c]","[c]","[c]"
"In post","2022","Unknown","Asian","Scotland","Falkirk","[c]","[c]","[c]","[c]"
"In post","2022","Unknown","Asian","Scotland","Glasgow City","40","35","34570","31000"
"In post","2022","Unknown","Asian","Scotland","Inverclyde, East Renfrewshire, and Renfrewshire","[c]","[c]","[c]","[c]"
"In post","2022","Unknown","Asian","Scotland","Inverness and Nairn, Moray, and Badenoch and Strathspey","[c]","[c]","[c]","[c]"
"In post","2022","Unknown","Asian","Scotland","Lochaber, Skye and Lochalsh, Arran and Cumbrae, and Argyll and Bute","[c]","[c]","[c]","[c]"
"In post","2022","Unknown","Asian","Scotland","Na h-Eileanan Siar","[c]","[c]","[c]","[c]"
"In post","2022","Unknown","Asian","Scotland","North Lanarkshire","[c]","[c]","[c]","[c]"
"In post","2022","Unknown","Asian","Scotland","Orkney Islands","[c]","[c]","[c]","[c]"
"In post","2022","Unknown","Asian","Scotland","Perth and Kinross, and Stirling","[c]","[c]","[c]","[c]"
"In post","2022","Unknown","Asian","Scotland","Scottish Borders","[c]","[c]","[c]","[c]"
"In post","2022","Unknown","Asian","Scotland","Shetland Islands","[c]","[c]","[c]","[c]"
"In post","2022","Unknown","Asian","Scotland","South Ayrshire","[c]","[c]","[c]","[c]"
"In post","2022","Unknown","Asian","Scotland","South Lanarkshire","5","5","[c]","[c]"
"In post","2022","Unknown","Asian","Scotland","West Lothian","[c]","[c]","[c]","[c]"
"In post","2022","Unknown","Asian","South East (England)","Berkshire","35","30","32330","30890"
"In post","2022","Unknown","Asian","South East (England)","Brighton and Hove","[c]","[c]","[c]","[c]"
"In post","2022","Unknown","Asian","South East (England)","Buckinghamshire","5","5","[c]","[c]"
"In post","2022","Unknown","Asian","South East (England)","Central Hampshire","5","5","[c]","[c]"
"In post","2022","Unknown","Asian","South East (England)","East Kent","[c]","[c]","[c]","[c]"
"In post","2022","Unknown","Asian","South East (England)","East Surrey","[c]","[c]","[c]","[c]"
"In post","2022","Unknown","Asian","South East (England)","East Sussex CC","[c]","[c]","[c]","[c]"
"In post","2022","Unknown","Asian","South East (England)","Isle of Wight","[c]","[c]","[c]","[c]"
"In post","2022","Unknown","Asian","South East (England)","Kent Thames Gateway","[c]","[c]","[c]","[c]"
"In post","2022","Unknown","Asian","South East (England)","Medway","5","5","[c]","[c]"
"In post","2022","Unknown","Asian","South East (England)","Mid Kent","[c]","[c]","[c]","[c]"
"In post","2022","Unknown","Asian","South East (England)","Milton Keynes","[c]","[c]","[c]","[c]"
"In post","2022","Unknown","Asian","South East (England)","North Hampshire","5","5","[c]","[c]"
"In post","2022","Unknown","Asian","South East (England)","Oxfordshire CC","15","15","[c]","[c]"
"In post","2022","Unknown","Asian","South East (England)","Portsmouth","[c]","[c]","[c]","[c]"
"In post","2022","Unknown","Asian","South East (England)","South Hampshire","40","35","30780","24250"
"In post","2022","Unknown","Asian","South East (England)","Southampton","5","5","[c]","[c]"
"In post","2022","Unknown","Asian","South East (England)","West Kent","[c]","[c]","[c]","[c]"
"In post","2022","Unknown","Asian","South East (England)","West Surrey","10","10","[c]","[c]"
"In post","2022","Unknown","Asian","South East (England)","West Sussex (North East)","5","5","[c]","[c]"
"In post","2022","Unknown","Asian","South East (England)","West Sussex (South West)","[c]","[c]","[c]","[c]"
"In post","2022","Unknown","Asian","South West (England)","Bath and North East Somerset, North Somerset and South Gloucestershire","25","25","[c]","[c]"
"In post","2022","Unknown","Asian","South West (England)","Bournemouth, Christchurch and Poole","[c]","[c]","[c]","[c]"
"In post","2022","Unknown","Asian","South West (England)","Bristol, City of","25","25","[c]","[c]"
"In post","2022","Unknown","Asian","South West (England)","Cornwall and Isles of Scilly","[c]","[c]","[c]","[c]"
"In post","2022","Unknown","Asian","South West (England)","Devon CC","[c]","[c]","[c]","[c]"
"In post","2022","Unknown","Asian","South West (England)","Dorset","[c]","[c]","[c]","[c]"
"In post","2022","Unknown","Asian","South West (England)","Gloucestershire CC","[c]","[c]","[c]","[c]"
"In post","2022","Unknown","Asian","South West (England)","Plymouth","[c]","[c]","[c]","[c]"
"In post","2022","Unknown","Asian","South West (England)","Somerset CC","[c]","[c]","[c]","[c]"
"In post","2022","Unknown","Asian","South West (England)","Swindon","[c]","[c]","[c]","[c]"
"In post","2022","Unknown","Asian","South West (England)","Torbay","[c]","[c]","[c]","[c]"
"In post","2022","Unknown","Asian","South West (England)","Wiltshire","5","5","[c]","[c]"
"In post","2022","Unknown","Asian","Unknown","Unknown","5","5","[c]","[c]"
"In post","2022","Unknown","Asian","Wales","Bridgend and Neath Port Talbot","[c]","[c]","[c]","[c]"
"In post","2022","Unknown","Asian","Wales","Cardiff and Vale of Glamorgan","25","25","[c]","[c]"
"In post","2022","Unknown","Asian","Wales","Central Valleys","[c]","[c]","[c]","[c]"
"In post","2022","Unknown","Asian","Wales","Conwy and Denbighshire","[c]","[c]","[c]","[c]"
"In post","2022","Unknown","Asian","Wales","Flintshire and Wrexham","[c]","[c]","[c]","[c]"
"In post","2022","Unknown","Asian","Wales","Gwent Valleys","[c]","[c]","[c]","[c]"
"In post","2022","Unknown","Asian","Wales","Gwynedd","[c]","[c]","[c]","[c]"
"In post","2022","Unknown","Asian","Wales","Isle of Anglesey","[c]","[c]","[c]","[c]"
"In post","2022","Unknown","Asian","Wales","Monmouthshire and Newport","35","35","34800","31990"
"In post","2022","Unknown","Asian","Wales","Powys","[c]","[c]","[c]","[c]"
"In post","2022","Unknown","Asian","Wales","South West Wales","[c]","[c]","[c]","[c]"
"In post","2022","Unknown","Asian","Wales","Swansea","[c]","[c]","[c]","[c]"
"In post","2022","Unknown","Asian","West Midlands (England)","Birmingham","230","220","31950","28840"
"In post","2022","Unknown","Asian","West Midlands (England)","Coventry","80","80","34260","29360"
"In post","2022","Unknown","Asian","West Midlands (England)","Dudley","[c]","[c]","[c]","[c]"
"In post","2022","Unknown","Asian","West Midlands (England)","Herefordshire, County of","[c]","[c]","[c]","[c]"
"In post","2022","Unknown","Asian","West Midlands (England)","Sandwell","5","5","[c]","[c]"
"In post","2022","Unknown","Asian","West Midlands (England)","Shropshire","[c]","[c]","[c]","[c]"
"In post","2022","Unknown","Asian","West Midlands (England)","Solihull","15","15","[c]","[c]"
"In post","2022","Unknown","Asian","West Midlands (England)","Staffordshire CC","10","10","[c]","[c]"
"In post","2022","Unknown","Asian","West Midlands (England)","Stoke-on-Trent","[c]","[c]","[c]","[c]"
"In post","2022","Unknown","Asian","West Midlands (England)","Telford and Wrekin","15","15","[c]","[c]"
"In post","2022","Unknown","Asian","West Midlands (England)","Walsall","[c]","[c]","[c]","[c]"
"In post","2022","Unknown","Asian","West Midlands (England)","Warwickshire CC","[c]","[c]","[c]","[c]"
"In post","2022","Unknown","Asian","West Midlands (England)","Wolverhampton","[c]","[c]","[c]","[c]"
"In post","2022","Unknown","Asian","West Midlands (England)","Worcestershire CC","[c]","[c]","[c]","[c]"
"In post","2022","Unknown","Asian","Yorkshire and The Humber","Barnsley, Doncaster and Rotherham","[c]","[c]","[c]","[c]"
"In post","2022","Unknown","Asian","Yorkshire and The Humber","Bradford","55","50","24360","21260"
"In post","2022","Unknown","Asian","Yorkshire and The Humber","Calderdale and Kirklees","5","5","[c]","[c]"
"In post","2022","Unknown","Asian","Yorkshire and The Humber","East Riding of Yorkshire","[c]","[c]","[c]","[c]"
"In post","2022","Unknown","Asian","Yorkshire and The Humber","Kingston upon Hull, City of","[c]","[c]","[c]","[c]"
"In post","2022","Unknown","Asian","Yorkshire and The Humber","Leeds","125","120","32620","28970"
"In post","2022","Unknown","Asian","Yorkshire and The Humber","North and North East Lincolnshire","[c]","[c]","[c]","[c]"
"In post","2022","Unknown","Asian","Yorkshire and The Humber","North Yorkshire CC","[c]","[c]","[c]","[c]"
"In post","2022","Unknown","Asian","Yorkshire and The Humber","Sheffield","40","40","33340","29360"
"In post","2022","Unknown","Asian","Yorkshire and The Humber","Wakefield","[c]","[c]","[c]","[c]"
"In post","2022","Unknown","Asian","Yorkshire and The Humber","York","[c]","[c]","[c]","[c]"
"In post","2022","Unknown","Black","East Midlands (England)","Derby","[c]","[c]","[c]","[c]"
"In post","2022","Unknown","Black","East Midlands (England)","East Derbyshire","[c]","[c]","[c]","[c]"
"In post","2022","Unknown","Black","East Midlands (England)","Leicester","[c]","[c]","[c]","[c]"
"In post","2022","Unknown","Black","East Midlands (England)","Leicestershire CC and Rutland","[c]","[c]","[c]","[c]"
"In post","2022","Unknown","Black","East Midlands (England)","Lincolnshire CC","[c]","[c]","[c]","[c]"
"In post","2022","Unknown","Black","East Midlands (England)","North Northamptonshire","[c]","[c]","[c]","[c]"
"In post","2022","Unknown","Black","East Midlands (England)","North Nottinghamshire","[c]","[c]","[c]","[c]"
"In post","2022","Unknown","Black","East Midlands (England)","Nottingham","30","30","31360","26590"
"In post","2022","Unknown","Black","East Midlands (England)","South and West Derbyshire","[c]","[c]","[c]","[c]"
"In post","2022","Unknown","Black","East Midlands (England)","South Nottinghamshire","[c]","[c]","[c]","[c]"
"In post","2022","Unknown","Black","East Midlands (England)","West Northamptonshire","[c]","[c]","[c]","[c]"
"In post","2022","Unknown","Black","East of England","Bedford","[c]","[c]","[c]","[c]"
"In post","2022","Unknown","Black","East of England","Breckland and South Norfolk","[c]","[c]","[c]","[c]"
"In post","2022","Unknown","Black","East of England","Cambridgeshire CC","5","5","[c]","[c]"
"In post","2022","Unknown","Black","East of England","Central Bedfordshire","[c]","[c]","[c]","[c]"
"In post","2022","Unknown","Black","East of England","Essex Haven Gateway","[c]","[c]","[c]","[c]"
"In post","2022","Unknown","Black","East of England","Essex Thames Gateway","[c]","[c]","[c]","[c]"
"In post","2022","Unknown","Black","East of England","Heart of Essex","[c]","[c]","[c]","[c]"
"In post","2022","Unknown","Black","East of England","Hertfordshire CC","10","10","[c]","[c]"
"In post","2022","Unknown","Black","East of England","Luton","[c]","[c]","[c]","[c]"
"In post","2022","Unknown","Black","East of England","North and West Norfolk","[c]","[c]","[c]","[c]"
"In post","2022","Unknown","Black","East of England","Norwich and East Norfolk","[c]","[c]","[c]","[c]"
"In post","2022","Unknown","Black","East of England","Peterborough","[c]","[c]","[c]","[c]"
"In post","2022","Unknown","Black","East of England","Southend-on-Sea","[c]","[c]","[c]","[c]"
"In post","2022","Unknown","Black","East of England","Suffolk CC","[c]","[c]","[c]","[c]"
"In post","2022","Unknown","Black","East of England","Thurrock","[c]","[c]","[c]","[c]"
"In post","2022","Unknown","Black","East of England","West Essex","[c]","[c]","[c]","[c]"
"In post","2022","Unknown","Black","London","Barking & Dagenham and Havering","[c]","[c]","[c]","[c]"
"In post","2022","Unknown","Black","London","Barnet","20","20","[c]","[c]"
"In post","2022","Unknown","Black","London","Bexley and Greenwich","10","10","[c]","[c]"
"In post","2022","Unknown","Black","London","Brent","[c]","[c]","[c]","[c]"
"In post","2022","Unknown","Black","London","Bromley","[c]","[c]","[c]","[c]"
"In post","2022","Unknown","Black","London","Camden and City of London","15","10","[c]","[c]"
"In post","2022","Unknown","Black","London","Croydon","80","80","35330","33440"
"In post","2022","Unknown","Black","London","Ealing","[c]","[c]","[c]","[c]"
"In post","2022","Unknown","Black","London","Enfield","[c]","[c]","[c]","[c]"
"In post","2022","Unknown","Black","London","Hackney and Newham","70","65","35310","33440"
"In post","2022","Unknown","Black","London","Haringey and Islington","10","10","[c]","[c]"
"In post","2022","Unknown","Black","London","Harrow and Hillingdon","10","10","[c]","[c]"
"In post","2022","Unknown","Black","London","Hounslow and Richmond upon Thames","10","10","[c]","[c]"
"In post","2022","Unknown","Black","London","Kensington & Chelsea and Hammersmith & Fulham","[c]","[c]","[c]","[c]"
"In post","2022","Unknown","Black","London","Lambeth","55","55","36850","35260"
"In post","2022","Unknown","Black","London","Lewisham and Southwark","10","10","[c]","[c]"
"In post","2022","Unknown","Black","London","Merton, Kingston upon Thames and Sutton","[c]","[c]","[c]","[c]"
"In post","2022","Unknown","Black","London","Redbridge and Waltham Forest","[c]","[c]","[c]","[c]"
"In post","2022","Unknown","Black","London","Tower Hamlets","65","65","40630","37880"
"In post","2022","Unknown","Black","London","Wandsworth","5","5","[c]","[c]"
"In post","2022","Unknown","Black","London","Westminster","290","285","40720","37000"
"In post","2022","Unknown","Black","North East (England)","Darlington","[c]","[c]","[c]","[c]"
"In post","2022","Unknown","Black","North East (England)","Durham","[c]","[c]","[c]","[c]"
"In post","2022","Unknown","Black","North East (England)","Hartlepool and Stockton-on-Tees","[c]","[c]","[c]","[c]"
"In post","2022","Unknown","Black","North East (England)","Northumberland","[c]","[c]","[c]","[c]"
"In post","2022","Unknown","Black","North East (England)","South Teesside","[c]","[c]","[c]","[c]"
"In post","2022","Unknown","Black","North East (England)","Sunderland","[c]","[c]","[c]","[c]"
"In post","2022","Unknown","Black","North East (England)","Tyneside","5","5","[c]","[c]"
"In post","2022","Unknown","Black","North West (England)","Blackburn with Darwen","[c]","[c]","[c]","[c]"
"In post","2022","Unknown","Black","North West (England)","Blackpool","[c]","[c]","[c]","[c]"
"In post","2022","Unknown","Black","North West (England)","Cheshire East","[c]","[c]","[c]","[c]"
"In post","2022","Unknown","Black","North West (England)","Cheshire West and Chester","[c]","[c]","[c]","[c]"
"In post","2022","Unknown","Black","North West (England)","Chorley and West Lancashire","[c]","[c]","[c]","[c]"
"In post","2022","Unknown","Black","North West (England)","East Cumbria","[c]","[c]","[c]","[c]"
"In post","2022","Unknown","Black","North West (England)","East Lancashire","[c]","[c]","[c]","[c]"
"In post","2022","Unknown","Black","North West (England)","East Merseyside","[c]","[c]","[c]","[c]"
"In post","2022","Unknown","Black","North West (England)","Greater Manchester North East","[c]","[c]","[c]","[c]"
"In post","2022","Unknown","Black","North West (England)","Greater Manchester North West","[c]","[c]","[c]","[c]"
"In post","2022","Unknown","Black","North West (England)","Greater Manchester South East","[c]","[c]","[c]","[c]"
"In post","2022","Unknown","Black","North West (England)","Greater Manchester South West","25","25","[c]","[c]"
"In post","2022","Unknown","Black","North West (England)","Lancaster and Wyre","[c]","[c]","[c]","[c]"
"In post","2022","Unknown","Black","North West (England)","Liverpool","5","5","[c]","[c]"
"In post","2022","Unknown","Black","North West (England)","Manchester","30","30","33650","32870"
"In post","2022","Unknown","Black","North West (England)","Mid Lancashire","[c]","[c]","[c]","[c]"
"In post","2022","Unknown","Black","North West (England)","Sefton","[c]","[c]","[c]","[c]"
"In post","2022","Unknown","Black","North West (England)","Warrington","[c]","[c]","[c]","[c]"
"In post","2022","Unknown","Black","North West (England)","West Cumbria","[c]","[c]","[c]","[c]"
"In post","2022","Unknown","Black","North West (England)","Wirral","[c]","[c]","[c]","[c]"
"In post","2022","Unknown","Black","Northern Ireland","Antrim and Newtownabbey","[c]","[c]","[c]","[c]"
"In post","2022","Unknown","Black","Northern Ireland","Ards and North Down","[c]","[c]","[c]","[c]"
"In post","2022","Unknown","Black","Northern Ireland","Armagh City, Banbridge and Craigavon","[c]","[c]","[c]","[c]"
"In post","2022","Unknown","Black","Northern Ireland","Belfast","[c]","[c]","[c]","[c]"
"In post","2022","Unknown","Black","Northern Ireland","Causeway Coast and Glens","[c]","[c]","[c]","[c]"
"In post","2022","Unknown","Black","Northern Ireland","Derry City and Strabane","[c]","[c]","[c]","[c]"
"In post","2022","Unknown","Black","Northern Ireland","Fermanagh and Omagh","[c]","[c]","[c]","[c]"
"In post","2022","Unknown","Black","Northern Ireland","Lisburn and Castlereagh","[c]","[c]","[c]","[c]"
"In post","2022","Unknown","Black","Northern Ireland","Mid and East Antrim","[c]","[c]","[c]","[c]"
"In post","2022","Unknown","Black","Northern Ireland","Mid Ulster","[c]","[c]","[c]","[c]"
"In post","2022","Unknown","Black","Northern Ireland","Newry, Mourne and Down","[c]","[c]","[c]","[c]"
"In post","2022","Unknown","Black","Overseas","Overseas","10","10","[c]","[c]"
"In post","2022","Unknown","Black","Scotland","Aberdeen City and Aberdeenshire","[c]","[c]","[c]","[c]"
"In post","2022","Unknown","Black","Scotland","Angus and Dundee City","[c]","[c]","[c]","[c]"
"In post","2022","Unknown","Black","Scotland","Caithness and Sutherland, and Ross and Cromarty","[c]","[c]","[c]","[c]"
"In post","2022","Unknown","Black","Scotland","City of Edinburgh","15","15","[c]","[c]"
"In post","2022","Unknown","Black","Scotland","Clackmannanshire and Fife","[c]","[c]","[c]","[c]"
"In post","2022","Unknown","Black","Scotland","Dumfries and Galloway","[c]","[c]","[c]","[c]"
"In post","2022","Unknown","Black","Scotland","East Ayrshire and North Ayrshire mainland","[c]","[c]","[c]","[c]"
"In post","2022","Unknown","Black","Scotland","East Dunbartonshire, West Dunbartonshire, and Helensburgh and Lomond","[c]","[c]","[c]","[c]"
"In post","2022","Unknown","Black","Scotland","East Lothian and Midlothian","[c]","[c]","[c]","[c]"
"In post","2022","Unknown","Black","Scotland","Falkirk","[c]","[c]","[c]","[c]"
"In post","2022","Unknown","Black","Scotland","Glasgow City","10","10","[c]","[c]"
"In post","2022","Unknown","Black","Scotland","Inverclyde, East Renfrewshire, and Renfrewshire","[c]","[c]","[c]","[c]"
"In post","2022","Unknown","Black","Scotland","Inverness and Nairn, Moray, and Badenoch and Strathspey","[c]","[c]","[c]","[c]"
"In post","2022","Unknown","Black","Scotland","Lochaber, Skye and Lochalsh, Arran and Cumbrae, and Argyll and Bute","[c]","[c]","[c]","[c]"
"In post","2022","Unknown","Black","Scotland","Na h-Eileanan Siar","[c]","[c]","[c]","[c]"
"In post","2022","Unknown","Black","Scotland","North Lanarkshire","[c]","[c]","[c]","[c]"
"In post","2022","Unknown","Black","Scotland","Orkney Islands","[c]","[c]","[c]","[c]"
"In post","2022","Unknown","Black","Scotland","Perth and Kinross, and Stirling","[c]","[c]","[c]","[c]"
"In post","2022","Unknown","Black","Scotland","Scottish Borders","[c]","[c]","[c]","[c]"
"In post","2022","Unknown","Black","Scotland","Shetland Islands","[c]","[c]","[c]","[c]"
"In post","2022","Unknown","Black","Scotland","South Ayrshire","[c]","[c]","[c]","[c]"
"In post","2022","Unknown","Black","Scotland","South Lanarkshire","[c]","[c]","[c]","[c]"
"In post","2022","Unknown","Black","Scotland","West Lothian","[c]","[c]","[c]","[c]"
"In post","2022","Unknown","Black","South East (England)","Berkshire","5","5","[c]","[c]"
"In post","2022","Unknown","Black","South East (England)","Brighton and Hove","[c]","[c]","[c]","[c]"
"In post","2022","Unknown","Black","South East (England)","Buckinghamshire","[c]","[c]","[c]","[c]"
"In post","2022","Unknown","Black","South East (England)","Central Hampshire","[c]","[c]","[c]","[c]"
"In post","2022","Unknown","Black","South East (England)","East Kent","[c]","[c]","[c]","[c]"
"In post","2022","Unknown","Black","South East (England)","East Surrey","[c]","[c]","[c]","[c]"
"In post","2022","Unknown","Black","South East (England)","East Sussex CC","[c]","[c]","[c]","[c]"
"In post","2022","Unknown","Black","South East (England)","Isle of Wight","[c]","[c]","[c]","[c]"
"In post","2022","Unknown","Black","South East (England)","Kent Thames Gateway","[c]","[c]","[c]","[c]"
"In post","2022","Unknown","Black","South East (England)","Medway","[c]","[c]","[c]","[c]"
"In post","2022","Unknown","Black","South East (England)","Mid Kent","[c]","[c]","[c]","[c]"
"In post","2022","Unknown","Black","South East (England)","Milton Keynes","[c]","[c]","[c]","[c]"
"In post","2022","Unknown","Black","South East (England)","North Hampshire","[c]","[c]","[c]","[c]"
"In post","2022","Unknown","Black","South East (England)","Oxfordshire CC","[c]","[c]","[c]","[c]"
"In post","2022","Unknown","Black","South East (England)","Portsmouth","[c]","[c]","[c]","[c]"
"In post","2022","Unknown","Black","South East (England)","South Hampshire","20","15","[c]","[c]"
"In post","2022","Unknown","Black","South East (England)","Southampton","[c]","[c]","[c]","[c]"
"In post","2022","Unknown","Black","South East (England)","West Kent","[c]","[c]","[c]","[c]"
"In post","2022","Unknown","Black","South East (England)","West Surrey","[c]","[c]","[c]","[c]"
"In post","2022","Unknown","Black","South East (England)","West Sussex (North East)","[c]","[c]","[c]","[c]"
"In post","2022","Unknown","Black","South East (England)","West Sussex (South West)","[c]","[c]","[c]","[c]"
"In post","2022","Unknown","Black","South West (England)","Bath and North East Somerset, North Somerset and South Gloucestershire","15","15","[c]","[c]"
"In post","2022","Unknown","Black","South West (England)","Bournemouth, Christchurch and Poole","[c]","[c]","[c]","[c]"
"In post","2022","Unknown","Black","South West (England)","Bristol, City of","15","15","[c]","[c]"
"In post","2022","Unknown","Black","South West (England)","Cornwall and Isles of Scilly","[c]","[c]","[c]","[c]"
"In post","2022","Unknown","Black","South West (England)","Devon CC","[c]","[c]","[c]","[c]"
"In post","2022","Unknown","Black","South West (England)","Dorset","[c]","[c]","[c]","[c]"
"In post","2022","Unknown","Black","South West (England)","Gloucestershire CC","[c]","[c]","[c]","[c]"
"In post","2022","Unknown","Black","South West (England)","Plymouth","[c]","[c]","[c]","[c]"
"In post","2022","Unknown","Black","South West (England)","Somerset CC","[c]","[c]","[c]","[c]"
"In post","2022","Unknown","Black","South West (England)","Swindon","[c]","[c]","[c]","[c]"
"In post","2022","Unknown","Black","South West (England)","Torbay","[c]","[c]","[c]","[c]"
"In post","2022","Unknown","Black","South West (England)","Wiltshire","[c]","[c]","[c]","[c]"
"In post","2022","Unknown","Black","Unknown","Unknown","[c]","[c]","[c]","[c]"
"In post","2022","Unknown","Black","Wales","Bridgend and Neath Port Talbot","[c]","[c]","[c]","[c]"
"In post","2022","Unknown","Black","Wales","Cardiff and Vale of Glamorgan","10","10","[c]","[c]"
"In post","2022","Unknown","Black","Wales","Central Valleys","[c]","[c]","[c]","[c]"
"In post","2022","Unknown","Black","Wales","Conwy and Denbighshire","[c]","[c]","[c]","[c]"
"In post","2022","Unknown","Black","Wales","Flintshire and Wrexham","[c]","[c]","[c]","[c]"
"In post","2022","Unknown","Black","Wales","Gwent Valleys","[c]","[c]","[c]","[c]"
"In post","2022","Unknown","Black","Wales","Gwynedd","[c]","[c]","[c]","[c]"
"In post","2022","Unknown","Black","Wales","Isle of Anglesey","[c]","[c]","[c]","[c]"
"In post","2022","Unknown","Black","Wales","Monmouthshire and Newport","10","10","[c]","[c]"
"In post","2022","Unknown","Black","Wales","Powys","[c]","[c]","[c]","[c]"
"In post","2022","Unknown","Black","Wales","South West Wales","[c]","[c]","[c]","[c]"
"In post","2022","Unknown","Black","Wales","Swansea","[c]","[c]","[c]","[c]"
"In post","2022","Unknown","Black","West Midlands (England)","Birmingham","55","55","37110","28840"
"In post","2022","Unknown","Black","West Midlands (England)","Coventry","15","15","[c]","[c]"
"In post","2022","Unknown","Black","West Midlands (England)","Dudley","[c]","[c]","[c]","[c]"
"In post","2022","Unknown","Black","West Midlands (England)","Herefordshire, County of","[c]","[c]","[c]","[c]"
"In post","2022","Unknown","Black","West Midlands (England)","Sandwell","[c]","[c]","[c]","[c]"
"In post","2022","Unknown","Black","West Midlands (England)","Shropshire","[c]","[c]","[c]","[c]"
"In post","2022","Unknown","Black","West Midlands (England)","Solihull","5","5","[c]","[c]"
"In post","2022","Unknown","Black","West Midlands (England)","Staffordshire CC","[c]","[c]","[c]","[c]"
"In post","2022","Unknown","Black","West Midlands (England)","Stoke-on-Trent","[c]","[c]","[c]","[c]"
"In post","2022","Unknown","Black","West Midlands (England)","Telford and Wrekin","[c]","[c]","[c]","[c]"
"In post","2022","Unknown","Black","West Midlands (England)","Walsall","[c]","[c]","[c]","[c]"
"In post","2022","Unknown","Black","West Midlands (England)","Warwickshire CC","[c]","[c]","[c]","[c]"
"In post","2022","Unknown","Black","West Midlands (England)","Wolverhampton","[c]","[c]","[c]","[c]"
"In post","2022","Unknown","Black","West Midlands (England)","Worcestershire CC","[c]","[c]","[c]","[c]"
"In post","2022","Unknown","Black","Yorkshire and The Humber","Barnsley, Doncaster and Rotherham","[c]","[c]","[c]","[c]"
"In post","2022","Unknown","Black","Yorkshire and The Humber","Bradford","[c]","[c]","[c]","[c]"
"In post","2022","Unknown","Black","Yorkshire and The Humber","Calderdale and Kirklees","[c]","[c]","[c]","[c]"
"In post","2022","Unknown","Black","Yorkshire and The Humber","East Riding of Yorkshire","[c]","[c]","[c]","[c]"
"In post","2022","Unknown","Black","Yorkshire and The Humber","Kingston upon Hull, City of","[c]","[c]","[c]","[c]"
"In post","2022","Unknown","Black","Yorkshire and The Humber","Leeds","25","25","[c]","[c]"
"In post","2022","Unknown","Black","Yorkshire and The Humber","North and North East Lincolnshire","[c]","[c]","[c]","[c]"
"In post","2022","Unknown","Black","Yorkshire and The Humber","North Yorkshire CC","[c]","[c]","[c]","[c]"
"In post","2022","Unknown","Black","Yorkshire and The Humber","Sheffield","15","15","[c]","[c]"
"In post","2022","Unknown","Black","Yorkshire and The Humber","Wakefield","[c]","[c]","[c]","[c]"
"In post","2022","Unknown","Black","Yorkshire and The Humber","York","[c]","[c]","[c]","[c]"
"In post","2022","Unknown","Mixed","East Midlands (England)","Derby","[c]","[c]","[c]","[c]"
"In post","2022","Unknown","Mixed","East Midlands (England)","East Derbyshire","[c]","[c]","[c]","[c]"
"In post","2022","Unknown","Mixed","East Midlands (England)","Leicester","[c]","[c]","[c]","[c]"
"In post","2022","Unknown","Mixed","East Midlands (England)","Leicestershire CC and Rutland","[c]","[c]","[c]","[c]"
"In post","2022","Unknown","Mixed","East Midlands (England)","Lincolnshire CC","[c]","[c]","[c]","[c]"
"In post","2022","Unknown","Mixed","East Midlands (England)","North Northamptonshire","[c]","[c]","[c]","[c]"
"In post","2022","Unknown","Mixed","East Midlands (England)","North Nottinghamshire","[c]","[c]","[c]","[c]"
"In post","2022","Unknown","Mixed","East Midlands (England)","Nottingham","20","20","[c]","[c]"
"In post","2022","Unknown","Mixed","East Midlands (England)","South and West Derbyshire","[c]","[c]","[c]","[c]"
"In post","2022","Unknown","Mixed","East Midlands (England)","South Nottinghamshire","[c]","[c]","[c]","[c]"
"In post","2022","Unknown","Mixed","East Midlands (England)","West Northamptonshire","[c]","[c]","[c]","[c]"
"In post","2022","Unknown","Mixed","East of England","Bedford","[c]","[c]","[c]","[c]"
"In post","2022","Unknown","Mixed","East of England","Breckland and South Norfolk","[c]","[c]","[c]","[c]"
"In post","2022","Unknown","Mixed","East of England","Cambridgeshire CC","[c]","[c]","[c]","[c]"
"In post","2022","Unknown","Mixed","East of England","Central Bedfordshire","[c]","[c]","[c]","[c]"
"In post","2022","Unknown","Mixed","East of England","Essex Haven Gateway","[c]","[c]","[c]","[c]"
"In post","2022","Unknown","Mixed","East of England","Essex Thames Gateway","[c]","[c]","[c]","[c]"
"In post","2022","Unknown","Mixed","East of England","Heart of Essex","[c]","[c]","[c]","[c]"
"In post","2022","Unknown","Mixed","East of England","Hertfordshire CC","15","15","[c]","[c]"
"In post","2022","Unknown","Mixed","East of England","Luton","[c]","[c]","[c]","[c]"
"In post","2022","Unknown","Mixed","East of England","North and West Norfolk","[c]","[c]","[c]","[c]"
"In post","2022","Unknown","Mixed","East of England","Norwich and East Norfolk","[c]","[c]","[c]","[c]"
"In post","2022","Unknown","Mixed","East of England","Peterborough","[c]","[c]","[c]","[c]"
"In post","2022","Unknown","Mixed","East of England","Southend-on-Sea","[c]","[c]","[c]","[c]"
"In post","2022","Unknown","Mixed","East of England","Suffolk CC","5","5","[c]","[c]"
"In post","2022","Unknown","Mixed","East of England","Thurrock","[c]","[c]","[c]","[c]"
"In post","2022","Unknown","Mixed","East of England","West Essex","[c]","[c]","[c]","[c]"
"In post","2022","Unknown","Mixed","London","Barking & Dagenham and Havering","[c]","[c]","[c]","[c]"
"In post","2022","Unknown","Mixed","London","Barnet","10","10","[c]","[c]"
"In post","2022","Unknown","Mixed","London","Bexley and Greenwich","[c]","[c]","[c]","[c]"
"In post","2022","Unknown","Mixed","London","Brent","[c]","[c]","[c]","[c]"
"In post","2022","Unknown","Mixed","London","Bromley","[c]","[c]","[c]","[c]"
"In post","2022","Unknown","Mixed","London","Camden and City of London","5","5","[c]","[c]"
"In post","2022","Unknown","Mixed","London","Croydon","15","15","[c]","[c]"
"In post","2022","Unknown","Mixed","London","Ealing","[c]","[c]","[c]","[c]"
"In post","2022","Unknown","Mixed","London","Enfield","[c]","[c]","[c]","[c]"
"In post","2022","Unknown","Mixed","London","Hackney and Newham","20","20","[c]","[c]"
"In post","2022","Unknown","Mixed","London","Haringey and Islington","[c]","[c]","[c]","[c]"
"In post","2022","Unknown","Mixed","London","Harrow and Hillingdon","5","5","[c]","[c]"
"In post","2022","Unknown","Mixed","London","Hounslow and Richmond upon Thames","5","5","[c]","[c]"
"In post","2022","Unknown","Mixed","London","Kensington & Chelsea and Hammersmith & Fulham","[c]","[c]","[c]","[c]"
"In post","2022","Unknown","Mixed","London","Lambeth","25","25","[c]","[c]"
"In post","2022","Unknown","Mixed","London","Lewisham and Southwark","[c]","[c]","[c]","[c]"
"In post","2022","Unknown","Mixed","London","Merton, Kingston upon Thames and Sutton","[c]","[c]","[c]","[c]"
"In post","2022","Unknown","Mixed","London","Redbridge and Waltham Forest","[c]","[c]","[c]","[c]"
"In post","2022","Unknown","Mixed","London","Tower Hamlets","30","30","[c]","[c]"
"In post","2022","Unknown","Mixed","London","Wandsworth","[c]","[c]","[c]","[c]"
"In post","2022","Unknown","Mixed","London","Westminster","195","190","46090","45250"
"In post","2022","Unknown","Mixed","North East (England)","Darlington","[c]","[c]","[c]","[c]"
"In post","2022","Unknown","Mixed","North East (England)","Durham","[c]","[c]","[c]","[c]"
"In post","2022","Unknown","Mixed","North East (England)","Hartlepool and Stockton-on-Tees","[c]","[c]","[c]","[c]"
"In post","2022","Unknown","Mixed","North East (England)","Northumberland","[c]","[c]","[c]","[c]"
"In post","2022","Unknown","Mixed","North East (England)","South Teesside","[c]","[c]","[c]","[c]"
"In post","2022","Unknown","Mixed","North East (England)","Sunderland","[c]","[c]","[c]","[c]"
"In post","2022","Unknown","Mixed","North East (England)","Tyneside","15","15","[c]","[c]"
"In post","2022","Unknown","Mixed","North West (England)","Blackburn with Darwen","[c]","[c]","[c]","[c]"
"In post","2022","Unknown","Mixed","North West (England)","Blackpool","[c]","[c]","[c]","[c]"
"In post","2022","Unknown","Mixed","North West (England)","Cheshire East","[c]","[c]","[c]","[c]"
"In post","2022","Unknown","Mixed","North West (England)","Cheshire West and Chester","[c]","[c]","[c]","[c]"
"In post","2022","Unknown","Mixed","North West (England)","Chorley and West Lancashire","[c]","[c]","[c]","[c]"
"In post","2022","Unknown","Mixed","North West (England)","East Cumbria","[c]","[c]","[c]","[c]"
"In post","2022","Unknown","Mixed","North West (England)","East Lancashire","[c]","[c]","[c]","[c]"
"In post","2022","Unknown","Mixed","North West (England)","East Merseyside","[c]","[c]","[c]","[c]"
"In post","2022","Unknown","Mixed","North West (England)","Greater Manchester North East","[c]","[c]","[c]","[c]"
"In post","2022","Unknown","Mixed","North West (England)","Greater Manchester North West","[c]","[c]","[c]","[c]"
"In post","2022","Unknown","Mixed","North West (England)","Greater Manchester South East","[c]","[c]","[c]","[c]"
"In post","2022","Unknown","Mixed","North West (England)","Greater Manchester South West","10","10","[c]","[c]"
"In post","2022","Unknown","Mixed","North West (England)","Lancaster and Wyre","[c]","[c]","[c]","[c]"
"In post","2022","Unknown","Mixed","North West (England)","Liverpool","10","10","[c]","[c]"
"In post","2022","Unknown","Mixed","North West (England)","Manchester","10","10","[c]","[c]"
"In post","2022","Unknown","Mixed","North West (England)","Mid Lancashire","[c]","[c]","[c]","[c]"
"In post","2022","Unknown","Mixed","North West (England)","Sefton","[c]","[c]","[c]","[c]"
"In post","2022","Unknown","Mixed","North West (England)","Warrington","10","10","[c]","[c]"
"In post","2022","Unknown","Mixed","North West (England)","West Cumbria","[c]","[c]","[c]","[c]"
"In post","2022","Unknown","Mixed","North West (England)","Wirral","[c]","[c]","[c]","[c]"
"In post","2022","Unknown","Mixed","Northern Ireland","Antrim and Newtownabbey","[c]","[c]","[c]","[c]"
"In post","2022","Unknown","Mixed","Northern Ireland","Ards and North Down","[c]","[c]","[c]","[c]"
"In post","2022","Unknown","Mixed","Northern Ireland","Armagh City, Banbridge and Craigavon","[c]","[c]","[c]","[c]"
"In post","2022","Unknown","Mixed","Northern Ireland","Belfast","[c]","[c]","[c]","[c]"
"In post","2022","Unknown","Mixed","Northern Ireland","Causeway Coast and Glens","[c]","[c]","[c]","[c]"
"In post","2022","Unknown","Mixed","Northern Ireland","Derry City and Strabane","[c]","[c]","[c]","[c]"
"In post","2022","Unknown","Mixed","Northern Ireland","Fermanagh and Omagh","[c]","[c]","[c]","[c]"
"In post","2022","Unknown","Mixed","Northern Ireland","Lisburn and Castlereagh","[c]","[c]","[c]","[c]"
"In post","2022","Unknown","Mixed","Northern Ireland","Mid and East Antrim","[c]","[c]","[c]","[c]"
"In post","2022","Unknown","Mixed","Northern Ireland","Mid Ulster","[c]","[c]","[c]","[c]"
"In post","2022","Unknown","Mixed","Northern Ireland","Newry, Mourne and Down","[c]","[c]","[c]","[c]"
"In post","2022","Unknown","Mixed","Overseas","Overseas","15","15","[c]","[c]"
"In post","2022","Unknown","Mixed","Scotland","Aberdeen City and Aberdeenshire","[c]","[c]","[c]","[c]"
"In post","2022","Unknown","Mixed","Scotland","Angus and Dundee City","[c]","[c]","[c]","[c]"
"In post","2022","Unknown","Mixed","Scotland","Caithness and Sutherland, and Ross and Cromarty","[c]","[c]","[c]","[c]"
"In post","2022","Unknown","Mixed","Scotland","City of Edinburgh","15","15","[c]","[c]"
"In post","2022","Unknown","Mixed","Scotland","Clackmannanshire and Fife","[c]","[c]","[c]","[c]"
"In post","2022","Unknown","Mixed","Scotland","Dumfries and Galloway","[c]","[c]","[c]","[c]"
"In post","2022","Unknown","Mixed","Scotland","East Ayrshire and North Ayrshire mainland","[c]","[c]","[c]","[c]"
"In post","2022","Unknown","Mixed","Scotland","East Dunbartonshire, West Dunbartonshire, and Helensburgh and Lomond","[c]","[c]","[c]","[c]"
"In post","2022","Unknown","Mixed","Scotland","East Lothian and Midlothian","[c]","[c]","[c]","[c]"
"In post","2022","Unknown","Mixed","Scotland","Falkirk","[c]","[c]","[c]","[c]"
"In post","2022","Unknown","Mixed","Scotland","Glasgow City","5","5","[c]","[c]"
"In post","2022","Unknown","Mixed","Scotland","Inverclyde, East Renfrewshire, and Renfrewshire","[c]","[c]","[c]","[c]"
"In post","2022","Unknown","Mixed","Scotland","Inverness and Nairn, Moray, and Badenoch and Strathspey","[c]","[c]","[c]","[c]"
"In post","2022","Unknown","Mixed","Scotland","Lochaber, Skye and Lochalsh, Arran and Cumbrae, and Argyll and Bute","[c]","[c]","[c]","[c]"
"In post","2022","Unknown","Mixed","Scotland","Na h-Eileanan Siar","[c]","[c]","[c]","[c]"
"In post","2022","Unknown","Mixed","Scotland","North Lanarkshire","[c]","[c]","[c]","[c]"
"In post","2022","Unknown","Mixed","Scotland","Orkney Islands","[c]","[c]","[c]","[c]"
"In post","2022","Unknown","Mixed","Scotland","Perth and Kinross, and Stirling","[c]","[c]","[c]","[c]"
"In post","2022","Unknown","Mixed","Scotland","Scottish Borders","[c]","[c]","[c]","[c]"
"In post","2022","Unknown","Mixed","Scotland","Shetland Islands","[c]","[c]","[c]","[c]"
"In post","2022","Unknown","Mixed","Scotland","South Ayrshire","[c]","[c]","[c]","[c]"
"In post","2022","Unknown","Mixed","Scotland","South Lanarkshire","[c]","[c]","[c]","[c]"
"In post","2022","Unknown","Mixed","Scotland","West Lothian","[c]","[c]","[c]","[c]"
"In post","2022","Unknown","Mixed","South East (England)","Berkshire","10","10","[c]","[c]"
"In post","2022","Unknown","Mixed","South East (England)","Brighton and Hove","[c]","[c]","[c]","[c]"
"In post","2022","Unknown","Mixed","South East (England)","Buckinghamshire","[c]","[c]","[c]","[c]"
"In post","2022","Unknown","Mixed","South East (England)","Central Hampshire","[c]","[c]","[c]","[c]"
"In post","2022","Unknown","Mixed","South East (England)","East Kent","5","5","[c]","[c]"
"In post","2022","Unknown","Mixed","South East (England)","East Surrey","[c]","[c]","[c]","[c]"
"In post","2022","Unknown","Mixed","South East (England)","East Sussex CC","[c]","[c]","[c]","[c]"
"In post","2022","Unknown","Mixed","South East (England)","Isle of Wight","[c]","[c]","[c]","[c]"
"In post","2022","Unknown","Mixed","South East (England)","Kent Thames Gateway","[c]","[c]","[c]","[c]"
"In post","2022","Unknown","Mixed","South East (England)","Medway","[c]","[c]","[c]","[c]"
"In post","2022","Unknown","Mixed","South East (England)","Mid Kent","[c]","[c]","[c]","[c]"
"In post","2022","Unknown","Mixed","South East (England)","Milton Keynes","[c]","[c]","[c]","[c]"
"In post","2022","Unknown","Mixed","South East (England)","North Hampshire","[c]","[c]","[c]","[c]"
"In post","2022","Unknown","Mixed","South East (England)","Oxfordshire CC","[c]","[c]","[c]","[c]"
"In post","2022","Unknown","Mixed","South East (England)","Portsmouth","[c]","[c]","[c]","[c]"
"In post","2022","Unknown","Mixed","South East (England)","South Hampshire","10","10","[c]","[c]"
"In post","2022","Unknown","Mixed","South East (England)","Southampton","[c]","[c]","[c]","[c]"
"In post","2022","Unknown","Mixed","South East (England)","West Kent","[c]","[c]","[c]","[c]"
"In post","2022","Unknown","Mixed","South East (England)","West Surrey","[c]","[c]","[c]","[c]"
"In post","2022","Unknown","Mixed","South East (England)","West Sussex (North East)","[c]","[c]","[c]","[c]"
"In post","2022","Unknown","Mixed","South East (England)","West Sussex (South West)","[c]","[c]","[c]","[c]"
"In post","2022","Unknown","Mixed","South West (England)","Bath and North East Somerset, North Somerset and South Gloucestershire","15","15","[c]","[c]"
"In post","2022","Unknown","Mixed","South West (England)","Bournemouth, Christchurch and Poole","[c]","[c]","[c]","[c]"
"In post","2022","Unknown","Mixed","South West (England)","Bristol, City of","15","10","[c]","[c]"
"In post","2022","Unknown","Mixed","South West (England)","Cornwall and Isles of Scilly","[c]","[c]","[c]","[c]"
"In post","2022","Unknown","Mixed","South West (England)","Devon CC","[c]","[c]","[c]","[c]"
"In post","2022","Unknown","Mixed","South West (England)","Dorset","[c]","[c]","[c]","[c]"
"In post","2022","Unknown","Mixed","South West (England)","Gloucestershire CC","[c]","[c]","[c]","[c]"
"In post","2022","Unknown","Mixed","South West (England)","Plymouth","5","5","[c]","[c]"
"In post","2022","Unknown","Mixed","South West (England)","Somerset CC","[c]","[c]","[c]","[c]"
"In post","2022","Unknown","Mixed","South West (England)","Swindon","[c]","[c]","[c]","[c]"
"In post","2022","Unknown","Mixed","South West (England)","Torbay","[c]","[c]","[c]","[c]"
"In post","2022","Unknown","Mixed","South West (England)","Wiltshire","5","5","[c]","[c]"
"In post","2022","Unknown","Mixed","Unknown","Unknown","[c]","[c]","[c]","[c]"
"In post","2022","Unknown","Mixed","Wales","Bridgend and Neath Port Talbot","[c]","[c]","[c]","[c]"
"In post","2022","Unknown","Mixed","Wales","Cardiff and Vale of Glamorgan","15","15","[c]","[c]"
"In post","2022","Unknown","Mixed","Wales","Central Valleys","[c]","[c]","[c]","[c]"
"In post","2022","Unknown","Mixed","Wales","Conwy and Denbighshire","[c]","[c]","[c]","[c]"
"In post","2022","Unknown","Mixed","Wales","Flintshire and Wrexham","[c]","[c]","[c]","[c]"
"In post","2022","Unknown","Mixed","Wales","Gwent Valleys","[c]","[c]","[c]","[c]"
"In post","2022","Unknown","Mixed","Wales","Gwynedd","[c]","[c]","[c]","[c]"
"In post","2022","Unknown","Mixed","Wales","Isle of Anglesey","[c]","[c]","[c]","[c]"
"In post","2022","Unknown","Mixed","Wales","Monmouthshire and Newport","25","25","[c]","[c]"
"In post","2022","Unknown","Mixed","Wales","Powys","[c]","[c]","[c]","[c]"
"In post","2022","Unknown","Mixed","Wales","South West Wales","[c]","[c]","[c]","[c]"
"In post","2022","Unknown","Mixed","Wales","Swansea","[c]","[c]","[c]","[c]"
"In post","2022","Unknown","Mixed","West Midlands (England)","Birmingham","30","30","[c]","[c]"
"In post","2022","Unknown","Mixed","West Midlands (England)","Coventry","10","10","[c]","[c]"
"In post","2022","Unknown","Mixed","West Midlands (England)","Dudley","[c]","[c]","[c]","[c]"
"In post","2022","Unknown","Mixed","West Midlands (England)","Herefordshire, County of","[c]","[c]","[c]","[c]"
"In post","2022","Unknown","Mixed","West Midlands (England)","Sandwell","[c]","[c]","[c]","[c]"
"In post","2022","Unknown","Mixed","West Midlands (England)","Shropshire","[c]","[c]","[c]","[c]"
"In post","2022","Unknown","Mixed","West Midlands (England)","Solihull","[c]","[c]","[c]","[c]"
"In post","2022","Unknown","Mixed","West Midlands (England)","Staffordshire CC","[c]","[c]","[c]","[c]"
"In post","2022","Unknown","Mixed","West Midlands (England)","Stoke-on-Trent","[c]","[c]","[c]","[c]"
"In post","2022","Unknown","Mixed","West Midlands (England)","Telford and Wrekin","[c]","[c]","[c]","[c]"
"In post","2022","Unknown","Mixed","West Midlands (England)","Walsall","[c]","[c]","[c]","[c]"
"In post","2022","Unknown","Mixed","West Midlands (England)","Warwickshire CC","[c]","[c]","[c]","[c]"
"In post","2022","Unknown","Mixed","West Midlands (England)","Wolverhampton","[c]","[c]","[c]","[c]"
"In post","2022","Unknown","Mixed","West Midlands (England)","Worcestershire CC","[c]","[c]","[c]","[c]"
"In post","2022","Unknown","Mixed","Yorkshire and The Humber","Barnsley, Doncaster and Rotherham","[c]","[c]","[c]","[c]"
"In post","2022","Unknown","Mixed","Yorkshire and The Humber","Bradford","[c]","[c]","[c]","[c]"
"In post","2022","Unknown","Mixed","Yorkshire and The Humber","Calderdale and Kirklees","[c]","[c]","[c]","[c]"
"In post","2022","Unknown","Mixed","Yorkshire and The Humber","East Riding of Yorkshire","[c]","[c]","[c]","[c]"
"In post","2022","Unknown","Mixed","Yorkshire and The Humber","Kingston upon Hull, City of","[c]","[c]","[c]","[c]"
"In post","2022","Unknown","Mixed","Yorkshire and The Humber","Leeds","15","15","[c]","[c]"
"In post","2022","Unknown","Mixed","Yorkshire and The Humber","North and North East Lincolnshire","[c]","[c]","[c]","[c]"
"In post","2022","Unknown","Mixed","Yorkshire and The Humber","North Yorkshire CC","[c]","[c]","[c]","[c]"
"In post","2022","Unknown","Mixed","Yorkshire and The Humber","Sheffield","15","15","[c]","[c]"
"In post","2022","Unknown","Mixed","Yorkshire and The Humber","Wakefield","[c]","[c]","[c]","[c]"
"In post","2022","Unknown","Mixed","Yorkshire and The Humber","York","[c]","[c]","[c]","[c]"
"In post","2022","Unknown","Other ethnicity","East Midlands (England)","Derby","[c]","[c]","[c]","[c]"
"In post","2022","Unknown","Other ethnicity","East Midlands (England)","East Derbyshire","[c]","[c]","[c]","[c]"
"In post","2022","Unknown","Other ethnicity","East Midlands (England)","Leicester","[c]","[c]","[c]","[c]"
"In post","2022","Unknown","Other ethnicity","East Midlands (England)","Leicestershire CC and Rutland","[c]","[c]","[c]","[c]"
"In post","2022","Unknown","Other ethnicity","East Midlands (England)","Lincolnshire CC","[c]","[c]","[c]","[c]"
"In post","2022","Unknown","Other ethnicity","East Midlands (England)","North Northamptonshire","[c]","[c]","[c]","[c]"
"In post","2022","Unknown","Other ethnicity","East Midlands (England)","North Nottinghamshire","[c]","[c]","[c]","[c]"
"In post","2022","Unknown","Other ethnicity","East Midlands (England)","Nottingham","5","5","[c]","[c]"
"In post","2022","Unknown","Other ethnicity","East Midlands (England)","South and West Derbyshire","[c]","[c]","[c]","[c]"
"In post","2022","Unknown","Other ethnicity","East Midlands (England)","South Nottinghamshire","[c]","[c]","[c]","[c]"
"In post","2022","Unknown","Other ethnicity","East Midlands (England)","West Northamptonshire","[c]","[c]","[c]","[c]"
"In post","2022","Unknown","Other ethnicity","East of England","Bedford","[c]","[c]","[c]","[c]"
"In post","2022","Unknown","Other ethnicity","East of England","Breckland and South Norfolk","[c]","[c]","[c]","[c]"
"In post","2022","Unknown","Other ethnicity","East of England","Cambridgeshire CC","[c]","[c]","[c]","[c]"
"In post","2022","Unknown","Other ethnicity","East of England","Central Bedfordshire","[c]","[c]","[c]","[c]"
"In post","2022","Unknown","Other ethnicity","East of England","Essex Haven Gateway","[c]","[c]","[c]","[c]"
"In post","2022","Unknown","Other ethnicity","East of England","Essex Thames Gateway","[c]","[c]","[c]","[c]"
"In post","2022","Unknown","Other ethnicity","East of England","Heart of Essex","[c]","[c]","[c]","[c]"
"In post","2022","Unknown","Other ethnicity","East of England","Hertfordshire CC","5","5","[c]","[c]"
"In post","2022","Unknown","Other ethnicity","East of England","Luton","[c]","[c]","[c]","[c]"
"In post","2022","Unknown","Other ethnicity","East of England","North and West Norfolk","[c]","[c]","[c]","[c]"
"In post","2022","Unknown","Other ethnicity","East of England","Norwich and East Norfolk","[c]","[c]","[c]","[c]"
"In post","2022","Unknown","Other ethnicity","East of England","Peterborough","[c]","[c]","[c]","[c]"
"In post","2022","Unknown","Other ethnicity","East of England","Southend-on-Sea","[c]","[c]","[c]","[c]"
"In post","2022","Unknown","Other ethnicity","East of England","Suffolk CC","[c]","[c]","[c]","[c]"
"In post","2022","Unknown","Other ethnicity","East of England","Thurrock","[c]","[c]","[c]","[c]"
"In post","2022","Unknown","Other ethnicity","East of England","West Essex","[c]","[c]","[c]","[c]"
"In post","2022","Unknown","Other ethnicity","London","Barking & Dagenham and Havering","[c]","[c]","[c]","[c]"
"In post","2022","Unknown","Other ethnicity","London","Barnet","10","10","[c]","[c]"
"In post","2022","Unknown","Other ethnicity","London","Bexley and Greenwich","[c]","[c]","[c]","[c]"
"In post","2022","Unknown","Other ethnicity","London","Brent","[c]","[c]","[c]","[c]"
"In post","2022","Unknown","Other ethnicity","London","Bromley","[c]","[c]","[c]","[c]"
"In post","2022","Unknown","Other ethnicity","London","Camden and City of London","10","10","[c]","[c]"
"In post","2022","Unknown","Other ethnicity","London","Croydon","[c]","[c]","[c]","[c]"
"In post","2022","Unknown","Other ethnicity","London","Ealing","[c]","[c]","[c]","[c]"
"In post","2022","Unknown","Other ethnicity","London","Enfield","[c]","[c]","[c]","[c]"
"In post","2022","Unknown","Other ethnicity","London","Hackney and Newham","10","10","[c]","[c]"
"In post","2022","Unknown","Other ethnicity","London","Haringey and Islington","[c]","[c]","[c]","[c]"
"In post","2022","Unknown","Other ethnicity","London","Harrow and Hillingdon","[c]","[c]","[c]","[c]"
"In post","2022","Unknown","Other ethnicity","London","Hounslow and Richmond upon Thames","[c]","[c]","[c]","[c]"
"In post","2022","Unknown","Other ethnicity","London","Kensington & Chelsea and Hammersmith & Fulham","[c]","[c]","[c]","[c]"
"In post","2022","Unknown","Other ethnicity","London","Lambeth","15","15","[c]","[c]"
"In post","2022","Unknown","Other ethnicity","London","Lewisham and Southwark","[c]","[c]","[c]","[c]"
"In post","2022","Unknown","Other ethnicity","London","Merton, Kingston upon Thames and Sutton","[c]","[c]","[c]","[c]"
"In post","2022","Unknown","Other ethnicity","London","Redbridge and Waltham Forest","[c]","[c]","[c]","[c]"
"In post","2022","Unknown","Other ethnicity","London","Tower Hamlets","15","15","[c]","[c]"
"In post","2022","Unknown","Other ethnicity","London","Wandsworth","[c]","[c]","[c]","[c]"
"In post","2022","Unknown","Other ethnicity","London","Westminster","70","70","40960","38180"
"In post","2022","Unknown","Other ethnicity","North East (England)","Darlington","[c]","[c]","[c]","[c]"
"In post","2022","Unknown","Other ethnicity","North East (England)","Durham","[c]","[c]","[c]","[c]"
"In post","2022","Unknown","Other ethnicity","North East (England)","Hartlepool and Stockton-on-Tees","[c]","[c]","[c]","[c]"
"In post","2022","Unknown","Other ethnicity","North East (England)","Northumberland","[c]","[c]","[c]","[c]"
"In post","2022","Unknown","Other ethnicity","North East (England)","South Teesside","[c]","[c]","[c]","[c]"
"In post","2022","Unknown","Other ethnicity","North East (England)","Sunderland","[c]","[c]","[c]","[c]"
"In post","2022","Unknown","Other ethnicity","North East (England)","Tyneside","[c]","[c]","[c]","[c]"
"In post","2022","Unknown","Other ethnicity","North West (England)","Blackburn with Darwen","[c]","[c]","[c]","[c]"
"In post","2022","Unknown","Other ethnicity","North West (England)","Blackpool","[c]","[c]","[c]","[c]"
"In post","2022","Unknown","Other ethnicity","North West (England)","Cheshire East","[c]","[c]","[c]","[c]"
"In post","2022","Unknown","Other ethnicity","North West (England)","Cheshire West and Chester","[c]","[c]","[c]","[c]"
"In post","2022","Unknown","Other ethnicity","North West (England)","Chorley and West Lancashire","[c]","[c]","[c]","[c]"
"In post","2022","Unknown","Other ethnicity","North West (England)","East Cumbria","[c]","[c]","[c]","[c]"
"In post","2022","Unknown","Other ethnicity","North West (England)","East Lancashire","[c]","[c]","[c]","[c]"
"In post","2022","Unknown","Other ethnicity","North West (England)","East Merseyside","[c]","[c]","[c]","[c]"
"In post","2022","Unknown","Other ethnicity","North West (England)","Greater Manchester North East","[c]","[c]","[c]","[c]"
"In post","2022","Unknown","Other ethnicity","North West (England)","Greater Manchester North West","[c]","[c]","[c]","[c]"
"In post","2022","Unknown","Other ethnicity","North West (England)","Greater Manchester South East","[c]","[c]","[c]","[c]"
"In post","2022","Unknown","Other ethnicity","North West (England)","Greater Manchester South West","[c]","[c]","[c]","[c]"
"In post","2022","Unknown","Other ethnicity","North West (England)","Lancaster and Wyre","[c]","[c]","[c]","[c]"
"In post","2022","Unknown","Other ethnicity","North West (England)","Liverpool","[c]","[c]","[c]","[c]"
"In post","2022","Unknown","Other ethnicity","North West (England)","Manchester","[c]","[c]","[c]","[c]"
"In post","2022","Unknown","Other ethnicity","North West (England)","Mid Lancashire","[c]","[c]","[c]","[c]"
"In post","2022","Unknown","Other ethnicity","North West (England)","Sefton","[c]","[c]","[c]","[c]"
"In post","2022","Unknown","Other ethnicity","North West (England)","Warrington","[c]","[c]","[c]","[c]"
"In post","2022","Unknown","Other ethnicity","North West (England)","West Cumbria","[c]","[c]","[c]","[c]"
"In post","2022","Unknown","Other ethnicity","North West (England)","Wirral","[c]","[c]","[c]","[c]"
"In post","2022","Unknown","Other ethnicity","Northern Ireland","Antrim and Newtownabbey","[c]","[c]","[c]","[c]"
"In post","2022","Unknown","Other ethnicity","Northern Ireland","Ards and North Down","[c]","[c]","[c]","[c]"
"In post","2022","Unknown","Other ethnicity","Northern Ireland","Armagh City, Banbridge and Craigavon","[c]","[c]","[c]","[c]"
"In post","2022","Unknown","Other ethnicity","Northern Ireland","Belfast","[c]","[c]","[c]","[c]"
"In post","2022","Unknown","Other ethnicity","Northern Ireland","Causeway Coast and Glens","[c]","[c]","[c]","[c]"
"In post","2022","Unknown","Other ethnicity","Northern Ireland","Derry City and Strabane","[c]","[c]","[c]","[c]"
"In post","2022","Unknown","Other ethnicity","Northern Ireland","Fermanagh and Omagh","[c]","[c]","[c]","[c]"
"In post","2022","Unknown","Other ethnicity","Northern Ireland","Lisburn and Castlereagh","[c]","[c]","[c]","[c]"
"In post","2022","Unknown","Other ethnicity","Northern Ireland","Mid and East Antrim","[c]","[c]","[c]","[c]"
"In post","2022","Unknown","Other ethnicity","Northern Ireland","Mid Ulster","[c]","[c]","[c]","[c]"
"In post","2022","Unknown","Other ethnicity","Northern Ireland","Newry, Mourne and Down","[c]","[c]","[c]","[c]"
"In post","2022","Unknown","Other ethnicity","Overseas","Overseas","[c]","[c]","[c]","[c]"
"In post","2022","Unknown","Other ethnicity","Scotland","Aberdeen City and Aberdeenshire","[c]","[c]","[c]","[c]"
"In post","2022","Unknown","Other ethnicity","Scotland","Angus and Dundee City","[c]","[c]","[c]","[c]"
"In post","2022","Unknown","Other ethnicity","Scotland","Caithness and Sutherland, and Ross and Cromarty","[c]","[c]","[c]","[c]"
"In post","2022","Unknown","Other ethnicity","Scotland","City of Edinburgh","5","5","[c]","[c]"
"In post","2022","Unknown","Other ethnicity","Scotland","Clackmannanshire and Fife","[c]","[c]","[c]","[c]"
"In post","2022","Unknown","Other ethnicity","Scotland","Dumfries and Galloway","[c]","[c]","[c]","[c]"
"In post","2022","Unknown","Other ethnicity","Scotland","East Ayrshire and North Ayrshire mainland","[c]","[c]","[c]","[c]"
"In post","2022","Unknown","Other ethnicity","Scotland","East Dunbartonshire, West Dunbartonshire, and Helensburgh and Lomond","[c]","[c]","[c]","[c]"
"In post","2022","Unknown","Other ethnicity","Scotland","East Lothian and Midlothian","[c]","[c]","[c]","[c]"
"In post","2022","Unknown","Other ethnicity","Scotland","Falkirk","[c]","[c]","[c]","[c]"
"In post","2022","Unknown","Other ethnicity","Scotland","Glasgow City","[c]","[c]","[c]","[c]"
"In post","2022","Unknown","Other ethnicity","Scotland","Inverclyde, East Renfrewshire, and Renfrewshire","[c]","[c]","[c]","[c]"
"In post","2022","Unknown","Other ethnicity","Scotland","Inverness and Nairn, Moray, and Badenoch and Strathspey","[c]","[c]","[c]","[c]"
"In post","2022","Unknown","Other ethnicity","Scotland","Lochaber, Skye and Lochalsh, Arran and Cumbrae, and Argyll and Bute","[c]","[c]","[c]","[c]"
"In post","2022","Unknown","Other ethnicity","Scotland","Na h-Eileanan Siar","[c]","[c]","[c]","[c]"
"In post","2022","Unknown","Other ethnicity","Scotland","North Lanarkshire","[c]","[c]","[c]","[c]"
"In post","2022","Unknown","Other ethnicity","Scotland","Orkney Islands","[c]","[c]","[c]","[c]"
"In post","2022","Unknown","Other ethnicity","Scotland","Perth and Kinross, and Stirling","[c]","[c]","[c]","[c]"
"In post","2022","Unknown","Other ethnicity","Scotland","Scottish Borders","[c]","[c]","[c]","[c]"
"In post","2022","Unknown","Other ethnicity","Scotland","Shetland Islands","[c]","[c]","[c]","[c]"
"In post","2022","Unknown","Other ethnicity","Scotland","South Ayrshire","[c]","[c]","[c]","[c]"
"In post","2022","Unknown","Other ethnicity","Scotland","South Lanarkshire","[c]","[c]","[c]","[c]"
"In post","2022","Unknown","Other ethnicity","Scotland","West Lothian","[c]","[c]","[c]","[c]"
"In post","2022","Unknown","Other ethnicity","South East (England)","Berkshire","[c]","[c]","[c]","[c]"
"In post","2022","Unknown","Other ethnicity","South East (England)","Brighton and Hove","[c]","[c]","[c]","[c]"
"In post","2022","Unknown","Other ethnicity","South East (England)","Buckinghamshire","[c]","[c]","[c]","[c]"
"In post","2022","Unknown","Other ethnicity","South East (England)","Central Hampshire","[c]","[c]","[c]","[c]"
"In post","2022","Unknown","Other ethnicity","South East (England)","East Kent","[c]","[c]","[c]","[c]"
"In post","2022","Unknown","Other ethnicity","South East (England)","East Surrey","[c]","[c]","[c]","[c]"
"In post","2022","Unknown","Other ethnicity","South East (England)","East Sussex CC","[c]","[c]","[c]","[c]"
"In post","2022","Unknown","Other ethnicity","South East (England)","Isle of Wight","[c]","[c]","[c]","[c]"
"In post","2022","Unknown","Other ethnicity","South East (England)","Kent Thames Gateway","[c]","[c]","[c]","[c]"
"In post","2022","Unknown","Other ethnicity","South East (England)","Medway","[c]","[c]","[c]","[c]"
"In post","2022","Unknown","Other ethnicity","South East (England)","Mid Kent","[c]","[c]","[c]","[c]"
"In post","2022","Unknown","Other ethnicity","South East (England)","Milton Keynes","[c]","[c]","[c]","[c]"
"In post","2022","Unknown","Other ethnicity","South East (England)","North Hampshire","[c]","[c]","[c]","[c]"
"In post","2022","Unknown","Other ethnicity","South East (England)","Oxfordshire CC","[c]","[c]","[c]","[c]"
"In post","2022","Unknown","Other ethnicity","South East (England)","Portsmouth","[c]","[c]","[c]","[c]"
"In post","2022","Unknown","Other ethnicity","South East (England)","South Hampshire","[c]","[c]","[c]","[c]"
"In post","2022","Unknown","Other ethnicity","South East (England)","Southampton","[c]","[c]","[c]","[c]"
"In post","2022","Unknown","Other ethnicity","South East (England)","West Kent","[c]","[c]","[c]","[c]"
"In post","2022","Unknown","Other ethnicity","South East (England)","West Surrey","[c]","[c]","[c]","[c]"
"In post","2022","Unknown","Other ethnicity","South East (England)","West Sussex (North East)","[c]","[c]","[c]","[c]"
"In post","2022","Unknown","Other ethnicity","South East (England)","West Sussex (South West)","[c]","[c]","[c]","[c]"
"In post","2022","Unknown","Other ethnicity","South West (England)","Bath and North East Somerset, North Somerset and South Gloucestershire","5","5","[c]","[c]"
"In post","2022","Unknown","Other ethnicity","South West (England)","Bournemouth, Christchurch and Poole","[c]","[c]","[c]","[c]"
"In post","2022","Unknown","Other ethnicity","South West (England)","Bristol, City of","[c]","[c]","[c]","[c]"
"In post","2022","Unknown","Other ethnicity","South West (England)","Cornwall and Isles of Scilly","[c]","[c]","[c]","[c]"
"In post","2022","Unknown","Other ethnicity","South West (England)","Devon CC","[c]","[c]","[c]","[c]"
"In post","2022","Unknown","Other ethnicity","South West (England)","Dorset","[c]","[c]","[c]","[c]"
"In post","2022","Unknown","Other ethnicity","South West (England)","Gloucestershire CC","[c]","[c]","[c]","[c]"
"In post","2022","Unknown","Other ethnicity","South West (England)","Plymouth","[c]","[c]","[c]","[c]"
"In post","2022","Unknown","Other ethnicity","South West (England)","Somerset CC","[c]","[c]","[c]","[c]"
"In post","2022","Unknown","Other ethnicity","South West (England)","Swindon","[c]","[c]","[c]","[c]"
"In post","2022","Unknown","Other ethnicity","South West (England)","Torbay","[c]","[c]","[c]","[c]"
"In post","2022","Unknown","Other ethnicity","South West (England)","Wiltshire","[c]","[c]","[c]","[c]"
"In post","2022","Unknown","Other ethnicity","Unknown","Unknown","[c]","[c]","[c]","[c]"
"In post","2022","Unknown","Other ethnicity","Wales","Bridgend and Neath Port Talbot","[c]","[c]","[c]","[c]"
"In post","2022","Unknown","Other ethnicity","Wales","Cardiff and Vale of Glamorgan","[c]","[c]","[c]","[c]"
"In post","2022","Unknown","Other ethnicity","Wales","Central Valleys","[c]","[c]","[c]","[c]"
"In post","2022","Unknown","Other ethnicity","Wales","Conwy and Denbighshire","[c]","[c]","[c]","[c]"
"In post","2022","Unknown","Other ethnicity","Wales","Flintshire and Wrexham","[c]","[c]","[c]","[c]"
"In post","2022","Unknown","Other ethnicity","Wales","Gwent Valleys","[c]","[c]","[c]","[c]"
"In post","2022","Unknown","Other ethnicity","Wales","Gwynedd","[c]","[c]","[c]","[c]"
"In post","2022","Unknown","Other ethnicity","Wales","Isle of Anglesey","[c]","[c]","[c]","[c]"
"In post","2022","Unknown","Other ethnicity","Wales","Monmouthshire and Newport","[c]","[c]","[c]","[c]"
"In post","2022","Unknown","Other ethnicity","Wales","Powys","[c]","[c]","[c]","[c]"
"In post","2022","Unknown","Other ethnicity","Wales","South West Wales","[c]","[c]","[c]","[c]"
"In post","2022","Unknown","Other ethnicity","Wales","Swansea","[c]","[c]","[c]","[c]"
"In post","2022","Unknown","Other ethnicity","West Midlands (England)","Birmingham","5","5","[c]","[c]"
"In post","2022","Unknown","Other ethnicity","West Midlands (England)","Coventry","[c]","[c]","[c]","[c]"
"In post","2022","Unknown","Other ethnicity","West Midlands (England)","Dudley","[c]","[c]","[c]","[c]"
"In post","2022","Unknown","Other ethnicity","West Midlands (England)","Herefordshire, County of","[c]","[c]","[c]","[c]"
"In post","2022","Unknown","Other ethnicity","West Midlands (England)","Sandwell","[c]","[c]","[c]","[c]"
"In post","2022","Unknown","Other ethnicity","West Midlands (England)","Shropshire","[c]","[c]","[c]","[c]"
"In post","2022","Unknown","Other ethnicity","West Midlands (England)","Solihull","[c]","[c]","[c]","[c]"
"In post","2022","Unknown","Other ethnicity","West Midlands (England)","Staffordshire CC","[c]","[c]","[c]","[c]"
"In post","2022","Unknown","Other ethnicity","West Midlands (England)","Stoke-on-Trent","[c]","[c]","[c]","[c]"
"In post","2022","Unknown","Other ethnicity","West Midlands (England)","Telford and Wrekin","[c]","[c]","[c]","[c]"
"In post","2022","Unknown","Other ethnicity","West Midlands (England)","Walsall","[c]","[c]","[c]","[c]"
"In post","2022","Unknown","Other ethnicity","West Midlands (England)","Warwickshire CC","[c]","[c]","[c]","[c]"
"In post","2022","Unknown","Other ethnicity","West Midlands (England)","Wolverhampton","[c]","[c]","[c]","[c]"
"In post","2022","Unknown","Other ethnicity","West Midlands (England)","Worcestershire CC","[c]","[c]","[c]","[c]"
"In post","2022","Unknown","Other ethnicity","Yorkshire and The Humber","Barnsley, Doncaster and Rotherham","[c]","[c]","[c]","[c]"
"In post","2022","Unknown","Other ethnicity","Yorkshire and The Humber","Bradford","[c]","[c]","[c]","[c]"
"In post","2022","Unknown","Other ethnicity","Yorkshire and The Humber","Calderdale and Kirklees","[c]","[c]","[c]","[c]"
"In post","2022","Unknown","Other ethnicity","Yorkshire and The Humber","East Riding of Yorkshire","[c]","[c]","[c]","[c]"
"In post","2022","Unknown","Other ethnicity","Yorkshire and The Humber","Kingston upon Hull, City of","[c]","[c]","[c]","[c]"
"In post","2022","Unknown","Other ethnicity","Yorkshire and The Humber","Leeds","[c]","[c]","[c]","[c]"
"In post","2022","Unknown","Other ethnicity","Yorkshire and The Humber","North and North East Lincolnshire","[c]","[c]","[c]","[c]"
"In post","2022","Unknown","Other ethnicity","Yorkshire and The Humber","North Yorkshire CC","[c]","[c]","[c]","[c]"
"In post","2022","Unknown","Other ethnicity","Yorkshire and The Humber","Sheffield","5","5","[c]","[c]"
"In post","2022","Unknown","Other ethnicity","Yorkshire and The Humber","Wakefield","[c]","[c]","[c]","[c]"
"In post","2022","Unknown","Other ethnicity","Yorkshire and The Humber","York","[c]","[c]","[c]","[c]"
"In post","2022","Unknown","Undeclared","East Midlands (England)","Derby","[c]","[c]","[c]","[c]"
"In post","2022","Unknown","Undeclared","East Midlands (England)","Leicester","[c]","[c]","[c]","[c]"
"In post","2022","Unknown","Undeclared","East Midlands (England)","Leicestershire CC and Rutland","[c]","[c]","[c]","[c]"
"In post","2022","Unknown","Undeclared","East Midlands (England)","Lincolnshire CC","5","5","[c]","[c]"
"In post","2022","Unknown","Undeclared","East Midlands (England)","North Nottinghamshire","[c]","[c]","[c]","[c]"
"In post","2022","Unknown","Undeclared","East Midlands (England)","Nottingham","50","50","39350","34500"
"In post","2022","Unknown","Undeclared","East Midlands (England)","South and West Derbyshire","[c]","[c]","[c]","[c]"
"In post","2022","Unknown","Undeclared","East Midlands (England)","South Nottinghamshire","[c]","[c]","[c]","[c]"
"In post","2022","Unknown","Undeclared","East of England","Bedford","[c]","[c]","[c]","[c]"
"In post","2022","Unknown","Undeclared","East of England","Cambridgeshire CC","35","30","41720","34530"
"In post","2022","Unknown","Undeclared","East of England","Central Bedfordshire","[c]","[c]","[c]","[c]"
"In post","2022","Unknown","Undeclared","East of England","Essex Haven Gateway","[c]","[c]","[c]","[c]"
"In post","2022","Unknown","Undeclared","East of England","Essex Thames Gateway","[c]","[c]","[c]","[c]"
"In post","2022","Unknown","Undeclared","East of England","Heart of Essex","[c]","[c]","[c]","[c]"
"In post","2022","Unknown","Undeclared","East of England","Hertfordshire CC","10","10","[c]","[c]"
"In post","2022","Unknown","Undeclared","East of England","Norwich and East Norfolk","10","10","[c]","[c]"
"In post","2022","Unknown","Undeclared","East of England","Peterborough","[c]","[c]","[c]","[c]"
"In post","2022","Unknown","Undeclared","East of England","Southend-on-Sea","[c]","[c]","[c]","[c]"
"In post","2022","Unknown","Undeclared","East of England","Suffolk CC","15","10","[c]","[c]"
"In post","2022","Unknown","Undeclared","East of England","West Essex","[c]","[c]","[c]","[c]"
"In post","2022","Unknown","Undeclared","London","Barnet","65","55","49930","43900"
"In post","2022","Unknown","Undeclared","London","Bexley and Greenwich","[c]","[c]","[c]","[c]"
"In post","2022","Unknown","Undeclared","London","Brent","[c]","[c]","[c]","[c]"
"In post","2022","Unknown","Undeclared","London","Bromley","[c]","[c]","[c]","[c]"
"In post","2022","Unknown","Undeclared","London","Camden and City of London","10","10","[c]","[c]"
"In post","2022","Unknown","Undeclared","London","Croydon","30","25","[c]","[c]"
"In post","2022","Unknown","Undeclared","London","Ealing","[c]","[c]","[c]","[c]"
"In post","2022","Unknown","Undeclared","London","Hackney and Newham","45","40","41670","37930"
"In post","2022","Unknown","Undeclared","London","Haringey and Islington","[c]","[c]","[c]","[c]"
"In post","2022","Unknown","Undeclared","London","Harrow and Hillingdon","[c]","[c]","[c]","[c]"
"In post","2022","Unknown","Undeclared","London","Hounslow and Richmond upon Thames","[c]","[c]","[c]","[c]"
"In post","2022","Unknown","Undeclared","London","Kensington & Chelsea and Hammersmith & Fulham","[c]","[c]","[c]","[c]"
"In post","2022","Unknown","Undeclared","London","Lambeth","80","75","44100","40170"
"In post","2022","Unknown","Undeclared","London","Lewisham and Southwark","5","5","[c]","[c]"
"In post","2022","Unknown","Undeclared","London","Merton, Kingston upon Thames and Sutton","[c]","[c]","[c]","[c]"
"In post","2022","Unknown","Undeclared","London","Tower Hamlets","25","25","[c]","[c]"
"In post","2022","Unknown","Undeclared","London","Wandsworth","[c]","[c]","[c]","[c]"
"In post","2022","Unknown","Undeclared","London","Westminster","130","130","48360","44850"
"In post","2022","Unknown","Undeclared","North East (England)","Darlington","[c]","[c]","[c]","[c]"
"In post","2022","Unknown","Undeclared","North East (England)","Durham","[c]","[c]","[c]","[c]"
"In post","2022","Unknown","Undeclared","North East (England)","Hartlepool and Stockton-on-Tees","[c]","[c]","[c]","[c]"
"In post","2022","Unknown","Undeclared","North East (England)","Northumberland","[c]","[c]","[c]","[c]"
"In post","2022","Unknown","Undeclared","North East (England)","South Teesside","[c]","[c]","[c]","[c]"
"In post","2022","Unknown","Undeclared","North East (England)","Sunderland","15","15","[c]","[c]"
"In post","2022","Unknown","Undeclared","North East (England)","Tyneside","55","50","34060","28590"
"In post","2022","Unknown","Undeclared","North West (England)","Blackpool","[c]","[c]","[c]","[c]"
"In post","2022","Unknown","Undeclared","North West (England)","Cheshire East","[c]","[c]","[c]","[c]"
"In post","2022","Unknown","Undeclared","North West (England)","Chorley and West Lancashire","[c]","[c]","[c]","[c]"
"In post","2022","Unknown","Undeclared","North West (England)","East Cumbria","[c]","[c]","[c]","[c]"
"In post","2022","Unknown","Undeclared","North West (England)","Greater Manchester North East","[c]","[c]","[c]","[c]"
"In post","2022","Unknown","Undeclared","North West (England)","Greater Manchester North West","[c]","[c]","[c]","[c]"
"In post","2022","Unknown","Undeclared","North West (England)","Greater Manchester South West","30","30","33940","33370"
"In post","2022","Unknown","Undeclared","North West (England)","Lancaster and Wyre","[c]","[c]","[c]","[c]"
"In post","2022","Unknown","Undeclared","North West (England)","Liverpool","35","35","36320","31620"
"In post","2022","Unknown","Undeclared","North West (England)","Manchester","35","35","35190","33370"
"In post","2022","Unknown","Undeclared","North West (England)","Mid Lancashire","15","10","[c]","[c]"
"In post","2022","Unknown","Undeclared","North West (England)","Sefton","5","5","[c]","[c]"
"In post","2022","Unknown","Undeclared","North West (England)","Warrington","30","30","33470","32770"
"In post","2022","Unknown","Undeclared","North West (England)","West Cumbria","[c]","[c]","[c]","[c]"
"In post","2022","Unknown","Undeclared","North West (England)","Wirral","[c]","[c]","[c]","[c]"
"In post","2022","Unknown","Undeclared","Northern Ireland","Belfast","10","10","[c]","[c]"
"In post","2022","Unknown","Undeclared","Northern Ireland","Lisburn and Castlereagh","[c]","[c]","[c]","[c]"
"In post","2022","Unknown","Undeclared","Overseas","Overseas","80","80","53620","53470"
"In post","2022","Unknown","Undeclared","Scotland","Aberdeen City and Aberdeenshire","15","15","[c]","[c]"
"In post","2022","Unknown","Undeclared","Scotland","Angus and Dundee City","[c]","[c]","[c]","[c]"
"In post","2022","Unknown","Undeclared","Scotland","Caithness and Sutherland, and Ross and Cromarty","[c]","[c]","[c]","[c]"
"In post","2022","Unknown","Undeclared","Scotland","City of Edinburgh","110","100","40370","35000"
"In post","2022","Unknown","Undeclared","Scotland","Clackmannanshire and Fife","20","20","[c]","[c]"
"In post","2022","Unknown","Undeclared","Scotland","Dumfries and Galloway","15","10","[c]","[c]"
"In post","2022","Unknown","Undeclared","Scotland","East Dunbartonshire, West Dunbartonshire, and Helensburgh and Lomond","35","35","35320","35000"
"In post","2022","Unknown","Undeclared","Scotland","Falkirk","25","20","[c]","[c]"
"In post","2022","Unknown","Undeclared","Scotland","Glasgow City","95","85","35690","35000"
"In post","2022","Unknown","Undeclared","Scotland","Inverclyde, East Renfrewshire, and Renfrewshire","10","10","[c]","[c]"
"In post","2022","Unknown","Undeclared","Scotland","Inverness and Nairn, Moray, and Badenoch and Strathspey","10","5","[c]","[c]"
"In post","2022","Unknown","Undeclared","Scotland","Lochaber, Skye and Lochalsh, Arran and Cumbrae, and Argyll and Bute","[c]","[c]","[c]","[c]"
"In post","2022","Unknown","Undeclared","Scotland","North Lanarkshire","30","30","34460","35000"
"In post","2022","Unknown","Undeclared","Scotland","Perth and Kinross, and Stirling","50","45","33950","35000"
"In post","2022","Unknown","Undeclared","Scotland","Shetland Islands","[c]","[c]","[c]","[c]"
"In post","2022","Unknown","Undeclared","Scotland","South Ayrshire","[c]","[c]","[c]","[c]"
"In post","2022","Unknown","Undeclared","Scotland","South Lanarkshire","5","5","[c]","[c]"
"In post","2022","Unknown","Undeclared","Scotland","West Lothian","[c]","[c]","[c]","[c]"
"In post","2022","Unknown","Undeclared","South East (England)","Berkshire","10","10","[c]","[c]"
"In post","2022","Unknown","Undeclared","South East (England)","Brighton and Hove","[c]","[c]","[c]","[c]"
"In post","2022","Unknown","Undeclared","South East (England)","Buckinghamshire","5","5","[c]","[c]"
"In post","2022","Unknown","Undeclared","South East (England)","Central Hampshire","10","10","[c]","[c]"
"In post","2022","Unknown","Undeclared","South East (England)","East Kent","10","10","[c]","[c]"
"In post","2022","Unknown","Undeclared","South East (England)","East Sussex CC","[c]","[c]","[c]","[c]"
"In post","2022","Unknown","Undeclared","South East (England)","Kent Thames Gateway","[c]","[c]","[c]","[c]"
"In post","2022","Unknown","Undeclared","South East (England)","Medway","[c]","[c]","[c]","[c]"
"In post","2022","Unknown","Undeclared","South East (England)","Mid Kent","[c]","[c]","[c]","[c]"
"In post","2022","Unknown","Undeclared","South East (England)","Milton Keynes","[c]","[c]","[c]","[c]"
"In post","2022","Unknown","Undeclared","South East (England)","North Hampshire","[c]","[c]","[c]","[c]"
"In post","2022","Unknown","Undeclared","South East (England)","Oxfordshire CC","30","30","41060","39380"
"In post","2022","Unknown","Undeclared","South East (England)","Portsmouth","15","15","[c]","[c]"
"In post","2022","Unknown","Undeclared","South East (England)","South Hampshire","25","20","[c]","[c]"
"In post","2022","Unknown","Undeclared","South East (England)","Southampton","[c]","[c]","[c]","[c]"
"In post","2022","Unknown","Undeclared","South East (England)","West Surrey","5","5","[c]","[c]"
"In post","2022","Unknown","Undeclared","South East (England)","West Sussex (North East)","5","5","[c]","[c]"
"In post","2022","Unknown","Undeclared","South East (England)","West Sussex (South West)","[c]","[c]","[c]","[c]"
"In post","2022","Unknown","Undeclared","South West (England)","Bath and North East Somerset, North Somerset and South Gloucestershire","55","55","42770","40580"
"In post","2022","Unknown","Undeclared","South West (England)","Bristol, City of","35","35","39570","33370"
"In post","2022","Unknown","Undeclared","South West (England)","Cornwall and Isles of Scilly","[c]","[c]","[c]","[c]"
"In post","2022","Unknown","Undeclared","South West (England)","Devon CC","[c]","[c]","[c]","[c]"
"In post","2022","Unknown","Undeclared","South West (England)","Dorset","[c]","[c]","[c]","[c]"
"In post","2022","Unknown","Undeclared","South West (England)","Gloucestershire CC","[c]","[c]","[c]","[c]"
"In post","2022","Unknown","Undeclared","South West (England)","Plymouth","5","5","[c]","[c]"
"In post","2022","Unknown","Undeclared","South West (England)","Somerset CC","[c]","[c]","[c]","[c]"
"In post","2022","Unknown","Undeclared","South West (England)","Swindon","[c]","[c]","[c]","[c]"
"In post","2022","Unknown","Undeclared","South West (England)","Wiltshire","55","50","43400","39120"
"In post","2022","Unknown","Undeclared","Unknown","Unknown","[c]","[c]","[c]","[c]"
"In post","2022","Unknown","Undeclared","Wales","Bridgend and Neath Port Talbot","[c]","[c]","[c]","[c]"
"In post","2022","Unknown","Undeclared","Wales","Cardiff and Vale of Glamorgan","60","55","40670","38160"
"In post","2022","Unknown","Undeclared","Wales","Central Valleys","5","5","[c]","[c]"
"In post","2022","Unknown","Undeclared","Wales","Conwy and Denbighshire","[c]","[c]","[c]","[c]"
"In post","2022","Unknown","Undeclared","Wales","Flintshire and Wrexham","[c]","[c]","[c]","[c]"
"In post","2022","Unknown","Undeclared","Wales","Isle of Anglesey","[c]","[c]","[c]","[c]"
"In post","2022","Unknown","Undeclared","Wales","Monmouthshire and Newport","55","50","40700","39650"
"In post","2022","Unknown","Undeclared","Wales","Powys","[c]","[c]","[c]","[c]"
"In post","2022","Unknown","Undeclared","Wales","South West Wales","10","10","[c]","[c]"
"In post","2022","Unknown","Undeclared","Wales","Swansea","30","30","25800","21840"
"In post","2022","Unknown","Undeclared","West Midlands (England)","Birmingham","60","60","34430","28840"
"In post","2022","Unknown","Undeclared","West Midlands (England)","Coventry","15","15","[c]","[c]"
"In post","2022","Unknown","Undeclared","West Midlands (England)","Herefordshire, County of","[c]","[c]","[c]","[c]"
"In post","2022","Unknown","Undeclared","West Midlands (England)","Shropshire","[c]","[c]","[c]","[c]"
"In post","2022","Unknown","Undeclared","West Midlands (England)","Solihull","[c]","[c]","[c]","[c]"
"In post","2022","Unknown","Undeclared","West Midlands (England)","Staffordshire CC","[c]","[c]","[c]","[c]"
"In post","2022","Unknown","Undeclared","West Midlands (England)","Stoke-on-Trent","[c]","[c]","[c]","[c]"
"In post","2022","Unknown","Undeclared","West Midlands (England)","Telford and Wrekin","[c]","[c]","[c]","[c]"
"In post","2022","Unknown","Undeclared","West Midlands (England)","Walsall","[c]","[c]","[c]","[c]"
"In post","2022","Unknown","Undeclared","West Midlands (England)","Warwickshire CC","[c]","[c]","[c]","[c]"
"In post","2022","Unknown","Undeclared","West Midlands (England)","Wolverhampton","[c]","[c]","[c]","[c]"
"In post","2022","Unknown","Undeclared","West Midlands (England)","Worcestershire CC","[c]","[c]","[c]","[c]"
"In post","2022","Unknown","Undeclared","Yorkshire and The Humber","Barnsley, Doncaster and Rotherham","[c]","[c]","[c]","[c]"
"In post","2022","Unknown","Undeclared","Yorkshire and The Humber","Bradford","5","5","[c]","[c]"
"In post","2022","Unknown","Undeclared","Yorkshire and The Humber","Calderdale and Kirklees","[c]","[c]","[c]","[c]"
"In post","2022","Unknown","Undeclared","Yorkshire and The Humber","East Riding of Yorkshire","5","5","[c]","[c]"
"In post","2022","Unknown","Undeclared","Yorkshire and The Humber","Kingston upon Hull, City of","[c]","[c]","[c]","[c]"
"In post","2022","Unknown","Undeclared","Yorkshire and The Humber","Leeds","50","45","34710","30950"
"In post","2022","Unknown","Undeclared","Yorkshire and The Humber","North Yorkshire CC","[c]","[c]","[c]","[c]"
"In post","2022","Unknown","Undeclared","Yorkshire and The Humber","Sheffield","5","5","[c]","[c]"
"In post","2022","Unknown","Undeclared","Yorkshire and The Humber","Wakefield","5","5","[c]","[c]"
"In post","2022","Unknown","Undeclared","Yorkshire and The Humber","York","10","5","[c]","[c]"
"In post","2022","Unknown","Unknown","East Midlands (England)","Derby","100","90","27090","26310"
"In post","2022","Unknown","Unknown","East Midlands (England)","East Derbyshire","15","15","[c]","[c]"
"In post","2022","Unknown","Unknown","East Midlands (England)","Leicester","245","225","25240","22600"
"In post","2022","Unknown","Unknown","East Midlands (England)","Leicestershire CC and Rutland","165","160","25030","23140"
"In post","2022","Unknown","Unknown","East Midlands (England)","Lincolnshire CC","125","120","28200","26240"
"In post","2022","Unknown","Unknown","East Midlands (England)","North Northamptonshire","55","55","25040","24800"
"In post","2022","Unknown","Unknown","East Midlands (England)","North Nottinghamshire","115","110","26040","24960"
"In post","2022","Unknown","Unknown","East Midlands (England)","Nottingham","1250","1205","29630","26820"
"In post","2022","Unknown","Unknown","East Midlands (England)","South and West Derbyshire","50","40","28660","26360"
"In post","2022","Unknown","Unknown","East Midlands (England)","South Nottinghamshire","75","70","32540","26470"
"In post","2022","Unknown","Unknown","East Midlands (England)","West Northamptonshire","95","90","26380","24800"
"In post","2022","Unknown","Unknown","East of England","Bedford","100","95","27920","27470"
"In post","2022","Unknown","Unknown","East of England","Breckland and South Norfolk","35","35","27270","24340"
"In post","2022","Unknown","Unknown","East of England","Cambridgeshire CC","235","230","31940","27410"
"In post","2022","Unknown","Unknown","East of England","Central Bedfordshire","20","20","[c]","[c]"
"In post","2022","Unknown","Unknown","East of England","Essex Haven Gateway","65","60","29510","25000"
"In post","2022","Unknown","Unknown","East of England","Essex Thames Gateway","45","45","24780","24250"
"In post","2022","Unknown","Unknown","East of England","Heart of Essex","145","140","26470","26140"
"In post","2022","Unknown","Unknown","East of England","Hertfordshire CC","185","185","31060","29290"
"In post","2022","Unknown","Unknown","East of England","Luton","50","45","27590","26850"
"In post","2022","Unknown","Unknown","East of England","North and West Norfolk","50","45","25560","24610"
"In post","2022","Unknown","Unknown","East of England","Norwich and East Norfolk","150","145","32240","26120"
"In post","2022","Unknown","Unknown","East of England","Peterborough","90","85","31970","26700"
"In post","2022","Unknown","Unknown","East of England","Southend-on-Sea","155","140","33140","29360"
"In post","2022","Unknown","Unknown","East of England","Suffolk CC","375","350","27770","25190"
"In post","2022","Unknown","Unknown","East of England","Thurrock","40","40","22850","21680"
"In post","2022","Unknown","Unknown","East of England","West Essex","35","30","29290","25600"
"In post","2022","Unknown","Unknown","London","Barking & Dagenham and Havering","35","35","31350","31060"
"In post","2022","Unknown","Unknown","London","Barnet","70","70","33220","31060"
"In post","2022","Unknown","Unknown","London","Bexley and Greenwich","215","215","29570","30460"
"In post","2022","Unknown","Unknown","London","Brent","70","70","31700","30620"
"In post","2022","Unknown","Unknown","London","Bromley","35","30","32100","31060"
"In post","2022","Unknown","Unknown","London","Camden and City of London","195","195","31410","23720"
"In post","2022","Unknown","Unknown","London","Croydon","1365","1340","39050","35050"
"In post","2022","Unknown","Unknown","London","Ealing","35","35","32020","31060"
"In post","2022","Unknown","Unknown","London","Enfield","15","15","[c]","[c]"
"In post","2022","Unknown","Unknown","London","Hackney and Newham","1010","970","39960","37610"
"In post","2022","Unknown","Unknown","London","Haringey and Islington","230","220","30740","31060"
"In post","2022","Unknown","Unknown","London","Harrow and Hillingdon","215","205","30250","28650"
"In post","2022","Unknown","Unknown","London","Hounslow and Richmond upon Thames","345","340","30780","31020"
"In post","2022","Unknown","Unknown","London","Kensington & Chelsea and Hammersmith & Fulham","95","95","32280","30520"
"In post","2022","Unknown","Unknown","London","Lambeth","250","240","41430","37230"
"In post","2022","Unknown","Unknown","London","Lewisham and Southwark","140","130","37880","33390"
"In post","2022","Unknown","Unknown","London","Merton, Kingston upon Thames and Sutton","70","65","30290","30350"
"In post","2022","Unknown","Unknown","London","Redbridge and Waltham Forest","80","75","30510","31060"
"In post","2022","Unknown","Unknown","London","Tower Hamlets","555","545","46940","41750"
"In post","2022","Unknown","Unknown","London","Wandsworth","160","155","30400","30520"
"In post","2022","Unknown","Unknown","London","Westminster","9580","9430","46560","41190"
"In post","2022","Unknown","Unknown","North East (England)","Darlington","110","105","36630","30320"
"In post","2022","Unknown","Unknown","North East (England)","Durham","555","535","25010","22600"
"In post","2022","Unknown","Unknown","North East (England)","Hartlepool and Stockton-on-Tees","90","85","27530","27570"
"In post","2022","Unknown","Unknown","North East (England)","Northumberland","25","25","[c]","[c]"
"In post","2022","Unknown","Unknown","North East (England)","South Teesside","50","45","24540","23170"
"In post","2022","Unknown","Unknown","North East (England)","Sunderland","480","425","24330","21250"
"In post","2022","Unknown","Unknown","North East (England)","Tyneside","2455","2290","29070","26590"
"In post","2022","Unknown","Unknown","North West (England)","Blackburn with Darwen","25","25","[c]","[c]"
"In post","2022","Unknown","Unknown","North West (England)","Blackpool","225","220","33690","27570"
"In post","2022","Unknown","Unknown","North West (England)","Cheshire East","90","90","27720","24340"
"In post","2022","Unknown","Unknown","North West (England)","Cheshire West and Chester","40","35","28940","25120"
"In post","2022","Unknown","Unknown","North West (England)","Chorley and West Lancashire","145","140","26030","24720"
"In post","2022","Unknown","Unknown","North West (England)","East Cumbria","45","45","27600","26350"
"In post","2022","Unknown","Unknown","North West (England)","East Lancashire","40","35","26730","26310"
"In post","2022","Unknown","Unknown","North West (England)","East Merseyside","85","85","29530","27570"
"In post","2022","Unknown","Unknown","North West (England)","Greater Manchester North East","90","85","26450","26130"
"In post","2022","Unknown","Unknown","North West (England)","Greater Manchester North West","115","105","26340","25700"
"In post","2022","Unknown","Unknown","North West (England)","Greater Manchester South East","55","50","27250","26700"
"In post","2022","Unknown","Unknown","North West (England)","Greater Manchester South West","1520","1470","31200","26820"
"In post","2022","Unknown","Unknown","North West (England)","Lancaster and Wyre","80","75","25820","23170"
"In post","2022","Unknown","Unknown","North West (England)","Liverpool","1595","1510","27720","24880"
"In post","2022","Unknown","Unknown","North West (England)","Manchester","1145","1110","32140","27570"
"In post","2022","Unknown","Unknown","North West (England)","Mid Lancashire","540","490","26050","22600"
"In post","2022","Unknown","Unknown","North West (England)","Sefton","585","555","27220","24880"
"In post","2022","Unknown","Unknown","North West (England)","Warrington","225","215","31310","27850"
"In post","2022","Unknown","Unknown","North West (England)","West Cumbria","55","50","31850","27350"
"In post","2022","Unknown","Unknown","North West (England)","Wirral","150","145","27040","22600"
"In post","2022","Unknown","Unknown","Northern Ireland","Antrim and Newtownabbey","15","15","[c]","[c]"
"In post","2022","Unknown","Unknown","Northern Ireland","Ards and North Down","15","15","[c]","[c]"
"In post","2022","Unknown","Unknown","Northern Ireland","Armagh City, Banbridge and Craigavon","[c]","[c]","[c]","[c]"
"In post","2022","Unknown","Unknown","Northern Ireland","Belfast","675","645","27590","24880"
"In post","2022","Unknown","Unknown","Northern Ireland","Causeway Coast and Glens","5","5","[c]","[c]"
"In post","2022","Unknown","Unknown","Northern Ireland","Derry City and Strabane","[c]","[c]","[c]","[c]"
"In post","2022","Unknown","Unknown","Northern Ireland","Fermanagh and Omagh","[c]","[c]","[c]","[c]"
"In post","2022","Unknown","Unknown","Northern Ireland","Lisburn and Castlereagh","35","35","28820","24880"
"In post","2022","Unknown","Unknown","Northern Ireland","Mid and East Antrim","[c]","[c]","[c]","[c]"
"In post","2022","Unknown","Unknown","Northern Ireland","Newry, Mourne and Down","10","10","[c]","[c]"
"In post","2022","Unknown","Unknown","Overseas","Overseas","455","455","49250","46600"
"In post","2022","Unknown","Unknown","Scotland","Aberdeen City and Aberdeenshire","385","360","31560","29550"
"In post","2022","Unknown","Unknown","Scotland","Angus and Dundee City","320","300","26510","23780"
"In post","2022","Unknown","Unknown","Scotland","Caithness and Sutherland, and Ross and Cromarty","15","15","[c]","[c]"
"In post","2022","Unknown","Unknown","Scotland","City of Edinburgh","2915","2790","34810","31540"
"In post","2022","Unknown","Unknown","Scotland","Clackmannanshire and Fife","310","290","29530","26900"
"In post","2022","Unknown","Unknown","Scotland","Dumfries and Galloway","100","90","29540","28990"
"In post","2022","Unknown","Unknown","Scotland","East Ayrshire and North Ayrshire mainland","90","85","26360","23780"
"In post","2022","Unknown","Unknown","Scotland","East Dunbartonshire, West Dunbartonshire, and Helensburgh and Lomond","425","415","29510","26900"
"In post","2022","Unknown","Unknown","Scotland","East Lothian and Midlothian","10","10","[c]","[c]"
"In post","2022","Unknown","Unknown","Scotland","Falkirk","405","370","30400","30450"
"In post","2022","Unknown","Unknown","Scotland","Glasgow City","2195","2100","32210","27230"
"In post","2022","Unknown","Unknown","Scotland","Inverclyde, East Renfrewshire, and Renfrewshire","190","170","29830","27230"
"In post","2022","Unknown","Unknown","Scotland","Inverness and Nairn, Moray, and Badenoch and Strathspey","135","130","29960","27230"
"In post","2022","Unknown","Unknown","Scotland","Lochaber, Skye and Lochalsh, Arran and Cumbrae, and Argyll and Bute","25","20","[c]","[c]"
"In post","2022","Unknown","Unknown","Scotland","Na h-Eileanan Siar","10","10","[c]","[c]"
"In post","2022","Unknown","Unknown","Scotland","North Lanarkshire","505","465","27400","26540"
"In post","2022","Unknown","Unknown","Scotland","Orkney Islands","[c]","[c]","[c]","[c]"
"In post","2022","Unknown","Unknown","Scotland","Perth and Kinross, and Stirling","510","485","30510","29550"
"In post","2022","Unknown","Unknown","Scotland","Scottish Borders","120","115","28090","25930"
"In post","2022","Unknown","Unknown","Scotland","Shetland Islands","5","5","[c]","[c]"
"In post","2022","Unknown","Unknown","Scotland","South Ayrshire","40","40","29830","27150"
"In post","2022","Unknown","Unknown","Scotland","South Lanarkshire","950","880","28350","23780"
"In post","2022","Unknown","Unknown","Scotland","West Lothian","45","40","35040","28990"
"In post","2022","Unknown","Unknown","South East (England)","Berkshire","350","340","33330","29290"
"In post","2022","Unknown","Unknown","South East (England)","Brighton and Hove","55","50","29800","27570"
"In post","2022","Unknown","Unknown","South East (England)","Buckinghamshire","110","100","32170","28350"
"In post","2022","Unknown","Unknown","South East (England)","Central Hampshire","185","180","39200","31570"
"In post","2022","Unknown","Unknown","South East (England)","East Kent","425","400","26240","24880"
"In post","2022","Unknown","Unknown","South East (England)","East Surrey","110","105","31860","31020"
"In post","2022","Unknown","Unknown","South East (England)","East Sussex CC","105","100","27870","26140"
"In post","2022","Unknown","Unknown","South East (England)","Isle of Wight","30","30","27580","26110"
"In post","2022","Unknown","Unknown","South East (England)","Kent Thames Gateway","175","170","28440","28140"
"In post","2022","Unknown","Unknown","South East (England)","Medway","135","130","29540","28140"
"In post","2022","Unknown","Unknown","South East (England)","Mid Kent","70","70","28290","27900"
"In post","2022","Unknown","Unknown","South East (England)","Milton Keynes","190","185","29130","26820"
"In post","2022","Unknown","Unknown","South East (England)","North Hampshire","75","70","40590","30450"
"In post","2022","Unknown","Unknown","South East (England)","Oxfordshire CC","220","210","31100","28140"
"In post","2022","Unknown","Unknown","South East (England)","Portsmouth","345","325","29570","24880"
"In post","2022","Unknown","Unknown","South East (England)","South Hampshire","420","350","28050","23880"
"In post","2022","Unknown","Unknown","South East (England)","Southampton","90","90","31400","26350"
"In post","2022","Unknown","Unknown","South East (England)","West Kent","20","20","[c]","[c]"
"In post","2022","Unknown","Unknown","South East (England)","West Surrey","170","155","33660","28800"
"In post","2022","Unknown","Unknown","South East (England)","West Sussex (North East)","135","120","28540","25770"
"In post","2022","Unknown","Unknown","South East (England)","West Sussex (South West)","155","140","31820","27570"
"In post","2022","Unknown","Unknown","South West (England)","Bath and North East Somerset, North Somerset and South Gloucestershire","680","660","34460","29700"
"In post","2022","Unknown","Unknown","South West (England)","Bournemouth, Christchurch and Poole","50","45","27130","24800"
"In post","2022","Unknown","Unknown","South West (England)","Bristol, City of","730","695","33170","28920"
"In post","2022","Unknown","Unknown","South West (England)","Cornwall and Isles of Scilly","100","90","27450","24450"
"In post","2022","Unknown","Unknown","South West (England)","Devon CC","265","250","26190","23140"
"In post","2022","Unknown","Unknown","South West (England)","Dorset","140","135","26830","23140"
"In post","2022","Unknown","Unknown","South West (England)","Gloucestershire CC","125","115","29080","27130"
"In post","2022","Unknown","Unknown","South West (England)","Plymouth","365","350","27170","24020"
"In post","2022","Unknown","Unknown","South West (England)","Somerset CC","270","255","32670","29500"
"In post","2022","Unknown","Unknown","South West (England)","Swindon","55","50","33190","29150"
"In post","2022","Unknown","Unknown","South West (England)","Torbay","15","15","[c]","[c]"
"In post","2022","Unknown","Unknown","South West (England)","Wiltshire","270","260","41030","33000"
"In post","2022","Unknown","Unknown","Unknown","Unknown","2195","2180","37120","32700"
"In post","2022","Unknown","Unknown","Wales","Bridgend and Neath Port Talbot","50","45","26710","24880"
"In post","2022","Unknown","Unknown","Wales","Cardiff and Vale of Glamorgan","1395","1330","28470","26590"
"In post","2022","Unknown","Unknown","Wales","Central Valleys","160","160","34080","27570"
"In post","2022","Unknown","Unknown","Wales","Conwy and Denbighshire","30","30","29470","27570"
"In post","2022","Unknown","Unknown","Wales","Flintshire and Wrexham","150","140","25850","24260"
"In post","2022","Unknown","Unknown","Wales","Gwent Valleys","40","40","26590","26940"
"In post","2022","Unknown","Unknown","Wales","Gwynedd","25","25","[c]","[c]"
"In post","2022","Unknown","Unknown","Wales","Isle of Anglesey","20","20","[c]","[c]"
"In post","2022","Unknown","Unknown","Wales","Monmouthshire and Newport","875","840","32810","30210"
"In post","2022","Unknown","Unknown","Wales","Powys","30","25","[c]","[c]"
"In post","2022","Unknown","Unknown","Wales","South West Wales","70","65","28360","26220"
"In post","2022","Unknown","Unknown","Wales","Swansea","935","865","25790","21840"
"In post","2022","Unknown","Unknown","West Midlands (England)","Birmingham","1855","1775","29690","26590"
"In post","2022","Unknown","Unknown","West Midlands (England)","Coventry","175","165","35810","29780"
"In post","2022","Unknown","Unknown","West Midlands (England)","Dudley","45","40","24160","21260"
"In post","2022","Unknown","Unknown","West Midlands (England)","Herefordshire, County of","45","45","26700","21680"
"In post","2022","Unknown","Unknown","West Midlands (England)","Sandwell","45","40","26230","27570"
"In post","2022","Unknown","Unknown","West Midlands (England)","Shropshire","60","55","29840","25610"
"In post","2022","Unknown","Unknown","West Midlands (England)","Solihull","105","100","29780","24880"
"In post","2022","Unknown","Unknown","West Midlands (England)","Staffordshire CC","335","325","28120","24840"
"In post","2022","Unknown","Unknown","West Midlands (England)","Stoke-on-Trent","100","90","25870","20970"
"In post","2022","Unknown","Unknown","West Midlands (England)","Telford and Wrekin","205","190","36970","33080"
"In post","2022","Unknown","Unknown","West Midlands (England)","Walsall","20","20","[c]","[c]"
"In post","2022","Unknown","Unknown","West Midlands (England)","Warwickshire CC","60","55","28130","26350"
"In post","2022","Unknown","Unknown","West Midlands (England)","Wolverhampton","85","80","31050","27570"
"In post","2022","Unknown","Unknown","West Midlands (England)","Worcestershire CC","145","135","26930","23140"
"In post","2022","Unknown","Unknown","Yorkshire and The Humber","Barnsley, Doncaster and Rotherham","225","215","25970","24430"
"In post","2022","Unknown","Unknown","Yorkshire and The Humber","Bradford","415","375","24060","21250"
"In post","2022","Unknown","Unknown","Yorkshire and The Humber","Calderdale and Kirklees","65","60","27230","27570"
"In post","2022","Unknown","Unknown","Yorkshire and The Humber","East Riding of Yorkshire","145","140","27090","24430"
"In post","2022","Unknown","Unknown","Yorkshire and The Humber","Kingston upon Hull, City of","145","140","26020","24880"
"In post","2022","Unknown","Unknown","Yorkshire and The Humber","Leeds","2375","2305","32850","27570"
"In post","2022","Unknown","Unknown","Yorkshire and The Humber","North and North East Lincolnshire","70","70","25500","22430"
"In post","2022","Unknown","Unknown","Yorkshire and The Humber","North Yorkshire CC","145","140","29890","26710"
"In post","2022","Unknown","Unknown","Yorkshire and The Humber","Sheffield","600","580","33830","27570"
"In post","2022","Unknown","Unknown","Yorkshire and The Humber","Wakefield","150","145","26790","24730"
"In post","2022","Unknown","Unknown","Yorkshire and The Humber","York","285","265","34000","29180"
"In post","2022","Unknown","White","East Midlands (England)","Derby","15","15","[c]","[c]"
"In post","2022","Unknown","White","East Midlands (England)","East Derbyshire","[c]","[c]","[c]","[c]"
"In post","2022","Unknown","White","East Midlands (England)","Leicester","40","40","29350","27130"
"In post","2022","Unknown","White","East Midlands (England)","Leicestershire CC and Rutland","65","60","33810","34250"
"In post","2022","Unknown","White","East Midlands (England)","Lincolnshire CC","95","90","29050","22750"
"In post","2022","Unknown","White","East Midlands (England)","North Northamptonshire","5","5","[c]","[c]"
"In post","2022","Unknown","White","East Midlands (England)","North Nottinghamshire","15","15","[c]","[c]"
"In post","2022","Unknown","White","East Midlands (England)","Nottingham","410","385","34270","32540"
"In post","2022","Unknown","White","East Midlands (England)","South and West Derbyshire","5","5","[c]","[c]"
"In post","2022","Unknown","White","East Midlands (England)","South Nottinghamshire","40","40","37130","34140"
"In post","2022","Unknown","White","East Midlands (England)","West Northamptonshire","15","15","[c]","[c]"
"In post","2022","Unknown","White","East of England","Bedford","25","25","[c]","[c]"
"In post","2022","Unknown","White","East of England","Breckland and South Norfolk","[c]","[c]","[c]","[c]"
"In post","2022","Unknown","White","East of England","Cambridgeshire CC","170","160","37330","33300"
"In post","2022","Unknown","White","East of England","Central Bedfordshire","30","30","[c]","[c]"
"In post","2022","Unknown","White","East of England","Essex Haven Gateway","35","35","33590","31560"
"In post","2022","Unknown","White","East of England","Essex Thames Gateway","[c]","[c]","[c]","[c]"
"In post","2022","Unknown","White","East of England","Heart of Essex","55","50","35830","32770"
"In post","2022","Unknown","White","East of England","Hertfordshire CC","235","230","42510","40450"
"In post","2022","Unknown","White","East of England","Luton","5","5","[c]","[c]"
"In post","2022","Unknown","White","East of England","North and West Norfolk","30","30","26010","22690"
"In post","2022","Unknown","White","East of England","Norwich and East Norfolk","90","85","35610","31250"
"In post","2022","Unknown","White","East of England","Peterborough","45","40","24190","22600"
"In post","2022","Unknown","White","East of England","Southend-on-Sea","60","50","32650","33370"
"In post","2022","Unknown","White","East of England","Suffolk CC","255","235","32780","29750"
"In post","2022","Unknown","White","East of England","Thurrock","10","10","[c]","[c]"
"In post","2022","Unknown","White","East of England","West Essex","35","35","27450","24880"
"In post","2022","Unknown","White","London","Barking & Dagenham and Havering","[c]","[c]","[c]","[c]"
"In post","2022","Unknown","White","London","Barnet","185","170","52320","46000"
"In post","2022","Unknown","White","London","Bexley and Greenwich","25","25","[c]","[c]"
"In post","2022","Unknown","White","London","Brent","[c]","[c]","[c]","[c]"
"In post","2022","Unknown","White","London","Bromley","5","5","[c]","[c]"
"In post","2022","Unknown","White","London","Camden and City of London","110","105","62530","55850"
"In post","2022","Unknown","White","London","Croydon","245","235","41570","37610"
"In post","2022","Unknown","White","London","Ealing","[c]","[c]","[c]","[c]"
"In post","2022","Unknown","White","London","Enfield","[c]","[c]","[c]","[c]"
"In post","2022","Unknown","White","London","Hackney and Newham","170","155","43800","38330"
"In post","2022","Unknown","White","London","Haringey and Islington","10","10","[c]","[c]"
"In post","2022","Unknown","White","London","Harrow and Hillingdon","35","30","29410","28650"
"In post","2022","Unknown","White","London","Hounslow and Richmond upon Thames","125","115","34750","31750"
"In post","2022","Unknown","White","London","Kensington & Chelsea and Hammersmith & Fulham","[c]","[c]","[c]","[c]"
"In post","2022","Unknown","White","London","Lambeth","745","730","45850","40170"
"In post","2022","Unknown","White","London","Lewisham and Southwark","35","35","37660","33390"
"In post","2022","Unknown","White","London","Merton, Kingston upon Thames and Sutton","60","55","40570","39840"
"In post","2022","Unknown","White","London","Redbridge and Waltham Forest","5","5","[c]","[c]"
"In post","2022","Unknown","White","London","Tower Hamlets","275","265","54040","53100"
"In post","2022","Unknown","White","London","Wandsworth","10","10","[c]","[c]"
"In post","2022","Unknown","White","London","Westminster","2520","2460","48690","45250"
"In post","2022","Unknown","White","North East (England)","Darlington","125","120","34280","30320"
"In post","2022","Unknown","White","North East (England)","Durham","195","185","26630","22600"
"In post","2022","Unknown","White","North East (England)","Hartlepool and Stockton-on-Tees","5","5","[c]","[c]"
"In post","2022","Unknown","White","North East (England)","Northumberland","15","15","[c]","[c]"
"In post","2022","Unknown","White","North East (England)","South Teesside","20","20","[c]","[c]"
"In post","2022","Unknown","White","North East (England)","Sunderland","280","230","26980","22080"
"In post","2022","Unknown","White","North East (England)","Tyneside","875","775","31040","26820"
"In post","2022","Unknown","White","North West (England)","Blackburn with Darwen","[c]","[c]","[c]","[c]"
"In post","2022","Unknown","White","North West (England)","Blackpool","25","25","[c]","[c]"
"In post","2022","Unknown","White","North West (England)","Cheshire East","40","40","31020","26670"
"In post","2022","Unknown","White","North West (England)","Cheshire West and Chester","5","5","[c]","[c]"
"In post","2022","Unknown","White","North West (England)","Chorley and West Lancashire","50","50","34870","32770"
"In post","2022","Unknown","White","North West (England)","East Cumbria","25","25","[c]","[c]"
"In post","2022","Unknown","White","North West (England)","East Lancashire","5","5","[c]","[c]"
"In post","2022","Unknown","White","North West (England)","East Merseyside","20","20","[c]","[c]"
"In post","2022","Unknown","White","North West (England)","Greater Manchester North East","15","15","[c]","[c]"
"In post","2022","Unknown","White","North West (England)","Greater Manchester North West","15","10","[c]","[c]"
"In post","2022","Unknown","White","North West (England)","Greater Manchester South East","5","5","[c]","[c]"
"In post","2022","Unknown","White","North West (England)","Greater Manchester South West","310","285","32910","28920"
"In post","2022","Unknown","White","North West (England)","Lancaster and Wyre","70","60","26300","26670"
"In post","2022","Unknown","White","North West (England)","Liverpool","685","640","32310","26820"
"In post","2022","Unknown","White","North West (England)","Manchester","495","475","34720","31780"
"In post","2022","Unknown","White","North West (England)","Mid Lancashire","215","195","30260","25610"
"In post","2022","Unknown","White","North West (England)","Sefton","250","230","29240","26820"
"In post","2022","Unknown","White","North West (England)","Warrington","670","660","36010","34140"
"In post","2022","Unknown","White","North West (England)","West Cumbria","20","20","[c]","[c]"
"In post","2022","Unknown","White","North West (England)","Wirral","75","70","28090","22600"
"In post","2022","Unknown","White","Northern Ireland","Antrim and Newtownabbey","20","20","[c]","[c]"
"In post","2022","Unknown","White","Northern Ireland","Ards and North Down","35","35","24960","20560"
"In post","2022","Unknown","White","Northern Ireland","Armagh City, Banbridge and Craigavon","[c]","[c]","[c]","[c]"
"In post","2022","Unknown","White","Northern Ireland","Belfast","225","210","32750","28920"
"In post","2022","Unknown","White","Northern Ireland","Causeway Coast and Glens","10","10","[c]","[c]"
"In post","2022","Unknown","White","Northern Ireland","Derry City and Strabane","[c]","[c]","[c]","[c]"
"In post","2022","Unknown","White","Northern Ireland","Fermanagh and Omagh","[c]","[c]","[c]","[c]"
"In post","2022","Unknown","White","Northern Ireland","Lisburn and Castlereagh","45","45","26850","24880"
"In post","2022","Unknown","White","Northern Ireland","Mid and East Antrim","[c]","[c]","[c]","[c]"
"In post","2022","Unknown","White","Northern Ireland","Mid Ulster","[c]","[c]","[c]","[c]"
"In post","2022","Unknown","White","Northern Ireland","Newry, Mourne and Down","15","15","[c]","[c]"
"In post","2022","Unknown","White","Overseas","Overseas","335","330","55580","55130"
"In post","2022","Unknown","White","Scotland","Aberdeen City and Aberdeenshire","215","200","35790","35000"
"In post","2022","Unknown","White","Scotland","Angus and Dundee City","110","105","33010","27230"
"In post","2022","Unknown","White","Scotland","Caithness and Sutherland, and Ross and Cromarty","10","10","[c]","[c]"
"In post","2022","Unknown","White","Scotland","City of Edinburgh","1700","1610","41340","36130"
"In post","2022","Unknown","White","Scotland","Clackmannanshire and Fife","140","130","34440","35000"
"In post","2022","Unknown","White","Scotland","Dumfries and Galloway","70","70","32100","34340"
"In post","2022","Unknown","White","Scotland","East Ayrshire and North Ayrshire mainland","45","45","31580","30240"
"In post","2022","Unknown","White","Scotland","East Dunbartonshire, West Dunbartonshire, and Helensburgh and Lomond","305","295","32720","35000"
"In post","2022","Unknown","White","Scotland","East Lothian and Midlothian","[c]","[c]","[c]","[c]"
"In post","2022","Unknown","White","Scotland","Falkirk","155","145","35020","35000"
"In post","2022","Unknown","White","Scotland","Glasgow City","1055","995","38810","35000"
"In post","2022","Unknown","White","Scotland","Inverclyde, East Renfrewshire, and Renfrewshire","130","120","34690","35000"
"In post","2022","Unknown","White","Scotland","Inverness and Nairn, Moray, and Badenoch and Strathspey","95","90","31530","30040"
"In post","2022","Unknown","White","Scotland","Lochaber, Skye and Lochalsh, Arran and Cumbrae, and Argyll and Bute","20","20","[c]","[c]"
"In post","2022","Unknown","White","Scotland","Na h-Eileanan Siar","[c]","[c]","[c]","[c]"
"In post","2022","Unknown","White","Scotland","North Lanarkshire","180","160","30270","27400"
"In post","2022","Unknown","White","Scotland","Orkney Islands","5","5","[c]","[c]"
"In post","2022","Unknown","White","Scotland","Perth and Kinross, and Stirling","235","220","34300","35000"
"In post","2022","Unknown","White","Scotland","Scottish Borders","65","60","28760","25930"
"In post","2022","Unknown","White","Scotland","Shetland Islands","5","5","[c]","[c]"
"In post","2022","Unknown","White","Scotland","South Ayrshire","15","10","[c]","[c]"
"In post","2022","Unknown","White","Scotland","South Lanarkshire","260","220","31110","26820"
"In post","2022","Unknown","White","Scotland","West Lothian","35","35","42030","38210"
"In post","2022","Unknown","White","South East (England)","Berkshire","205","200","37950","39070"
"In post","2022","Unknown","White","South East (England)","Brighton and Hove","30","25","[c]","[c]"
"In post","2022","Unknown","White","South East (England)","Buckinghamshire","50","45","34870","28670"
"In post","2022","Unknown","White","South East (England)","Central Hampshire","175","165","35520","33300"
"In post","2022","Unknown","White","South East (England)","East Kent","175","165","31010","26820"
"In post","2022","Unknown","White","South East (England)","East Surrey","5","5","[c]","[c]"
"In post","2022","Unknown","White","South East (England)","East Sussex CC","10","10","[c]","[c]"
"In post","2022","Unknown","White","South East (England)","Isle of Wight","[c]","[c]","[c]","[c]"
"In post","2022","Unknown","White","South East (England)","Kent Thames Gateway","10","5","[c]","[c]"
"In post","2022","Unknown","White","South East (England)","Medway","65","65","37000","39840"
"In post","2022","Unknown","White","South East (England)","Mid Kent","15","15","[c]","[c]"
"In post","2022","Unknown","White","South East (England)","Milton Keynes","20","20","[c]","[c]"
"In post","2022","Unknown","White","South East (England)","North Hampshire","60","60","35350","33000"
"In post","2022","Unknown","White","South East (England)","Oxfordshire CC","185","170","43930","40560"
"In post","2022","Unknown","White","South East (England)","Portsmouth","235","215","31450","26820"
"In post","2022","Unknown","White","South East (England)","South Hampshire","665","570","30240","26970"
"In post","2022","Unknown","White","South East (England)","Southampton","60","55","32390","29350"
"In post","2022","Unknown","White","South East (England)","West Kent","[c]","[c]","[c]","[c]"
"In post","2022","Unknown","White","South East (England)","West Surrey","55","55","34800","28320"
"In post","2022","Unknown","White","South East (England)","West Sussex (North East)","80","75","38690","36200"
"In post","2022","Unknown","White","South East (England)","West Sussex (South West)","45","40","31320","28920"
"In post","2022","Unknown","White","South West (England)","Bath and North East Somerset, North Somerset and South Gloucestershire","870","830","39000","36740"
"In post","2022","Unknown","White","South West (England)","Bournemouth, Christchurch and Poole","15","15","[c]","[c]"
"In post","2022","Unknown","White","South West (England)","Bristol, City of","345","330","38470","34860"
"In post","2022","Unknown","White","South West (England)","Cornwall and Isles of Scilly","65","60","29850","22750"
"In post","2022","Unknown","White","South West (England)","Devon CC","150","140","33150","28460"
"In post","2022","Unknown","White","South West (England)","Dorset","130","125","31950","27130"
"In post","2022","Unknown","White","South West (England)","Gloucestershire CC","105","100","33470","27130"
"In post","2022","Unknown","White","South West (England)","Plymouth","215","205","32810","27670"
"In post","2022","Unknown","White","South West (England)","Somerset CC","115","105","32420","27800"
"In post","2022","Unknown","White","South West (England)","Swindon","15","15","[c]","[c]"
"In post","2022","Unknown","White","South West (England)","Torbay","[c]","[c]","[c]","[c]"
"In post","2022","Unknown","White","South West (England)","Wiltshire","385","365","39080","37140"
"In post","2022","Unknown","White","Unknown","Unknown","45","45","39160","38440"
"In post","2022","Unknown","White","Wales","Bridgend and Neath Port Talbot","40","40","39270","36410"
"In post","2022","Unknown","White","Wales","Cardiff and Vale of Glamorgan","610","545","31540","26820"
"In post","2022","Unknown","White","Wales","Central Valleys","30","25","[c]","[c]"
"In post","2022","Unknown","White","Wales","Conwy and Denbighshire","20","15","[c]","[c]"
"In post","2022","Unknown","White","Wales","Flintshire and Wrexham","35","35","32950","29700"
"In post","2022","Unknown","White","Wales","Gwent Valleys","15","10","[c]","[c]"
"In post","2022","Unknown","White","Wales","Gwynedd","10","5","[c]","[c]"
"In post","2022","Unknown","White","Wales","Isle of Anglesey","15","15","[c]","[c]"
"In post","2022","Unknown","White","Wales","Monmouthshire and Newport","705","680","34750","30710"
"In post","2022","Unknown","White","Wales","Powys","25","20","[c]","[c]"
"In post","2022","Unknown","White","Wales","South West Wales","35","35","30540","24880"
"In post","2022","Unknown","White","Wales","Swansea","235","220","28020","22600"
"In post","2022","Unknown","White","West Midlands (England)","Birmingham","500","475","36480","34140"
"In post","2022","Unknown","White","West Midlands (England)","Coventry","220","210","37630","36500"
"In post","2022","Unknown","White","West Midlands (England)","Dudley","10","10","[c]","[c]"
"In post","2022","Unknown","White","West Midlands (England)","Herefordshire, County of","45","45","32890","26670"
"In post","2022","Unknown","White","West Midlands (England)","Sandwell","[c]","[c]","[c]","[c]"
"In post","2022","Unknown","White","West Midlands (England)","Shropshire","55","55","30550","27620"
"In post","2022","Unknown","White","West Midlands (England)","Solihull","15","15","[c]","[c]"
"In post","2022","Unknown","White","West Midlands (England)","Staffordshire CC","110","105","37800","33000"
"In post","2022","Unknown","White","West Midlands (England)","Stoke-on-Trent","15","15","[c]","[c]"
"In post","2022","Unknown","White","West Midlands (England)","Telford and Wrekin","110","105","35340","26820"
"In post","2022","Unknown","White","West Midlands (England)","Walsall","[c]","[c]","[c]","[c]"
"In post","2022","Unknown","White","West Midlands (England)","Warwickshire CC","35","30","29150","25580"
"In post","2022","Unknown","White","West Midlands (England)","Wolverhampton","[c]","[c]","[c]","[c]"
"In post","2022","Unknown","White","West Midlands (England)","Worcestershire CC","15","15","[c]","[c]"
"In post","2022","Unknown","White","Yorkshire and The Humber","Barnsley, Doncaster and Rotherham","20","20","[c]","[c]"
"In post","2022","Unknown","White","Yorkshire and The Humber","Bradford","55","45","27340","22080"
"In post","2022","Unknown","White","Yorkshire and The Humber","Calderdale and Kirklees","10","10","[c]","[c]"
"In post","2022","Unknown","White","Yorkshire and The Humber","East Riding of Yorkshire","75","75","29180","26840"
"In post","2022","Unknown","White","Yorkshire and The Humber","Kingston upon Hull, City of","50","45","25550","22600"
"In post","2022","Unknown","White","Yorkshire and The Humber","Leeds","600","580","39280","36330"
"In post","2022","Unknown","White","Yorkshire and The Humber","North and North East Lincolnshire","15","15","[c]","[c]"
"In post","2022","Unknown","White","Yorkshire and The Humber","North Yorkshire CC","120","115","31730","28190"
"In post","2022","Unknown","White","Yorkshire and The Humber","Sheffield","410","395","34850","31850"
"In post","2022","Unknown","White","Yorkshire and The Humber","Wakefield","90","90","36930","36410"
"In post","2022","Unknown","White","Yorkshire and The Humber","York","65","65","35360","30130"
"Leaver CS","2022","Declared disabled","Asian","East Midlands (England)","Derby","[c]","[c]","[c]","[c]"
"Leaver CS","2022","Declared disabled","Asian","East Midlands (England)","East Derbyshire","[c]","[c]","[c]","[c]"
"Leaver CS","2022","Declared disabled","Asian","East Midlands (England)","Leicester","10","[c]","[c]","[c]"
"Leaver CS","2022","Declared disabled","Asian","East Midlands (England)","Leicestershire CC and Rutland","[c]","[c]","[c]","[c]"
"Leaver CS","2022","Declared disabled","Asian","East Midlands (England)","Lincolnshire CC","[c]","[c]","[c]","[c]"
"Leaver CS","2022","Declared disabled","Asian","East Midlands (England)","North Northamptonshire","[c]","[c]","[c]","[c]"
"Leaver CS","2022","Declared disabled","Asian","East Midlands (England)","North Nottinghamshire","[c]","[c]","[c]","[c]"
"Leaver CS","2022","Declared disabled","Asian","East Midlands (England)","Nottingham","[c]","[c]","[c]","[c]"
"Leaver CS","2022","Declared disabled","Asian","East Midlands (England)","South and West Derbyshire","[c]","[c]","[c]","[c]"
"Leaver CS","2022","Declared disabled","Asian","East Midlands (England)","South Nottinghamshire","[c]","[c]","[c]","[c]"
"Leaver CS","2022","Declared disabled","Asian","East Midlands (England)","West Northamptonshire","[c]","[c]","[c]","[c]"
"Leaver CS","2022","Declared disabled","Asian","East of England","Bedford","[c]","[c]","[c]","[c]"
"Leaver CS","2022","Declared disabled","Asian","East of England","Breckland and South Norfolk","[c]","[c]","[c]","[c]"
"Leaver CS","2022","Declared disabled","Asian","East of England","Cambridgeshire CC","[c]","[c]","[c]","[c]"
"Leaver CS","2022","Declared disabled","Asian","East of England","Central Bedfordshire","[c]","[c]","[c]","[c]"
"Leaver CS","2022","Declared disabled","Asian","East of England","Essex Haven Gateway","[c]","[c]","[c]","[c]"
"Leaver CS","2022","Declared disabled","Asian","East of England","Essex Thames Gateway","[c]","[c]","[c]","[c]"
"Leaver CS","2022","Declared disabled","Asian","East of England","Heart of Essex","[c]","[c]","[c]","[c]"
"Leaver CS","2022","Declared disabled","Asian","East of England","Hertfordshire CC","[c]","[c]","[c]","[c]"
"Leaver CS","2022","Declared disabled","Asian","East of England","Luton","[c]","[c]","[c]","[c]"
"Leaver CS","2022","Declared disabled","Asian","East of England","North and West Norfolk","[c]","[c]","[c]","[c]"
"Leaver CS","2022","Declared disabled","Asian","East of England","Norwich and East Norfolk","[c]","[c]","[c]","[c]"
"Leaver CS","2022","Declared disabled","Asian","East of England","Peterborough","[c]","[c]","[c]","[c]"
"Leaver CS","2022","Declared disabled","Asian","East of England","Southend-on-Sea","[c]","[c]","[c]","[c]"
"Leaver CS","2022","Declared disabled","Asian","East of England","Suffolk CC","[c]","[c]","[c]","[c]"
"Leaver CS","2022","Declared disabled","Asian","East of England","Thurrock","[c]","[c]","[c]","[c]"
"Leaver CS","2022","Declared disabled","Asian","East of England","West Essex","[c]","[c]","[c]","[c]"
"Leaver CS","2022","Declared disabled","Asian","London","Barking & Dagenham and Havering","[c]","[c]","[c]","[c]"
"Leaver CS","2022","Declared disabled","Asian","London","Barnet","[c]","[c]","[c]","[c]"
"Leaver CS","2022","Declared disabled","Asian","London","Bexley and Greenwich","[c]","[c]","[c]","[c]"
"Leaver CS","2022","Declared disabled","Asian","London","Brent","[c]","[c]","[c]","[c]"
"Leaver CS","2022","Declared disabled","Asian","London","Bromley","[c]","[c]","[c]","[c]"
"Leaver CS","2022","Declared disabled","Asian","London","Camden and City of London","[c]","[c]","[c]","[c]"
"Leaver CS","2022","Declared disabled","Asian","London","Croydon","15","[c]","[c]","[c]"
"Leaver CS","2022","Declared disabled","Asian","London","Ealing","[c]","[c]","[c]","[c]"
"Leaver CS","2022","Declared disabled","Asian","London","Enfield","[c]","[c]","[c]","[c]"
"Leaver CS","2022","Declared disabled","Asian","London","Hackney and Newham","10","[c]","[c]","[c]"
"Leaver CS","2022","Declared disabled","Asian","London","Haringey and Islington","5","[c]","[c]","[c]"
"Leaver CS","2022","Declared disabled","Asian","London","Harrow and Hillingdon","10","[c]","[c]","[c]"
"Leaver CS","2022","Declared disabled","Asian","London","Hounslow and Richmond upon Thames","5","[c]","[c]","[c]"
"Leaver CS","2022","Declared disabled","Asian","London","Kensington & Chelsea and Hammersmith & Fulham","[c]","[c]","[c]","[c]"
"Leaver CS","2022","Declared disabled","Asian","London","Lambeth","10","[c]","[c]","[c]"
"Leaver CS","2022","Declared disabled","Asian","London","Lewisham and Southwark","[c]","[c]","[c]","[c]"
"Leaver CS","2022","Declared disabled","Asian","London","Merton, Kingston upon Thames and Sutton","[c]","[c]","[c]","[c]"
"Leaver CS","2022","Declared disabled","Asian","London","Redbridge and Waltham Forest","[c]","[c]","[c]","[c]"
"Leaver CS","2022","Declared disabled","Asian","London","Tower Hamlets","5","[c]","[c]","[c]"
"Leaver CS","2022","Declared disabled","Asian","London","Wandsworth","[c]","[c]","[c]","[c]"
"Leaver CS","2022","Declared disabled","Asian","London","Westminster","25","[c]","[c]","[c]"
"Leaver CS","2022","Declared disabled","Asian","North East (England)","Darlington","[c]","[c]","[c]","[c]"
"Leaver CS","2022","Declared disabled","Asian","North East (England)","Durham","[c]","[c]","[c]","[c]"
"Leaver CS","2022","Declared disabled","Asian","North East (England)","Hartlepool and Stockton-on-Tees","[c]","[c]","[c]","[c]"
"Leaver CS","2022","Declared disabled","Asian","North East (England)","Northumberland","[c]","[c]","[c]","[c]"
"Leaver CS","2022","Declared disabled","Asian","North East (England)","South Teesside","[c]","[c]","[c]","[c]"
"Leaver CS","2022","Declared disabled","Asian","North East (England)","Sunderland","[c]","[c]","[c]","[c]"
"Leaver CS","2022","Declared disabled","Asian","North East (England)","Tyneside","5","[c]","[c]","[c]"
"Leaver CS","2022","Declared disabled","Asian","North West (England)","Blackburn with Darwen","[c]","[c]","[c]","[c]"
"Leaver CS","2022","Declared disabled","Asian","North West (England)","Blackpool","[c]","[c]","[c]","[c]"
"Leaver CS","2022","Declared disabled","Asian","North West (England)","Cheshire East","[c]","[c]","[c]","[c]"
"Leaver CS","2022","Declared disabled","Asian","North West (England)","Cheshire West and Chester","[c]","[c]","[c]","[c]"
"Leaver CS","2022","Declared disabled","Asian","North West (England)","Chorley and West Lancashire","[c]","[c]","[c]","[c]"
"Leaver CS","2022","Declared disabled","Asian","North West (England)","East Cumbria","[c]","[c]","[c]","[c]"
"Leaver CS","2022","Declared disabled","Asian","North West (England)","East Lancashire","[c]","[c]","[c]","[c]"
"Leaver CS","2022","Declared disabled","Asian","North West (England)","East Merseyside","[c]","[c]","[c]","[c]"
"Leaver CS","2022","Declared disabled","Asian","North West (England)","Greater Manchester North East","[c]","[c]","[c]","[c]"
"Leaver CS","2022","Declared disabled","Asian","North West (England)","Greater Manchester North West","[c]","[c]","[c]","[c]"
"Leaver CS","2022","Declared disabled","Asian","North West (England)","Greater Manchester South East","[c]","[c]","[c]","[c]"
"Leaver CS","2022","Declared disabled","Asian","North West (England)","Greater Manchester South West","5","[c]","[c]","[c]"
"Leaver CS","2022","Declared disabled","Asian","North West (England)","Lancaster and Wyre","[c]","[c]","[c]","[c]"
"Leaver CS","2022","Declared disabled","Asian","North West (England)","Liverpool","[c]","[c]","[c]","[c]"
"Leaver CS","2022","Declared disabled","Asian","North West (England)","Manchester","[c]","[c]","[c]","[c]"
"Leaver CS","2022","Declared disabled","Asian","North West (England)","Mid Lancashire","[c]","[c]","[c]","[c]"
"Leaver CS","2022","Declared disabled","Asian","North West (England)","Sefton","[c]","[c]","[c]","[c]"
"Leaver CS","2022","Declared disabled","Asian","North West (England)","Warrington","[c]","[c]","[c]","[c]"
"Leaver CS","2022","Declared disabled","Asian","North West (England)","West Cumbria","[c]","[c]","[c]","[c]"
"Leaver CS","2022","Declared disabled","Asian","North West (England)","Wirral","[c]","[c]","[c]","[c]"
"Leaver CS","2022","Declared disabled","Asian","Northern Ireland","Antrim and Newtownabbey","[c]","[c]","[c]","[c]"
"Leaver CS","2022","Declared disabled","Asian","Northern Ireland","Ards and North Down","[c]","[c]","[c]","[c]"
"Leaver CS","2022","Declared disabled","Asian","Northern Ireland","Belfast","[c]","[c]","[c]","[c]"
"Leaver CS","2022","Declared disabled","Asian","Northern Ireland","Causeway Coast and Glens","[c]","[c]","[c]","[c]"
"Leaver CS","2022","Declared disabled","Asian","Northern Ireland","Derry City and Strabane","[c]","[c]","[c]","[c]"
"Leaver CS","2022","Declared disabled","Asian","Northern Ireland","Fermanagh and Omagh","[c]","[c]","[c]","[c]"
"Leaver CS","2022","Declared disabled","Asian","Northern Ireland","Lisburn and Castlereagh","[c]","[c]","[c]","[c]"
"Leaver CS","2022","Declared disabled","Asian","Northern Ireland","Mid and East Antrim","[c]","[c]","[c]","[c]"
"Leaver CS","2022","Declared disabled","Asian","Northern Ireland","Newry, Mourne and Down","[c]","[c]","[c]","[c]"
"Leaver CS","2022","Declared disabled","Asian","Overseas","Overseas","[c]","[c]","[c]","[c]"
"Leaver CS","2022","Declared disabled","Asian","Scotland","Aberdeen City and Aberdeenshire","[c]","[c]","[c]","[c]"
"Leaver CS","2022","Declared disabled","Asian","Scotland","Angus and Dundee City","[c]","[c]","[c]","[c]"
"Leaver CS","2022","Declared disabled","Asian","Scotland","Caithness and Sutherland, and Ross and Cromarty","[c]","[c]","[c]","[c]"
"Leaver CS","2022","Declared disabled","Asian","Scotland","City of Edinburgh","[c]","[c]","[c]","[c]"
"Leaver CS","2022","Declared disabled","Asian","Scotland","Clackmannanshire and Fife","[c]","[c]","[c]","[c]"
"Leaver CS","2022","Declared disabled","Asian","Scotland","Dumfries and Galloway","[c]","[c]","[c]","[c]"
"Leaver CS","2022","Declared disabled","Asian","Scotland","East Ayrshire and North Ayrshire mainland","[c]","[c]","[c]","[c]"
"Leaver CS","2022","Declared disabled","Asian","Scotland","East Dunbartonshire, West Dunbartonshire, and Helensburgh and Lomond","[c]","[c]","[c]","[c]"
"Leaver CS","2022","Declared disabled","Asian","Scotland","East Lothian and Midlothian","[c]","[c]","[c]","[c]"
"Leaver CS","2022","Declared disabled","Asian","Scotland","Falkirk","[c]","[c]","[c]","[c]"
"Leaver CS","2022","Declared disabled","Asian","Scotland","Glasgow City","[c]","[c]","[c]","[c]"
"Leaver CS","2022","Declared disabled","Asian","Scotland","Inverclyde, East Renfrewshire, and Renfrewshire","[c]","[c]","[c]","[c]"
"Leaver CS","2022","Declared disabled","Asian","Scotland","Inverness and Nairn, Moray, and Badenoch and Strathspey","[c]","[c]","[c]","[c]"
"Leaver CS","2022","Declared disabled","Asian","Scotland","Lochaber, Skye and Lochalsh, Arran and Cumbrae, and Argyll and Bute","[c]","[c]","[c]","[c]"
"Leaver CS","2022","Declared disabled","Asian","Scotland","Na h-Eileanan Siar","[c]","[c]","[c]","[c]"
"Leaver CS","2022","Declared disabled","Asian","Scotland","North Lanarkshire","[c]","[c]","[c]","[c]"
"Leaver CS","2022","Declared disabled","Asian","Scotland","Orkney Islands","[c]","[c]","[c]","[c]"
"Leaver CS","2022","Declared disabled","Asian","Scotland","Perth and Kinross, and Stirling","[c]","[c]","[c]","[c]"
"Leaver CS","2022","Declared disabled","Asian","Scotland","Scottish Borders","[c]","[c]","[c]","[c]"
"Leaver CS","2022","Declared disabled","Asian","Scotland","Shetland Islands","[c]","[c]","[c]","[c]"
"Leaver CS","2022","Declared disabled","Asian","Scotland","South Ayrshire","[c]","[c]","[c]","[c]"
"Leaver CS","2022","Declared disabled","Asian","Scotland","South Lanarkshire","[c]","[c]","[c]","[c]"
"Leaver CS","2022","Declared disabled","Asian","Scotland","West Lothian","[c]","[c]","[c]","[c]"
"Leaver CS","2022","Declared disabled","Asian","South East (England)","Berkshire","[c]","[c]","[c]","[c]"
"Leaver CS","2022","Declared disabled","Asian","South East (England)","Brighton and Hove","[c]","[c]","[c]","[c]"
"Leaver CS","2022","Declared disabled","Asian","South East (England)","Buckinghamshire","[c]","[c]","[c]","[c]"
"Leaver CS","2022","Declared disabled","Asian","South East (England)","Central Hampshire","[c]","[c]","[c]","[c]"
"Leaver CS","2022","Declared disabled","Asian","South East (England)","East Kent","[c]","[c]","[c]","[c]"
"Leaver CS","2022","Declared disabled","Asian","South East (England)","East Surrey","[c]","[c]","[c]","[c]"
"Leaver CS","2022","Declared disabled","Asian","South East (England)","East Sussex CC","[c]","[c]","[c]","[c]"
"Leaver CS","2022","Declared disabled","Asian","South East (England)","Isle of Wight","[c]","[c]","[c]","[c]"
"Leaver CS","2022","Declared disabled","Asian","South East (England)","Kent Thames Gateway","[c]","[c]","[c]","[c]"
"Leaver CS","2022","Declared disabled","Asian","South East (England)","Medway","[c]","[c]","[c]","[c]"
"Leaver CS","2022","Declared disabled","Asian","South East (England)","Mid Kent","[c]","[c]","[c]","[c]"
"Leaver CS","2022","Declared disabled","Asian","South East (England)","Milton Keynes","[c]","[c]","[c]","[c]"
"Leaver CS","2022","Declared disabled","Asian","South East (England)","North Hampshire","[c]","[c]","[c]","[c]"
"Leaver CS","2022","Declared disabled","Asian","South East (England)","Oxfordshire CC","[c]","[c]","[c]","[c]"
"Leaver CS","2022","Declared disabled","Asian","South East (England)","Portsmouth","[c]","[c]","[c]","[c]"
"Leaver CS","2022","Declared disabled","Asian","South East (England)","South Hampshire","[c]","[c]","[c]","[c]"
"Leaver CS","2022","Declared disabled","Asian","South East (England)","Southampton","[c]","[c]","[c]","[c]"
"Leaver CS","2022","Declared disabled","Asian","South East (England)","West Kent","[c]","[c]","[c]","[c]"
"Leaver CS","2022","Declared disabled","Asian","South East (England)","West Surrey","[c]","[c]","[c]","[c]"
"Leaver CS","2022","Declared disabled","Asian","South East (England)","West Sussex (North East)","[c]","[c]","[c]","[c]"
"Leaver CS","2022","Declared disabled","Asian","South East (England)","West Sussex (South West)","[c]","[c]","[c]","[c]"
"Leaver CS","2022","Declared disabled","Asian","South West (England)","Bath and North East Somerset, North Somerset and South Gloucestershire","[c]","[c]","[c]","[c]"
"Leaver CS","2022","Declared disabled","Asian","South West (England)","Bournemouth, Christchurch and Poole","[c]","[c]","[c]","[c]"
"Leaver CS","2022","Declared disabled","Asian","South West (England)","Bristol, City of","[c]","[c]","[c]","[c]"
"Leaver CS","2022","Declared disabled","Asian","South West (England)","Cornwall and Isles of Scilly","[c]","[c]","[c]","[c]"
"Leaver CS","2022","Declared disabled","Asian","South West (England)","Devon CC","[c]","[c]","[c]","[c]"
"Leaver CS","2022","Declared disabled","Asian","South West (England)","Dorset","[c]","[c]","[c]","[c]"
"Leaver CS","2022","Declared disabled","Asian","South West (England)","Gloucestershire CC","[c]","[c]","[c]","[c]"
"Leaver CS","2022","Declared disabled","Asian","South West (England)","Plymouth","[c]","[c]","[c]","[c]"
"Leaver CS","2022","Declared disabled","Asian","South West (England)","Somerset CC","[c]","[c]","[c]","[c]"
"Leaver CS","2022","Declared disabled","Asian","South West (England)","Swindon","[c]","[c]","[c]","[c]"
"Leaver CS","2022","Declared disabled","Asian","South West (England)","Torbay","[c]","[c]","[c]","[c]"
"Leaver CS","2022","Declared disabled","Asian","South West (England)","Wiltshire","[c]","[c]","[c]","[c]"
"Leaver CS","2022","Declared disabled","Asian","Unknown","Unknown","[c]","[c]","[c]","[c]"
"Leaver CS","2022","Declared disabled","Asian","Wales","Bridgend and Neath Port Talbot","[c]","[c]","[c]","[c]"
"Leaver CS","2022","Declared disabled","Asian","Wales","Cardiff and Vale of Glamorgan","[c]","[c]","[c]","[c]"
"Leaver CS","2022","Declared disabled","Asian","Wales","Central Valleys","[c]","[c]","[c]","[c]"
"Leaver CS","2022","Declared disabled","Asian","Wales","Conwy and Denbighshire","[c]","[c]","[c]","[c]"
"Leaver CS","2022","Declared disabled","Asian","Wales","Flintshire and Wrexham","[c]","[c]","[c]","[c]"
"Leaver CS","2022","Declared disabled","Asian","Wales","Gwent Valleys","[c]","[c]","[c]","[c]"
"Leaver CS","2022","Declared disabled","Asian","Wales","Gwynedd","[c]","[c]","[c]","[c]"
"Leaver CS","2022","Declared disabled","Asian","Wales","Isle of Anglesey","[c]","[c]","[c]","[c]"
"Leaver CS","2022","Declared disabled","Asian","Wales","Monmouthshire and Newport","[c]","[c]","[c]","[c]"
"Leaver CS","2022","Declared disabled","Asian","Wales","Powys","[c]","[c]","[c]","[c]"
"Leaver CS","2022","Declared disabled","Asian","Wales","South West Wales","[c]","[c]","[c]","[c]"
"Leaver CS","2022","Declared disabled","Asian","Wales","Swansea","[c]","[c]","[c]","[c]"
"Leaver CS","2022","Declared disabled","Asian","West Midlands (England)","Birmingham","10","[c]","[c]","[c]"
"Leaver CS","2022","Declared disabled","Asian","West Midlands (England)","Coventry","[c]","[c]","[c]","[c]"
"Leaver CS","2022","Declared disabled","Asian","West Midlands (England)","Dudley","[c]","[c]","[c]","[c]"
"Leaver CS","2022","Declared disabled","Asian","West Midlands (England)","Herefordshire, County of","[c]","[c]","[c]","[c]"
"Leaver CS","2022","Declared disabled","Asian","West Midlands (England)","Sandwell","[c]","[c]","[c]","[c]"
"Leaver CS","2022","Declared disabled","Asian","West Midlands (England)","Shropshire","[c]","[c]","[c]","[c]"
"Leaver CS","2022","Declared disabled","Asian","West Midlands (England)","Solihull","[c]","[c]","[c]","[c]"
"Leaver CS","2022","Declared disabled","Asian","West Midlands (England)","Staffordshire CC","[c]","[c]","[c]","[c]"
"Leaver CS","2022","Declared disabled","Asian","West Midlands (England)","Stoke-on-Trent","[c]","[c]","[c]","[c]"
"Leaver CS","2022","Declared disabled","Asian","West Midlands (England)","Telford and Wrekin","[c]","[c]","[c]","[c]"
"Leaver CS","2022","Declared disabled","Asian","West Midlands (England)","Walsall","[c]","[c]","[c]","[c]"
"Leaver CS","2022","Declared disabled","Asian","West Midlands (England)","Warwickshire CC","[c]","[c]","[c]","[c]"
"Leaver CS","2022","Declared disabled","Asian","West Midlands (England)","Wolverhampton","[c]","[c]","[c]","[c]"
"Leaver CS","2022","Declared disabled","Asian","West Midlands (England)","Worcestershire CC","[c]","[c]","[c]","[c]"
"Leaver CS","2022","Declared disabled","Asian","Yorkshire and The Humber","Barnsley, Doncaster and Rotherham","[c]","[c]","[c]","[c]"
"Leaver CS","2022","Declared disabled","Asian","Yorkshire and The Humber","Bradford","[c]","[c]","[c]","[c]"
"Leaver CS","2022","Declared disabled","Asian","Yorkshire and The Humber","Calderdale and Kirklees","[c]","[c]","[c]","[c]"
"Leaver CS","2022","Declared disabled","Asian","Yorkshire and The Humber","East Riding of Yorkshire","[c]","[c]","[c]","[c]"
"Leaver CS","2022","Declared disabled","Asian","Yorkshire and The Humber","Kingston upon Hull, City of","[c]","[c]","[c]","[c]"
"Leaver CS","2022","Declared disabled","Asian","Yorkshire and The Humber","Leeds","5","[c]","[c]","[c]"
"Leaver CS","2022","Declared disabled","Asian","Yorkshire and The Humber","North and North East Lincolnshire","[c]","[c]","[c]","[c]"
"Leaver CS","2022","Declared disabled","Asian","Yorkshire and The Humber","North Yorkshire CC","[c]","[c]","[c]","[c]"
"Leaver CS","2022","Declared disabled","Asian","Yorkshire and The Humber","Sheffield","[c]","[c]","[c]","[c]"
"Leaver CS","2022","Declared disabled","Asian","Yorkshire and The Humber","Wakefield","[c]","[c]","[c]","[c]"
"Leaver CS","2022","Declared disabled","Asian","Yorkshire and The Humber","York","[c]","[c]","[c]","[c]"
"Leaver CS","2022","Declared disabled","Black","East Midlands (England)","Derby","[c]","[c]","[c]","[c]"
"Leaver CS","2022","Declared disabled","Black","East Midlands (England)","East Derbyshire","[c]","[c]","[c]","[c]"
"Leaver CS","2022","Declared disabled","Black","East Midlands (England)","Leicester","[c]","[c]","[c]","[c]"
"Leaver CS","2022","Declared disabled","Black","East Midlands (England)","Leicestershire CC and Rutland","[c]","[c]","[c]","[c]"
"Leaver CS","2022","Declared disabled","Black","East Midlands (England)","Lincolnshire CC","[c]","[c]","[c]","[c]"
"Leaver CS","2022","Declared disabled","Black","East Midlands (England)","North Northamptonshire","[c]","[c]","[c]","[c]"
"Leaver CS","2022","Declared disabled","Black","East Midlands (England)","North Nottinghamshire","[c]","[c]","[c]","[c]"
"Leaver CS","2022","Declared disabled","Black","East Midlands (England)","Nottingham","[c]","[c]","[c]","[c]"
"Leaver CS","2022","Declared disabled","Black","East Midlands (England)","South and West Derbyshire","[c]","[c]","[c]","[c]"
"Leaver CS","2022","Declared disabled","Black","East Midlands (England)","South Nottinghamshire","[c]","[c]","[c]","[c]"
"Leaver CS","2022","Declared disabled","Black","East Midlands (England)","West Northamptonshire","[c]","[c]","[c]","[c]"
"Leaver CS","2022","Declared disabled","Black","East of England","Bedford","[c]","[c]","[c]","[c]"
"Leaver CS","2022","Declared disabled","Black","East of England","Breckland and South Norfolk","[c]","[c]","[c]","[c]"
"Leaver CS","2022","Declared disabled","Black","East of England","Cambridgeshire CC","[c]","[c]","[c]","[c]"
"Leaver CS","2022","Declared disabled","Black","East of England","Central Bedfordshire","[c]","[c]","[c]","[c]"
"Leaver CS","2022","Declared disabled","Black","East of England","Essex Haven Gateway","[c]","[c]","[c]","[c]"
"Leaver CS","2022","Declared disabled","Black","East of England","Essex Thames Gateway","[c]","[c]","[c]","[c]"
"Leaver CS","2022","Declared disabled","Black","East of England","Heart of Essex","[c]","[c]","[c]","[c]"
"Leaver CS","2022","Declared disabled","Black","East of England","Hertfordshire CC","[c]","[c]","[c]","[c]"
"Leaver CS","2022","Declared disabled","Black","East of England","Luton","[c]","[c]","[c]","[c]"
"Leaver CS","2022","Declared disabled","Black","East of England","North and West Norfolk","[c]","[c]","[c]","[c]"
"Leaver CS","2022","Declared disabled","Black","East of England","Norwich and East Norfolk","[c]","[c]","[c]","[c]"
"Leaver CS","2022","Declared disabled","Black","East of England","Peterborough","[c]","[c]","[c]","[c]"
"Leaver CS","2022","Declared disabled","Black","East of England","Southend-on-Sea","[c]","[c]","[c]","[c]"
"Leaver CS","2022","Declared disabled","Black","East of England","Suffolk CC","[c]","[c]","[c]","[c]"
"Leaver CS","2022","Declared disabled","Black","East of England","Thurrock","[c]","[c]","[c]","[c]"
"Leaver CS","2022","Declared disabled","Black","East of England","West Essex","[c]","[c]","[c]","[c]"
"Leaver CS","2022","Declared disabled","Black","London","Barking & Dagenham and Havering","[c]","[c]","[c]","[c]"
"Leaver CS","2022","Declared disabled","Black","London","Barnet","[c]","[c]","[c]","[c]"
"Leaver CS","2022","Declared disabled","Black","London","Bexley and Greenwich","[c]","[c]","[c]","[c]"
"Leaver CS","2022","Declared disabled","Black","London","Brent","[c]","[c]","[c]","[c]"
"Leaver CS","2022","Declared disabled","Black","London","Bromley","[c]","[c]","[c]","[c]"
"Leaver CS","2022","Declared disabled","Black","London","Camden and City of London","[c]","[c]","[c]","[c]"
"Leaver CS","2022","Declared disabled","Black","London","Croydon","10","[c]","[c]","[c]"
"Leaver CS","2022","Declared disabled","Black","London","Ealing","[c]","[c]","[c]","[c]"
"Leaver CS","2022","Declared disabled","Black","London","Enfield","[c]","[c]","[c]","[c]"
"Leaver CS","2022","Declared disabled","Black","London","Hackney and Newham","10","[c]","[c]","[c]"
"Leaver CS","2022","Declared disabled","Black","London","Haringey and Islington","[c]","[c]","[c]","[c]"
"Leaver CS","2022","Declared disabled","Black","London","Harrow and Hillingdon","[c]","[c]","[c]","[c]"
"Leaver CS","2022","Declared disabled","Black","London","Hounslow and Richmond upon Thames","[c]","[c]","[c]","[c]"
"Leaver CS","2022","Declared disabled","Black","London","Kensington & Chelsea and Hammersmith & Fulham","[c]","[c]","[c]","[c]"
"Leaver CS","2022","Declared disabled","Black","London","Lambeth","[c]","[c]","[c]","[c]"
"Leaver CS","2022","Declared disabled","Black","London","Lewisham and Southwark","5","[c]","[c]","[c]"
"Leaver CS","2022","Declared disabled","Black","London","Merton, Kingston upon Thames and Sutton","[c]","[c]","[c]","[c]"
"Leaver CS","2022","Declared disabled","Black","London","Redbridge and Waltham Forest","[c]","[c]","[c]","[c]"
"Leaver CS","2022","Declared disabled","Black","London","Tower Hamlets","5","[c]","[c]","[c]"
"Leaver CS","2022","Declared disabled","Black","London","Wandsworth","[c]","[c]","[c]","[c]"
"Leaver CS","2022","Declared disabled","Black","London","Westminster","35","[c]","37830","30950"
"Leaver CS","2022","Declared disabled","Black","North East (England)","Darlington","[c]","[c]","[c]","[c]"
"Leaver CS","2022","Declared disabled","Black","North East (England)","Durham","[c]","[c]","[c]","[c]"
"Leaver CS","2022","Declared disabled","Black","North East (England)","Hartlepool and Stockton-on-Tees","[c]","[c]","[c]","[c]"
"Leaver CS","2022","Declared disabled","Black","North East (England)","Northumberland","[c]","[c]","[c]","[c]"
"Leaver CS","2022","Declared disabled","Black","North East (England)","South Teesside","[c]","[c]","[c]","[c]"
"Leaver CS","2022","Declared disabled","Black","North East (England)","Sunderland","[c]","[c]","[c]","[c]"
"Leaver CS","2022","Declared disabled","Black","North East (England)","Tyneside","[c]","[c]","[c]","[c]"
"Leaver CS","2022","Declared disabled","Black","North West (England)","Blackburn with Darwen","[c]","[c]","[c]","[c]"
"Leaver CS","2022","Declared disabled","Black","North West (England)","Blackpool","[c]","[c]","[c]","[c]"
"Leaver CS","2022","Declared disabled","Black","North West (England)","Cheshire East","[c]","[c]","[c]","[c]"
"Leaver CS","2022","Declared disabled","Black","North West (England)","Cheshire West and Chester","[c]","[c]","[c]","[c]"
"Leaver CS","2022","Declared disabled","Black","North West (England)","Chorley and West Lancashire","[c]","[c]","[c]","[c]"
"Leaver CS","2022","Declared disabled","Black","North West (England)","East Cumbria","[c]","[c]","[c]","[c]"
"Leaver CS","2022","Declared disabled","Black","North West (England)","East Lancashire","[c]","[c]","[c]","[c]"
"Leaver CS","2022","Declared disabled","Black","North West (England)","East Merseyside","[c]","[c]","[c]","[c]"
"Leaver CS","2022","Declared disabled","Black","North West (England)","Greater Manchester North East","[c]","[c]","[c]","[c]"
"Leaver CS","2022","Declared disabled","Black","North West (England)","Greater Manchester North West","[c]","[c]","[c]","[c]"
"Leaver CS","2022","Declared disabled","Black","North West (England)","Greater Manchester South East","[c]","[c]","[c]","[c]"
"Leaver CS","2022","Declared disabled","Black","North West (England)","Greater Manchester South West","[c]","[c]","[c]","[c]"
"Leaver CS","2022","Declared disabled","Black","North West (England)","Lancaster and Wyre","[c]","[c]","[c]","[c]"
"Leaver CS","2022","Declared disabled","Black","North West (England)","Liverpool","[c]","[c]","[c]","[c]"
"Leaver CS","2022","Declared disabled","Black","North West (England)","Manchester","[c]","[c]","[c]","[c]"
"Leaver CS","2022","Declared disabled","Black","North West (England)","Mid Lancashire","[c]","[c]","[c]","[c]"
"Leaver CS","2022","Declared disabled","Black","North West (England)","Sefton","[c]","[c]","[c]","[c]"
"Leaver CS","2022","Declared disabled","Black","North West (England)","Warrington","[c]","[c]","[c]","[c]"
"Leaver CS","2022","Declared disabled","Black","North West (England)","West Cumbria","[c]","[c]","[c]","[c]"
"Leaver CS","2022","Declared disabled","Black","North West (England)","Wirral","[c]","[c]","[c]","[c]"
"Leaver CS","2022","Declared disabled","Black","Northern Ireland","Antrim and Newtownabbey","[c]","[c]","[c]","[c]"
"Leaver CS","2022","Declared disabled","Black","Northern Ireland","Ards and North Down","[c]","[c]","[c]","[c]"
"Leaver CS","2022","Declared disabled","Black","Northern Ireland","Belfast","[c]","[c]","[c]","[c]"
"Leaver CS","2022","Declared disabled","Black","Northern Ireland","Causeway Coast and Glens","[c]","[c]","[c]","[c]"
"Leaver CS","2022","Declared disabled","Black","Northern Ireland","Derry City and Strabane","[c]","[c]","[c]","[c]"
"Leaver CS","2022","Declared disabled","Black","Northern Ireland","Fermanagh and Omagh","[c]","[c]","[c]","[c]"
"Leaver CS","2022","Declared disabled","Black","Northern Ireland","Lisburn and Castlereagh","[c]","[c]","[c]","[c]"
"Leaver CS","2022","Declared disabled","Black","Northern Ireland","Mid and East Antrim","[c]","[c]","[c]","[c]"
"Leaver CS","2022","Declared disabled","Black","Northern Ireland","Newry, Mourne and Down","[c]","[c]","[c]","[c]"
"Leaver CS","2022","Declared disabled","Black","Overseas","Overseas","[c]","[c]","[c]","[c]"
"Leaver CS","2022","Declared disabled","Black","Scotland","Aberdeen City and Aberdeenshire","[c]","[c]","[c]","[c]"
"Leaver CS","2022","Declared disabled","Black","Scotland","Angus and Dundee City","[c]","[c]","[c]","[c]"
"Leaver CS","2022","Declared disabled","Black","Scotland","Caithness and Sutherland, and Ross and Cromarty","[c]","[c]","[c]","[c]"
"Leaver CS","2022","Declared disabled","Black","Scotland","City of Edinburgh","[c]","[c]","[c]","[c]"
"Leaver CS","2022","Declared disabled","Black","Scotland","Clackmannanshire and Fife","[c]","[c]","[c]","[c]"
"Leaver CS","2022","Declared disabled","Black","Scotland","Dumfries and Galloway","[c]","[c]","[c]","[c]"
"Leaver CS","2022","Declared disabled","Black","Scotland","East Ayrshire and North Ayrshire mainland","[c]","[c]","[c]","[c]"
"Leaver CS","2022","Declared disabled","Black","Scotland","East Dunbartonshire, West Dunbartonshire, and Helensburgh and Lomond","[c]","[c]","[c]","[c]"
"Leaver CS","2022","Declared disabled","Black","Scotland","East Lothian and Midlothian","[c]","[c]","[c]","[c]"
"Leaver CS","2022","Declared disabled","Black","Scotland","Falkirk","[c]","[c]","[c]","[c]"
"Leaver CS","2022","Declared disabled","Black","Scotland","Glasgow City","[c]","[c]","[c]","[c]"
"Leaver CS","2022","Declared disabled","Black","Scotland","Inverclyde, East Renfrewshire, and Renfrewshire","[c]","[c]","[c]","[c]"
"Leaver CS","2022","Declared disabled","Black","Scotland","Inverness and Nairn, Moray, and Badenoch and Strathspey","[c]","[c]","[c]","[c]"
"Leaver CS","2022","Declared disabled","Black","Scotland","Lochaber, Skye and Lochalsh, Arran and Cumbrae, and Argyll and Bute","[c]","[c]","[c]","[c]"
"Leaver CS","2022","Declared disabled","Black","Scotland","Na h-Eileanan Siar","[c]","[c]","[c]","[c]"
"Leaver CS","2022","Declared disabled","Black","Scotland","North Lanarkshire","[c]","[c]","[c]","[c]"
"Leaver CS","2022","Declared disabled","Black","Scotland","Orkney Islands","[c]","[c]","[c]","[c]"
"Leaver CS","2022","Declared disabled","Black","Scotland","Perth and Kinross, and Stirling","[c]","[c]","[c]","[c]"
"Leaver CS","2022","Declared disabled","Black","Scotland","Scottish Borders","[c]","[c]","[c]","[c]"
"Leaver CS","2022","Declared disabled","Black","Scotland","Shetland Islands","[c]","[c]","[c]","[c]"
"Leaver CS","2022","Declared disabled","Black","Scotland","South Ayrshire","[c]","[c]","[c]","[c]"
"Leaver CS","2022","Declared disabled","Black","Scotland","South Lanarkshire","[c]","[c]","[c]","[c]"
"Leaver CS","2022","Declared disabled","Black","Scotland","West Lothian","[c]","[c]","[c]","[c]"
"Leaver CS","2022","Declared disabled","Black","South East (England)","Berkshire","[c]","[c]","[c]","[c]"
"Leaver CS","2022","Declared disabled","Black","South East (England)","Brighton and Hove","[c]","[c]","[c]","[c]"
"Leaver CS","2022","Declared disabled","Black","South East (England)","Buckinghamshire","[c]","[c]","[c]","[c]"
"Leaver CS","2022","Declared disabled","Black","South East (England)","Central Hampshire","[c]","[c]","[c]","[c]"
"Leaver CS","2022","Declared disabled","Black","South East (England)","East Kent","[c]","[c]","[c]","[c]"
"Leaver CS","2022","Declared disabled","Black","South East (England)","East Surrey","[c]","[c]","[c]","[c]"
"Leaver CS","2022","Declared disabled","Black","South East (England)","East Sussex CC","[c]","[c]","[c]","[c]"
"Leaver CS","2022","Declared disabled","Black","South East (England)","Isle of Wight","[c]","[c]","[c]","[c]"
"Leaver CS","2022","Declared disabled","Black","South East (England)","Kent Thames Gateway","[c]","[c]","[c]","[c]"
"Leaver CS","2022","Declared disabled","Black","South East (England)","Medway","[c]","[c]","[c]","[c]"
"Leaver CS","2022","Declared disabled","Black","South East (England)","Mid Kent","[c]","[c]","[c]","[c]"
"Leaver CS","2022","Declared disabled","Black","South East (England)","Milton Keynes","[c]","[c]","[c]","[c]"
"Leaver CS","2022","Declared disabled","Black","South East (England)","North Hampshire","[c]","[c]","[c]","[c]"
"Leaver CS","2022","Declared disabled","Black","South East (England)","Oxfordshire CC","[c]","[c]","[c]","[c]"
"Leaver CS","2022","Declared disabled","Black","South East (England)","Portsmouth","[c]","[c]","[c]","[c]"
"Leaver CS","2022","Declared disabled","Black","South East (England)","South Hampshire","[c]","[c]","[c]","[c]"
"Leaver CS","2022","Declared disabled","Black","South East (England)","Southampton","[c]","[c]","[c]","[c]"
"Leaver CS","2022","Declared disabled","Black","South East (England)","West Kent","[c]","[c]","[c]","[c]"
"Leaver CS","2022","Declared disabled","Black","South East (England)","West Surrey","[c]","[c]","[c]","[c]"
"Leaver CS","2022","Declared disabled","Black","South East (England)","West Sussex (North East)","[c]","[c]","[c]","[c]"
"Leaver CS","2022","Declared disabled","Black","South East (England)","West Sussex (South West)","[c]","[c]","[c]","[c]"
"Leaver CS","2022","Declared disabled","Black","South West (England)","Bath and North East Somerset, North Somerset and South Gloucestershire","[c]","[c]","[c]","[c]"
"Leaver CS","2022","Declared disabled","Black","South West (England)","Bournemouth, Christchurch and Poole","[c]","[c]","[c]","[c]"
"Leaver CS","2022","Declared disabled","Black","South West (England)","Bristol, City of","[c]","[c]","[c]","[c]"
"Leaver CS","2022","Declared disabled","Black","South West (England)","Cornwall and Isles of Scilly","[c]","[c]","[c]","[c]"
"Leaver CS","2022","Declared disabled","Black","South West (England)","Devon CC","[c]","[c]","[c]","[c]"
"Leaver CS","2022","Declared disabled","Black","South West (England)","Dorset","[c]","[c]","[c]","[c]"
"Leaver CS","2022","Declared disabled","Black","South West (England)","Gloucestershire CC","[c]","[c]","[c]","[c]"
"Leaver CS","2022","Declared disabled","Black","South West (England)","Plymouth","[c]","[c]","[c]","[c]"
"Leaver CS","2022","Declared disabled","Black","South West (England)","Somerset CC","[c]","[c]","[c]","[c]"
"Leaver CS","2022","Declared disabled","Black","South West (England)","Swindon","[c]","[c]","[c]","[c]"
"Leaver CS","2022","Declared disabled","Black","South West (England)","Torbay","[c]","[c]","[c]","[c]"
"Leaver CS","2022","Declared disabled","Black","South West (England)","Wiltshire","[c]","[c]","[c]","[c]"
"Leaver CS","2022","Declared disabled","Black","Unknown","Unknown","[c]","[c]","[c]","[c]"
"Leaver CS","2022","Declared disabled","Black","Wales","Bridgend and Neath Port Talbot","[c]","[c]","[c]","[c]"
"Leaver CS","2022","Declared disabled","Black","Wales","Cardiff and Vale of Glamorgan","[c]","[c]","[c]","[c]"
"Leaver CS","2022","Declared disabled","Black","Wales","Central Valleys","[c]","[c]","[c]","[c]"
"Leaver CS","2022","Declared disabled","Black","Wales","Conwy and Denbighshire","[c]","[c]","[c]","[c]"
"Leaver CS","2022","Declared disabled","Black","Wales","Flintshire and Wrexham","[c]","[c]","[c]","[c]"
"Leaver CS","2022","Declared disabled","Black","Wales","Gwent Valleys","[c]","[c]","[c]","[c]"
"Leaver CS","2022","Declared disabled","Black","Wales","Gwynedd","[c]","[c]","[c]","[c]"
"Leaver CS","2022","Declared disabled","Black","Wales","Isle of Anglesey","[c]","[c]","[c]","[c]"
"Leaver CS","2022","Declared disabled","Black","Wales","Monmouthshire and Newport","[c]","[c]","[c]","[c]"
"Leaver CS","2022","Declared disabled","Black","Wales","Powys","[c]","[c]","[c]","[c]"
"Leaver CS","2022","Declared disabled","Black","Wales","South West Wales","[c]","[c]","[c]","[c]"
"Leaver CS","2022","Declared disabled","Black","Wales","Swansea","[c]","[c]","[c]","[c]"
"Leaver CS","2022","Declared disabled","Black","West Midlands (England)","Birmingham","[c]","[c]","[c]","[c]"
"Leaver CS","2022","Declared disabled","Black","West Midlands (England)","Coventry","[c]","[c]","[c]","[c]"
"Leaver CS","2022","Declared disabled","Black","West Midlands (England)","Dudley","[c]","[c]","[c]","[c]"
"Leaver CS","2022","Declared disabled","Black","West Midlands (England)","Herefordshire, County of","[c]","[c]","[c]","[c]"
"Leaver CS","2022","Declared disabled","Black","West Midlands (England)","Sandwell","[c]","[c]","[c]","[c]"
"Leaver CS","2022","Declared disabled","Black","West Midlands (England)","Shropshire","[c]","[c]","[c]","[c]"
"Leaver CS","2022","Declared disabled","Black","West Midlands (England)","Solihull","[c]","[c]","[c]","[c]"
"Leaver CS","2022","Declared disabled","Black","West Midlands (England)","Staffordshire CC","[c]","[c]","[c]","[c]"
"Leaver CS","2022","Declared disabled","Black","West Midlands (England)","Stoke-on-Trent","[c]","[c]","[c]","[c]"
"Leaver CS","2022","Declared disabled","Black","West Midlands (England)","Telford and Wrekin","[c]","[c]","[c]","[c]"
"Leaver CS","2022","Declared disabled","Black","West Midlands (England)","Walsall","[c]","[c]","[c]","[c]"
"Leaver CS","2022","Declared disabled","Black","West Midlands (England)","Warwickshire CC","[c]","[c]","[c]","[c]"
"Leaver CS","2022","Declared disabled","Black","West Midlands (England)","Wolverhampton","[c]","[c]","[c]","[c]"
"Leaver CS","2022","Declared disabled","Black","West Midlands (England)","Worcestershire CC","[c]","[c]","[c]","[c]"
"Leaver CS","2022","Declared disabled","Black","Yorkshire and The Humber","Barnsley, Doncaster and Rotherham","[c]","[c]","[c]","[c]"
"Leaver CS","2022","Declared disabled","Black","Yorkshire and The Humber","Bradford","[c]","[c]","[c]","[c]"
"Leaver CS","2022","Declared disabled","Black","Yorkshire and The Humber","Calderdale and Kirklees","[c]","[c]","[c]","[c]"
"Leaver CS","2022","Declared disabled","Black","Yorkshire and The Humber","East Riding of Yorkshire","[c]","[c]","[c]","[c]"
"Leaver CS","2022","Declared disabled","Black","Yorkshire and The Humber","Kingston upon Hull, City of","[c]","[c]","[c]","[c]"
"Leaver CS","2022","Declared disabled","Black","Yorkshire and The Humber","Leeds","[c]","[c]","[c]","[c]"
"Leaver CS","2022","Declared disabled","Black","Yorkshire and The Humber","North and North East Lincolnshire","[c]","[c]","[c]","[c]"
"Leaver CS","2022","Declared disabled","Black","Yorkshire and The Humber","North Yorkshire CC","[c]","[c]","[c]","[c]"
"Leaver CS","2022","Declared disabled","Black","Yorkshire and The Humber","Sheffield","[c]","[c]","[c]","[c]"
"Leaver CS","2022","Declared disabled","Black","Yorkshire and The Humber","Wakefield","[c]","[c]","[c]","[c]"
"Leaver CS","2022","Declared disabled","Black","Yorkshire and The Humber","York","[c]","[c]","[c]","[c]"
"Leaver CS","2022","Declared disabled","Mixed","East Midlands (England)","Derby","[c]","[c]","[c]","[c]"
"Leaver CS","2022","Declared disabled","Mixed","East Midlands (England)","East Derbyshire","[c]","[c]","[c]","[c]"
"Leaver CS","2022","Declared disabled","Mixed","East Midlands (England)","Leicester","[c]","[c]","[c]","[c]"
"Leaver CS","2022","Declared disabled","Mixed","East Midlands (England)","Leicestershire CC and Rutland","[c]","[c]","[c]","[c]"
"Leaver CS","2022","Declared disabled","Mixed","East Midlands (England)","Lincolnshire CC","[c]","[c]","[c]","[c]"
"Leaver CS","2022","Declared disabled","Mixed","East Midlands (England)","North Northamptonshire","[c]","[c]","[c]","[c]"
"Leaver CS","2022","Declared disabled","Mixed","East Midlands (England)","North Nottinghamshire","[c]","[c]","[c]","[c]"
"Leaver CS","2022","Declared disabled","Mixed","East Midlands (England)","Nottingham","[c]","[c]","[c]","[c]"
"Leaver CS","2022","Declared disabled","Mixed","East Midlands (England)","South and West Derbyshire","[c]","[c]","[c]","[c]"
"Leaver CS","2022","Declared disabled","Mixed","East Midlands (England)","South Nottinghamshire","[c]","[c]","[c]","[c]"
"Leaver CS","2022","Declared disabled","Mixed","East Midlands (England)","West Northamptonshire","[c]","[c]","[c]","[c]"
"Leaver CS","2022","Declared disabled","Mixed","East of England","Bedford","[c]","[c]","[c]","[c]"
"Leaver CS","2022","Declared disabled","Mixed","East of England","Breckland and South Norfolk","[c]","[c]","[c]","[c]"
"Leaver CS","2022","Declared disabled","Mixed","East of England","Cambridgeshire CC","[c]","[c]","[c]","[c]"
"Leaver CS","2022","Declared disabled","Mixed","East of England","Central Bedfordshire","[c]","[c]","[c]","[c]"
"Leaver CS","2022","Declared disabled","Mixed","East of England","Essex Haven Gateway","[c]","[c]","[c]","[c]"
"Leaver CS","2022","Declared disabled","Mixed","East of England","Essex Thames Gateway","[c]","[c]","[c]","[c]"
"Leaver CS","2022","Declared disabled","Mixed","East of England","Heart of Essex","[c]","[c]","[c]","[c]"
"Leaver CS","2022","Declared disabled","Mixed","East of England","Hertfordshire CC","[c]","[c]","[c]","[c]"
"Leaver CS","2022","Declared disabled","Mixed","East of England","Luton","[c]","[c]","[c]","[c]"
"Leaver CS","2022","Declared disabled","Mixed","East of England","North and West Norfolk","[c]","[c]","[c]","[c]"
"Leaver CS","2022","Declared disabled","Mixed","East of England","Norwich and East Norfolk","[c]","[c]","[c]","[c]"
"Leaver CS","2022","Declared disabled","Mixed","East of England","Peterborough","[c]","[c]","[c]","[c]"
"Leaver CS","2022","Declared disabled","Mixed","East of England","Southend-on-Sea","[c]","[c]","[c]","[c]"
"Leaver CS","2022","Declared disabled","Mixed","East of England","Suffolk CC","[c]","[c]","[c]","[c]"
"Leaver CS","2022","Declared disabled","Mixed","East of England","Thurrock","[c]","[c]","[c]","[c]"
"Leaver CS","2022","Declared disabled","Mixed","East of England","West Essex","[c]","[c]","[c]","[c]"
"Leaver CS","2022","Declared disabled","Mixed","London","Barking & Dagenham and Havering","[c]","[c]","[c]","[c]"
"Leaver CS","2022","Declared disabled","Mixed","London","Barnet","[c]","[c]","[c]","[c]"
"Leaver CS","2022","Declared disabled","Mixed","London","Bexley and Greenwich","[c]","[c]","[c]","[c]"
"Leaver CS","2022","Declared disabled","Mixed","London","Brent","[c]","[c]","[c]","[c]"
"Leaver CS","2022","Declared disabled","Mixed","London","Bromley","[c]","[c]","[c]","[c]"
"Leaver CS","2022","Declared disabled","Mixed","London","Camden and City of London","[c]","[c]","[c]","[c]"
"Leaver CS","2022","Declared disabled","Mixed","London","Croydon","[c]","[c]","[c]","[c]"
"Leaver CS","2022","Declared disabled","Mixed","London","Ealing","[c]","[c]","[c]","[c]"
"Leaver CS","2022","Declared disabled","Mixed","London","Enfield","[c]","[c]","[c]","[c]"
"Leaver CS","2022","Declared disabled","Mixed","London","Hackney and Newham","[c]","[c]","[c]","[c]"
"Leaver CS","2022","Declared disabled","Mixed","London","Haringey and Islington","[c]","[c]","[c]","[c]"
"Leaver CS","2022","Declared disabled","Mixed","London","Harrow and Hillingdon","[c]","[c]","[c]","[c]"
"Leaver CS","2022","Declared disabled","Mixed","London","Hounslow and Richmond upon Thames","[c]","[c]","[c]","[c]"
"Leaver CS","2022","Declared disabled","Mixed","London","Kensington & Chelsea and Hammersmith & Fulham","[c]","[c]","[c]","[c]"
"Leaver CS","2022","Declared disabled","Mixed","London","Lambeth","5","[c]","[c]","[c]"
"Leaver CS","2022","Declared disabled","Mixed","London","Lewisham and Southwark","[c]","[c]","[c]","[c]"
"Leaver CS","2022","Declared disabled","Mixed","London","Merton, Kingston upon Thames and Sutton","[c]","[c]","[c]","[c]"
"Leaver CS","2022","Declared disabled","Mixed","London","Redbridge and Waltham Forest","[c]","[c]","[c]","[c]"
"Leaver CS","2022","Declared disabled","Mixed","London","Tower Hamlets","[c]","[c]","[c]","[c]"
"Leaver CS","2022","Declared disabled","Mixed","London","Wandsworth","[c]","[c]","[c]","[c]"
"Leaver CS","2022","Declared disabled","Mixed","London","Westminster","15","[c]","[c]","[c]"
"Leaver CS","2022","Declared disabled","Mixed","North East (England)","Darlington","[c]","[c]","[c]","[c]"
"Leaver CS","2022","Declared disabled","Mixed","North East (England)","Durham","[c]","[c]","[c]","[c]"
"Leaver CS","2022","Declared disabled","Mixed","North East (England)","Hartlepool and Stockton-on-Tees","[c]","[c]","[c]","[c]"
"Leaver CS","2022","Declared disabled","Mixed","North East (England)","Northumberland","[c]","[c]","[c]","[c]"
"Leaver CS","2022","Declared disabled","Mixed","North East (England)","South Teesside","[c]","[c]","[c]","[c]"
"Leaver CS","2022","Declared disabled","Mixed","North East (England)","Sunderland","[c]","[c]","[c]","[c]"
"Leaver CS","2022","Declared disabled","Mixed","North East (England)","Tyneside","[c]","[c]","[c]","[c]"
"Leaver CS","2022","Declared disabled","Mixed","North West (England)","Blackburn with Darwen","[c]","[c]","[c]","[c]"
"Leaver CS","2022","Declared disabled","Mixed","North West (England)","Blackpool","[c]","[c]","[c]","[c]"
"Leaver CS","2022","Declared disabled","Mixed","North West (England)","Cheshire East","[c]","[c]","[c]","[c]"
"Leaver CS","2022","Declared disabled","Mixed","North West (England)","Cheshire West and Chester","[c]","[c]","[c]","[c]"
"Leaver CS","2022","Declared disabled","Mixed","North West (England)","Chorley and West Lancashire","[c]","[c]","[c]","[c]"
"Leaver CS","2022","Declared disabled","Mixed","North West (England)","East Cumbria","[c]","[c]","[c]","[c]"
"Leaver CS","2022","Declared disabled","Mixed","North West (England)","East Lancashire","[c]","[c]","[c]","[c]"
"Leaver CS","2022","Declared disabled","Mixed","North West (England)","East Merseyside","[c]","[c]","[c]","[c]"
"Leaver CS","2022","Declared disabled","Mixed","North West (England)","Greater Manchester North East","[c]","[c]","[c]","[c]"
"Leaver CS","2022","Declared disabled","Mixed","North West (England)","Greater Manchester North West","[c]","[c]","[c]","[c]"
"Leaver CS","2022","Declared disabled","Mixed","North West (England)","Greater Manchester South East","[c]","[c]","[c]","[c]"
"Leaver CS","2022","Declared disabled","Mixed","North West (England)","Greater Manchester South West","[c]","[c]","[c]","[c]"
"Leaver CS","2022","Declared disabled","Mixed","North West (England)","Lancaster and Wyre","[c]","[c]","[c]","[c]"
"Leaver CS","2022","Declared disabled","Mixed","North West (England)","Liverpool","[c]","[c]","[c]","[c]"
"Leaver CS","2022","Declared disabled","Mixed","North West (England)","Manchester","[c]","[c]","[c]","[c]"
"Leaver CS","2022","Declared disabled","Mixed","North West (England)","Mid Lancashire","[c]","[c]","[c]","[c]"
"Leaver CS","2022","Declared disabled","Mixed","North West (England)","Sefton","[c]","[c]","[c]","[c]"
"Leaver CS","2022","Declared disabled","Mixed","North West (England)","Warrington","[c]","[c]","[c]","[c]"
"Leaver CS","2022","Declared disabled","Mixed","North West (England)","West Cumbria","[c]","[c]","[c]","[c]"
"Leaver CS","2022","Declared disabled","Mixed","North West (England)","Wirral","[c]","[c]","[c]","[c]"
"Leaver CS","2022","Declared disabled","Mixed","Northern Ireland","Antrim and Newtownabbey","[c]","[c]","[c]","[c]"
"Leaver CS","2022","Declared disabled","Mixed","Northern Ireland","Ards and North Down","[c]","[c]","[c]","[c]"
"Leaver CS","2022","Declared disabled","Mixed","Northern Ireland","Belfast","[c]","[c]","[c]","[c]"
"Leaver CS","2022","Declared disabled","Mixed","Northern Ireland","Causeway Coast and Glens","[c]","[c]","[c]","[c]"
"Leaver CS","2022","Declared disabled","Mixed","Northern Ireland","Derry City and Strabane","[c]","[c]","[c]","[c]"
"Leaver CS","2022","Declared disabled","Mixed","Northern Ireland","Fermanagh and Omagh","[c]","[c]","[c]","[c]"
"Leaver CS","2022","Declared disabled","Mixed","Northern Ireland","Lisburn and Castlereagh","[c]","[c]","[c]","[c]"
"Leaver CS","2022","Declared disabled","Mixed","Northern Ireland","Mid and East Antrim","[c]","[c]","[c]","[c]"
"Leaver CS","2022","Declared disabled","Mixed","Northern Ireland","Newry, Mourne and Down","[c]","[c]","[c]","[c]"
"Leaver CS","2022","Declared disabled","Mixed","Overseas","Overseas","[c]","[c]","[c]","[c]"
"Leaver CS","2022","Declared disabled","Mixed","Scotland","Aberdeen City and Aberdeenshire","[c]","[c]","[c]","[c]"
"Leaver CS","2022","Declared disabled","Mixed","Scotland","Angus and Dundee City","[c]","[c]","[c]","[c]"
"Leaver CS","2022","Declared disabled","Mixed","Scotland","Caithness and Sutherland, and Ross and Cromarty","[c]","[c]","[c]","[c]"
"Leaver CS","2022","Declared disabled","Mixed","Scotland","City of Edinburgh","[c]","[c]","[c]","[c]"
"Leaver CS","2022","Declared disabled","Mixed","Scotland","Clackmannanshire and Fife","[c]","[c]","[c]","[c]"
"Leaver CS","2022","Declared disabled","Mixed","Scotland","Dumfries and Galloway","[c]","[c]","[c]","[c]"
"Leaver CS","2022","Declared disabled","Mixed","Scotland","East Ayrshire and North Ayrshire mainland","[c]","[c]","[c]","[c]"
"Leaver CS","2022","Declared disabled","Mixed","Scotland","East Dunbartonshire, West Dunbartonshire, and Helensburgh and Lomond","[c]","[c]","[c]","[c]"
"Leaver CS","2022","Declared disabled","Mixed","Scotland","East Lothian and Midlothian","[c]","[c]","[c]","[c]"
"Leaver CS","2022","Declared disabled","Mixed","Scotland","Falkirk","[c]","[c]","[c]","[c]"
"Leaver CS","2022","Declared disabled","Mixed","Scotland","Glasgow City","[c]","[c]","[c]","[c]"
"Leaver CS","2022","Declared disabled","Mixed","Scotland","Inverclyde, East Renfrewshire, and Renfrewshire","[c]","[c]","[c]","[c]"
"Leaver CS","2022","Declared disabled","Mixed","Scotland","Inverness and Nairn, Moray, and Badenoch and Strathspey","[c]","[c]","[c]","[c]"
"Leaver CS","2022","Declared disabled","Mixed","Scotland","Lochaber, Skye and Lochalsh, Arran and Cumbrae, and Argyll and Bute","[c]","[c]","[c]","[c]"
"Leaver CS","2022","Declared disabled","Mixed","Scotland","Na h-Eileanan Siar","[c]","[c]","[c]","[c]"
"Leaver CS","2022","Declared disabled","Mixed","Scotland","North Lanarkshire","[c]","[c]","[c]","[c]"
"Leaver CS","2022","Declared disabled","Mixed","Scotland","Orkney Islands","[c]","[c]","[c]","[c]"
"Leaver CS","2022","Declared disabled","Mixed","Scotland","Perth and Kinross, and Stirling","[c]","[c]","[c]","[c]"
"Leaver CS","2022","Declared disabled","Mixed","Scotland","Scottish Borders","[c]","[c]","[c]","[c]"
"Leaver CS","2022","Declared disabled","Mixed","Scotland","Shetland Islands","[c]","[c]","[c]","[c]"
"Leaver CS","2022","Declared disabled","Mixed","Scotland","South Ayrshire","[c]","[c]","[c]","[c]"
"Leaver CS","2022","Declared disabled","Mixed","Scotland","South Lanarkshire","[c]","[c]","[c]","[c]"
"Leaver CS","2022","Declared disabled","Mixed","Scotland","West Lothian","[c]","[c]","[c]","[c]"
"Leaver CS","2022","Declared disabled","Mixed","South East (England)","Berkshire","[c]","[c]","[c]","[c]"
"Leaver CS","2022","Declared disabled","Mixed","South East (England)","Brighton and Hove","[c]","[c]","[c]","[c]"
"Leaver CS","2022","Declared disabled","Mixed","South East (England)","Buckinghamshire","[c]","[c]","[c]","[c]"
"Leaver CS","2022","Declared disabled","Mixed","South East (England)","Central Hampshire","[c]","[c]","[c]","[c]"
"Leaver CS","2022","Declared disabled","Mixed","South East (England)","East Kent","[c]","[c]","[c]","[c]"
"Leaver CS","2022","Declared disabled","Mixed","South East (England)","East Surrey","[c]","[c]","[c]","[c]"
"Leaver CS","2022","Declared disabled","Mixed","South East (England)","East Sussex CC","[c]","[c]","[c]","[c]"
"Leaver CS","2022","Declared disabled","Mixed","South East (England)","Isle of Wight","[c]","[c]","[c]","[c]"
"Leaver CS","2022","Declared disabled","Mixed","South East (England)","Kent Thames Gateway","[c]","[c]","[c]","[c]"
"Leaver CS","2022","Declared disabled","Mixed","South East (England)","Medway","[c]","[c]","[c]","[c]"
"Leaver CS","2022","Declared disabled","Mixed","South East (England)","Mid Kent","[c]","[c]","[c]","[c]"
"Leaver CS","2022","Declared disabled","Mixed","South East (England)","Milton Keynes","[c]","[c]","[c]","[c]"
"Leaver CS","2022","Declared disabled","Mixed","South East (England)","North Hampshire","[c]","[c]","[c]","[c]"
"Leaver CS","2022","Declared disabled","Mixed","South East (England)","Oxfordshire CC","[c]","[c]","[c]","[c]"
"Leaver CS","2022","Declared disabled","Mixed","South East (England)","Portsmouth","[c]","[c]","[c]","[c]"
"Leaver CS","2022","Declared disabled","Mixed","South East (England)","South Hampshire","[c]","[c]","[c]","[c]"
"Leaver CS","2022","Declared disabled","Mixed","South East (England)","Southampton","[c]","[c]","[c]","[c]"
"Leaver CS","2022","Declared disabled","Mixed","South East (England)","West Kent","[c]","[c]","[c]","[c]"
"Leaver CS","2022","Declared disabled","Mixed","South East (England)","West Surrey","[c]","[c]","[c]","[c]"
"Leaver CS","2022","Declared disabled","Mixed","South East (England)","West Sussex (North East)","[c]","[c]","[c]","[c]"
"Leaver CS","2022","Declared disabled","Mixed","South East (England)","West Sussex (South West)","[c]","[c]","[c]","[c]"
"Leaver CS","2022","Declared disabled","Mixed","South West (England)","Bath and North East Somerset, North Somerset and South Gloucestershire","5","[c]","[c]","[c]"
"Leaver CS","2022","Declared disabled","Mixed","South West (England)","Bournemouth, Christchurch and Poole","[c]","[c]","[c]","[c]"
"Leaver CS","2022","Declared disabled","Mixed","South West (England)","Bristol, City of","5","[c]","[c]","[c]"
"Leaver CS","2022","Declared disabled","Mixed","South West (England)","Cornwall and Isles of Scilly","[c]","[c]","[c]","[c]"
"Leaver CS","2022","Declared disabled","Mixed","South West (England)","Devon CC","[c]","[c]","[c]","[c]"
"Leaver CS","2022","Declared disabled","Mixed","South West (England)","Dorset","[c]","[c]","[c]","[c]"
"Leaver CS","2022","Declared disabled","Mixed","South West (England)","Gloucestershire CC","[c]","[c]","[c]","[c]"
"Leaver CS","2022","Declared disabled","Mixed","South West (England)","Plymouth","[c]","[c]","[c]","[c]"
"Leaver CS","2022","Declared disabled","Mixed","South West (England)","Somerset CC","[c]","[c]","[c]","[c]"
"Leaver CS","2022","Declared disabled","Mixed","South West (England)","Swindon","[c]","[c]","[c]","[c]"
"Leaver CS","2022","Declared disabled","Mixed","South West (England)","Torbay","[c]","[c]","[c]","[c]"
"Leaver CS","2022","Declared disabled","Mixed","South West (England)","Wiltshire","[c]","[c]","[c]","[c]"
"Leaver CS","2022","Declared disabled","Mixed","Unknown","Unknown","[c]","[c]","[c]","[c]"
"Leaver CS","2022","Declared disabled","Mixed","Wales","Bridgend and Neath Port Talbot","[c]","[c]","[c]","[c]"
"Leaver CS","2022","Declared disabled","Mixed","Wales","Cardiff and Vale of Glamorgan","[c]","[c]","[c]","[c]"
"Leaver CS","2022","Declared disabled","Mixed","Wales","Central Valleys","[c]","[c]","[c]","[c]"
"Leaver CS","2022","Declared disabled","Mixed","Wales","Conwy and Denbighshire","[c]","[c]","[c]","[c]"
"Leaver CS","2022","Declared disabled","Mixed","Wales","Flintshire and Wrexham","[c]","[c]","[c]","[c]"
"Leaver CS","2022","Declared disabled","Mixed","Wales","Gwent Valleys","[c]","[c]","[c]","[c]"
"Leaver CS","2022","Declared disabled","Mixed","Wales","Gwynedd","[c]","[c]","[c]","[c]"
"Leaver CS","2022","Declared disabled","Mixed","Wales","Isle of Anglesey","[c]","[c]","[c]","[c]"
"Leaver CS","2022","Declared disabled","Mixed","Wales","Monmouthshire and Newport","[c]","[c]","[c]","[c]"
"Leaver CS","2022","Declared disabled","Mixed","Wales","Powys","[c]","[c]","[c]","[c]"
"Leaver CS","2022","Declared disabled","Mixed","Wales","South West Wales","[c]","[c]","[c]","[c]"
"Leaver CS","2022","Declared disabled","Mixed","Wales","Swansea","[c]","[c]","[c]","[c]"
"Leaver CS","2022","Declared disabled","Mixed","West Midlands (England)","Birmingham","[c]","[c]","[c]","[c]"
"Leaver CS","2022","Declared disabled","Mixed","West Midlands (England)","Coventry","[c]","[c]","[c]","[c]"
"Leaver CS","2022","Declared disabled","Mixed","West Midlands (England)","Dudley","[c]","[c]","[c]","[c]"
"Leaver CS","2022","Declared disabled","Mixed","West Midlands (England)","Herefordshire, County of","[c]","[c]","[c]","[c]"
"Leaver CS","2022","Declared disabled","Mixed","West Midlands (England)","Sandwell","[c]","[c]","[c]","[c]"
"Leaver CS","2022","Declared disabled","Mixed","West Midlands (England)","Shropshire","[c]","[c]","[c]","[c]"
"Leaver CS","2022","Declared disabled","Mixed","West Midlands (England)","Solihull","[c]","[c]","[c]","[c]"
"Leaver CS","2022","Declared disabled","Mixed","West Midlands (England)","Staffordshire CC","[c]","[c]","[c]","[c]"
"Leaver CS","2022","Declared disabled","Mixed","West Midlands (England)","Stoke-on-Trent","[c]","[c]","[c]","[c]"
"Leaver CS","2022","Declared disabled","Mixed","West Midlands (England)","Telford and Wrekin","[c]","[c]","[c]","[c]"
"Leaver CS","2022","Declared disabled","Mixed","West Midlands (England)","Walsall","[c]","[c]","[c]","[c]"
"Leaver CS","2022","Declared disabled","Mixed","West Midlands (England)","Warwickshire CC","[c]","[c]","[c]","[c]"
"Leaver CS","2022","Declared disabled","Mixed","West Midlands (England)","Wolverhampton","[c]","[c]","[c]","[c]"
"Leaver CS","2022","Declared disabled","Mixed","West Midlands (England)","Worcestershire CC","[c]","[c]","[c]","[c]"
"Leaver CS","2022","Declared disabled","Mixed","Yorkshire and The Humber","Barnsley, Doncaster and Rotherham","[c]","[c]","[c]","[c]"
"Leaver CS","2022","Declared disabled","Mixed","Yorkshire and The Humber","Bradford","[c]","[c]","[c]","[c]"
"Leaver CS","2022","Declared disabled","Mixed","Yorkshire and The Humber","Calderdale and Kirklees","[c]","[c]","[c]","[c]"
"Leaver CS","2022","Declared disabled","Mixed","Yorkshire and The Humber","East Riding of Yorkshire","[c]","[c]","[c]","[c]"
"Leaver CS","2022","Declared disabled","Mixed","Yorkshire and The Humber","Kingston upon Hull, City of","[c]","[c]","[c]","[c]"
"Leaver CS","2022","Declared disabled","Mixed","Yorkshire and The Humber","Leeds","[c]","[c]","[c]","[c]"
"Leaver CS","2022","Declared disabled","Mixed","Yorkshire and The Humber","North and North East Lincolnshire","[c]","[c]","[c]","[c]"
"Leaver CS","2022","Declared disabled","Mixed","Yorkshire and The Humber","North Yorkshire CC","[c]","[c]","[c]","[c]"
"Leaver CS","2022","Declared disabled","Mixed","Yorkshire and The Humber","Sheffield","[c]","[c]","[c]","[c]"
"Leaver CS","2022","Declared disabled","Mixed","Yorkshire and The Humber","Wakefield","[c]","[c]","[c]","[c]"
"Leaver CS","2022","Declared disabled","Mixed","Yorkshire and The Humber","York","[c]","[c]","[c]","[c]"
"Leaver CS","2022","Declared disabled","Other ethnicity","East Midlands (England)","Derby","[c]","[c]","[c]","[c]"
"Leaver CS","2022","Declared disabled","Other ethnicity","East Midlands (England)","East Derbyshire","[c]","[c]","[c]","[c]"
"Leaver CS","2022","Declared disabled","Other ethnicity","East Midlands (England)","Leicester","[c]","[c]","[c]","[c]"
"Leaver CS","2022","Declared disabled","Other ethnicity","East Midlands (England)","Leicestershire CC and Rutland","[c]","[c]","[c]","[c]"
"Leaver CS","2022","Declared disabled","Other ethnicity","East Midlands (England)","Lincolnshire CC","[c]","[c]","[c]","[c]"
"Leaver CS","2022","Declared disabled","Other ethnicity","East Midlands (England)","North Northamptonshire","[c]","[c]","[c]","[c]"
"Leaver CS","2022","Declared disabled","Other ethnicity","East Midlands (England)","North Nottinghamshire","[c]","[c]","[c]","[c]"
"Leaver CS","2022","Declared disabled","Other ethnicity","East Midlands (England)","Nottingham","[c]","[c]","[c]","[c]"
"Leaver CS","2022","Declared disabled","Other ethnicity","East Midlands (England)","South and West Derbyshire","[c]","[c]","[c]","[c]"
"Leaver CS","2022","Declared disabled","Other ethnicity","East Midlands (England)","South Nottinghamshire","[c]","[c]","[c]","[c]"
"Leaver CS","2022","Declared disabled","Other ethnicity","East Midlands (England)","West Northamptonshire","[c]","[c]","[c]","[c]"
"Leaver CS","2022","Declared disabled","Other ethnicity","East of England","Bedford","[c]","[c]","[c]","[c]"
"Leaver CS","2022","Declared disabled","Other ethnicity","East of England","Breckland and South Norfolk","[c]","[c]","[c]","[c]"
"Leaver CS","2022","Declared disabled","Other ethnicity","East of England","Cambridgeshire CC","[c]","[c]","[c]","[c]"
"Leaver CS","2022","Declared disabled","Other ethnicity","East of England","Central Bedfordshire","[c]","[c]","[c]","[c]"
"Leaver CS","2022","Declared disabled","Other ethnicity","East of England","Essex Haven Gateway","[c]","[c]","[c]","[c]"
"Leaver CS","2022","Declared disabled","Other ethnicity","East of England","Essex Thames Gateway","[c]","[c]","[c]","[c]"
"Leaver CS","2022","Declared disabled","Other ethnicity","East of England","Heart of Essex","[c]","[c]","[c]","[c]"
"Leaver CS","2022","Declared disabled","Other ethnicity","East of England","Hertfordshire CC","[c]","[c]","[c]","[c]"
"Leaver CS","2022","Declared disabled","Other ethnicity","East of England","Luton","[c]","[c]","[c]","[c]"
"Leaver CS","2022","Declared disabled","Other ethnicity","East of England","North and West Norfolk","[c]","[c]","[c]","[c]"
"Leaver CS","2022","Declared disabled","Other ethnicity","East of England","Norwich and East Norfolk","[c]","[c]","[c]","[c]"
"Leaver CS","2022","Declared disabled","Other ethnicity","East of England","Peterborough","[c]","[c]","[c]","[c]"
"Leaver CS","2022","Declared disabled","Other ethnicity","East of England","Southend-on-Sea","[c]","[c]","[c]","[c]"
"Leaver CS","2022","Declared disabled","Other ethnicity","East of England","Suffolk CC","[c]","[c]","[c]","[c]"
"Leaver CS","2022","Declared disabled","Other ethnicity","East of England","Thurrock","[c]","[c]","[c]","[c]"
"Leaver CS","2022","Declared disabled","Other ethnicity","East of England","West Essex","[c]","[c]","[c]","[c]"
"Leaver CS","2022","Declared disabled","Other ethnicity","London","Barking & Dagenham and Havering","[c]","[c]","[c]","[c]"
"Leaver CS","2022","Declared disabled","Other ethnicity","London","Barnet","[c]","[c]","[c]","[c]"
"Leaver CS","2022","Declared disabled","Other ethnicity","London","Bexley and Greenwich","[c]","[c]","[c]","[c]"
"Leaver CS","2022","Declared disabled","Other ethnicity","London","Brent","[c]","[c]","[c]","[c]"
"Leaver CS","2022","Declared disabled","Other ethnicity","London","Bromley","[c]","[c]","[c]","[c]"
"Leaver CS","2022","Declared disabled","Other ethnicity","London","Camden and City of London","[c]","[c]","[c]","[c]"
"Leaver CS","2022","Declared disabled","Other ethnicity","London","Croydon","[c]","[c]","[c]","[c]"
"Leaver CS","2022","Declared disabled","Other ethnicity","London","Ealing","[c]","[c]","[c]","[c]"
"Leaver CS","2022","Declared disabled","Other ethnicity","London","Enfield","[c]","[c]","[c]","[c]"
"Leaver CS","2022","Declared disabled","Other ethnicity","London","Hackney and Newham","[c]","[c]","[c]","[c]"
"Leaver CS","2022","Declared disabled","Other ethnicity","London","Haringey and Islington","[c]","[c]","[c]","[c]"
"Leaver CS","2022","Declared disabled","Other ethnicity","London","Harrow and Hillingdon","[c]","[c]","[c]","[c]"
"Leaver CS","2022","Declared disabled","Other ethnicity","London","Hounslow and Richmond upon Thames","[c]","[c]","[c]","[c]"
"Leaver CS","2022","Declared disabled","Other ethnicity","London","Kensington & Chelsea and Hammersmith & Fulham","[c]","[c]","[c]","[c]"
"Leaver CS","2022","Declared disabled","Other ethnicity","London","Lambeth","[c]","[c]","[c]","[c]"
"Leaver CS","2022","Declared disabled","Other ethnicity","London","Lewisham and Southwark","[c]","[c]","[c]","[c]"
"Leaver CS","2022","Declared disabled","Other ethnicity","London","Merton, Kingston upon Thames and Sutton","[c]","[c]","[c]","[c]"
"Leaver CS","2022","Declared disabled","Other ethnicity","London","Redbridge and Waltham Forest","[c]","[c]","[c]","[c]"
"Leaver CS","2022","Declared disabled","Other ethnicity","London","Tower Hamlets","[c]","[c]","[c]","[c]"
"Leaver CS","2022","Declared disabled","Other ethnicity","London","Wandsworth","[c]","[c]","[c]","[c]"
"Leaver CS","2022","Declared disabled","Other ethnicity","London","Westminster","10","[c]","[c]","[c]"
"Leaver CS","2022","Declared disabled","Other ethnicity","North East (England)","Darlington","[c]","[c]","[c]","[c]"
"Leaver CS","2022","Declared disabled","Other ethnicity","North East (England)","Durham","[c]","[c]","[c]","[c]"
"Leaver CS","2022","Declared disabled","Other ethnicity","North East (England)","Hartlepool and Stockton-on-Tees","[c]","[c]","[c]","[c]"
"Leaver CS","2022","Declared disabled","Other ethnicity","North East (England)","Northumberland","[c]","[c]","[c]","[c]"
"Leaver CS","2022","Declared disabled","Other ethnicity","North East (England)","South Teesside","[c]","[c]","[c]","[c]"
"Leaver CS","2022","Declared disabled","Other ethnicity","North East (England)","Sunderland","[c]","[c]","[c]","[c]"
"Leaver CS","2022","Declared disabled","Other ethnicity","North East (England)","Tyneside","[c]","[c]","[c]","[c]"
"Leaver CS","2022","Declared disabled","Other ethnicity","North West (England)","Blackburn with Darwen","[c]","[c]","[c]","[c]"
"Leaver CS","2022","Declared disabled","Other ethnicity","North West (England)","Blackpool","[c]","[c]","[c]","[c]"
"Leaver CS","2022","Declared disabled","Other ethnicity","North West (England)","Cheshire East","[c]","[c]","[c]","[c]"
"Leaver CS","2022","Declared disabled","Other ethnicity","North West (England)","Cheshire West and Chester","[c]","[c]","[c]","[c]"
"Leaver CS","2022","Declared disabled","Other ethnicity","North West (England)","Chorley and West Lancashire","[c]","[c]","[c]","[c]"
"Leaver CS","2022","Declared disabled","Other ethnicity","North West (England)","East Cumbria","[c]","[c]","[c]","[c]"
"Leaver CS","2022","Declared disabled","Other ethnicity","North West (England)","East Lancashire","[c]","[c]","[c]","[c]"
"Leaver CS","2022","Declared disabled","Other ethnicity","North West (England)","East Merseyside","[c]","[c]","[c]","[c]"
"Leaver CS","2022","Declared disabled","Other ethnicity","North West (England)","Greater Manchester North East","[c]","[c]","[c]","[c]"
"Leaver CS","2022","Declared disabled","Other ethnicity","North West (England)","Greater Manchester North West","[c]","[c]","[c]","[c]"
"Leaver CS","2022","Declared disabled","Other ethnicity","North West (England)","Greater Manchester South East","[c]","[c]","[c]","[c]"
"Leaver CS","2022","Declared disabled","Other ethnicity","North West (England)","Greater Manchester South West","[c]","[c]","[c]","[c]"
"Leaver CS","2022","Declared disabled","Other ethnicity","North West (England)","Lancaster and Wyre","[c]","[c]","[c]","[c]"
"Leaver CS","2022","Declared disabled","Other ethnicity","North West (England)","Liverpool","[c]","[c]","[c]","[c]"
"Leaver CS","2022","Declared disabled","Other ethnicity","North West (England)","Manchester","[c]","[c]","[c]","[c]"
"Leaver CS","2022","Declared disabled","Other ethnicity","North West (England)","Mid Lancashire","[c]","[c]","[c]","[c]"
"Leaver CS","2022","Declared disabled","Other ethnicity","North West (England)","Sefton","[c]","[c]","[c]","[c]"
"Leaver CS","2022","Declared disabled","Other ethnicity","North West (England)","Warrington","[c]","[c]","[c]","[c]"
"Leaver CS","2022","Declared disabled","Other ethnicity","North West (England)","West Cumbria","[c]","[c]","[c]","[c]"
"Leaver CS","2022","Declared disabled","Other ethnicity","North West (England)","Wirral","[c]","[c]","[c]","[c]"
"Leaver CS","2022","Declared disabled","Other ethnicity","Northern Ireland","Antrim and Newtownabbey","[c]","[c]","[c]","[c]"
"Leaver CS","2022","Declared disabled","Other ethnicity","Northern Ireland","Ards and North Down","[c]","[c]","[c]","[c]"
"Leaver CS","2022","Declared disabled","Other ethnicity","Northern Ireland","Belfast","[c]","[c]","[c]","[c]"
"Leaver CS","2022","Declared disabled","Other ethnicity","Northern Ireland","Causeway Coast and Glens","[c]","[c]","[c]","[c]"
"Leaver CS","2022","Declared disabled","Other ethnicity","Northern Ireland","Derry City and Strabane","[c]","[c]","[c]","[c]"
"Leaver CS","2022","Declared disabled","Other ethnicity","Northern Ireland","Fermanagh and Omagh","[c]","[c]","[c]","[c]"
"Leaver CS","2022","Declared disabled","Other ethnicity","Northern Ireland","Lisburn and Castlereagh","[c]","[c]","[c]","[c]"
"Leaver CS","2022","Declared disabled","Other ethnicity","Northern Ireland","Mid and East Antrim","[c]","[c]","[c]","[c]"
"Leaver CS","2022","Declared disabled","Other ethnicity","Northern Ireland","Newry, Mourne and Down","[c]","[c]","[c]","[c]"
"Leaver CS","2022","Declared disabled","Other ethnicity","Overseas","Overseas","[c]","[c]","[c]","[c]"
"Leaver CS","2022","Declared disabled","Other ethnicity","Scotland","Aberdeen City and Aberdeenshire","[c]","[c]","[c]","[c]"
"Leaver CS","2022","Declared disabled","Other ethnicity","Scotland","Angus and Dundee City","[c]","[c]","[c]","[c]"
"Leaver CS","2022","Declared disabled","Other ethnicity","Scotland","Caithness and Sutherland, and Ross and Cromarty","[c]","[c]","[c]","[c]"
"Leaver CS","2022","Declared disabled","Other ethnicity","Scotland","City of Edinburgh","[c]","[c]","[c]","[c]"
"Leaver CS","2022","Declared disabled","Other ethnicity","Scotland","Clackmannanshire and Fife","[c]","[c]","[c]","[c]"
"Leaver CS","2022","Declared disabled","Other ethnicity","Scotland","Dumfries and Galloway","[c]","[c]","[c]","[c]"
"Leaver CS","2022","Declared disabled","Other ethnicity","Scotland","East Ayrshire and North Ayrshire mainland","[c]","[c]","[c]","[c]"
"Leaver CS","2022","Declared disabled","Other ethnicity","Scotland","East Dunbartonshire, West Dunbartonshire, and Helensburgh and Lomond","[c]","[c]","[c]","[c]"
"Leaver CS","2022","Declared disabled","Other ethnicity","Scotland","East Lothian and Midlothian","[c]","[c]","[c]","[c]"
"Leaver CS","2022","Declared disabled","Other ethnicity","Scotland","Falkirk","[c]","[c]","[c]","[c]"
"Leaver CS","2022","Declared disabled","Other ethnicity","Scotland","Glasgow City","[c]","[c]","[c]","[c]"
"Leaver CS","2022","Declared disabled","Other ethnicity","Scotland","Inverclyde, East Renfrewshire, and Renfrewshire","[c]","[c]","[c]","[c]"
"Leaver CS","2022","Declared disabled","Other ethnicity","Scotland","Inverness and Nairn, Moray, and Badenoch and Strathspey","[c]","[c]","[c]","[c]"
"Leaver CS","2022","Declared disabled","Other ethnicity","Scotland","Lochaber, Skye and Lochalsh, Arran and Cumbrae, and Argyll and Bute","[c]","[c]","[c]","[c]"
"Leaver CS","2022","Declared disabled","Other ethnicity","Scotland","Na h-Eileanan Siar","[c]","[c]","[c]","[c]"
"Leaver CS","2022","Declared disabled","Other ethnicity","Scotland","North Lanarkshire","[c]","[c]","[c]","[c]"
"Leaver CS","2022","Declared disabled","Other ethnicity","Scotland","Orkney Islands","[c]","[c]","[c]","[c]"
"Leaver CS","2022","Declared disabled","Other ethnicity","Scotland","Perth and Kinross, and Stirling","[c]","[c]","[c]","[c]"
"Leaver CS","2022","Declared disabled","Other ethnicity","Scotland","Scottish Borders","[c]","[c]","[c]","[c]"
"Leaver CS","2022","Declared disabled","Other ethnicity","Scotland","Shetland Islands","[c]","[c]","[c]","[c]"
"Leaver CS","2022","Declared disabled","Other ethnicity","Scotland","South Ayrshire","[c]","[c]","[c]","[c]"
"Leaver CS","2022","Declared disabled","Other ethnicity","Scotland","South Lanarkshire","[c]","[c]","[c]","[c]"
"Leaver CS","2022","Declared disabled","Other ethnicity","Scotland","West Lothian","[c]","[c]","[c]","[c]"
"Leaver CS","2022","Declared disabled","Other ethnicity","South East (England)","Berkshire","[c]","[c]","[c]","[c]"
"Leaver CS","2022","Declared disabled","Other ethnicity","South East (England)","Brighton and Hove","[c]","[c]","[c]","[c]"
"Leaver CS","2022","Declared disabled","Other ethnicity","South East (England)","Buckinghamshire","[c]","[c]","[c]","[c]"
"Leaver CS","2022","Declared disabled","Other ethnicity","South East (England)","Central Hampshire","[c]","[c]","[c]","[c]"
"Leaver CS","2022","Declared disabled","Other ethnicity","South East (England)","East Kent","[c]","[c]","[c]","[c]"
"Leaver CS","2022","Declared disabled","Other ethnicity","South East (England)","East Surrey","[c]","[c]","[c]","[c]"
"Leaver CS","2022","Declared disabled","Other ethnicity","South East (England)","East Sussex CC","[c]","[c]","[c]","[c]"
"Leaver CS","2022","Declared disabled","Other ethnicity","South East (England)","Isle of Wight","[c]","[c]","[c]","[c]"
"Leaver CS","2022","Declared disabled","Other ethnicity","South East (England)","Kent Thames Gateway","[c]","[c]","[c]","[c]"
"Leaver CS","2022","Declared disabled","Other ethnicity","South East (England)","Medway","[c]","[c]","[c]","[c]"
"Leaver CS","2022","Declared disabled","Other ethnicity","South East (England)","Mid Kent","[c]","[c]","[c]","[c]"
"Leaver CS","2022","Declared disabled","Other ethnicity","South East (England)","Milton Keynes","[c]","[c]","[c]","[c]"
"Leaver CS","2022","Declared disabled","Other ethnicity","South East (England)","North Hampshire","[c]","[c]","[c]","[c]"
"Leaver CS","2022","Declared disabled","Other ethnicity","South East (England)","Oxfordshire CC","[c]","[c]","[c]","[c]"
"Leaver CS","2022","Declared disabled","Other ethnicity","South East (England)","Portsmouth","[c]","[c]","[c]","[c]"
"Leaver CS","2022","Declared disabled","Other ethnicity","South East (England)","South Hampshire","[c]","[c]","[c]","[c]"
"Leaver CS","2022","Declared disabled","Other ethnicity","South East (England)","Southampton","[c]","[c]","[c]","[c]"
"Leaver CS","2022","Declared disabled","Other ethnicity","South East (England)","West Kent","[c]","[c]","[c]","[c]"
"Leaver CS","2022","Declared disabled","Other ethnicity","South East (England)","West Surrey","[c]","[c]","[c]","[c]"
"Leaver CS","2022","Declared disabled","Other ethnicity","South East (England)","West Sussex (North East)","[c]","[c]","[c]","[c]"
"Leaver CS","2022","Declared disabled","Other ethnicity","South East (England)","West Sussex (South West)","[c]","[c]","[c]","[c]"
"Leaver CS","2022","Declared disabled","Other ethnicity","South West (England)","Bath and North East Somerset, North Somerset and South Gloucestershire","[c]","[c]","[c]","[c]"
"Leaver CS","2022","Declared disabled","Other ethnicity","South West (England)","Bournemouth, Christchurch and Poole","[c]","[c]","[c]","[c]"
"Leaver CS","2022","Declared disabled","Other ethnicity","South West (England)","Bristol, City of","[c]","[c]","[c]","[c]"
"Leaver CS","2022","Declared disabled","Other ethnicity","South West (England)","Cornwall and Isles of Scilly","[c]","[c]","[c]","[c]"
"Leaver CS","2022","Declared disabled","Other ethnicity","South West (England)","Devon CC","[c]","[c]","[c]","[c]"
"Leaver CS","2022","Declared disabled","Other ethnicity","South West (England)","Dorset","[c]","[c]","[c]","[c]"
"Leaver CS","2022","Declared disabled","Other ethnicity","South West (England)","Gloucestershire CC","[c]","[c]","[c]","[c]"
"Leaver CS","2022","Declared disabled","Other ethnicity","South West (England)","Plymouth","[c]","[c]","[c]","[c]"
"Leaver CS","2022","Declared disabled","Other ethnicity","South West (England)","Somerset CC","[c]","[c]","[c]","[c]"
"Leaver CS","2022","Declared disabled","Other ethnicity","South West (England)","Swindon","[c]","[c]","[c]","[c]"
"Leaver CS","2022","Declared disabled","Other ethnicity","South West (England)","Torbay","[c]","[c]","[c]","[c]"
"Leaver CS","2022","Declared disabled","Other ethnicity","South West (England)","Wiltshire","[c]","[c]","[c]","[c]"
"Leaver CS","2022","Declared disabled","Other ethnicity","Unknown","Unknown","[c]","[c]","[c]","[c]"
"Leaver CS","2022","Declared disabled","Other ethnicity","Wales","Bridgend and Neath Port Talbot","[c]","[c]","[c]","[c]"
"Leaver CS","2022","Declared disabled","Other ethnicity","Wales","Cardiff and Vale of Glamorgan","[c]","[c]","[c]","[c]"
"Leaver CS","2022","Declared disabled","Other ethnicity","Wales","Central Valleys","[c]","[c]","[c]","[c]"
"Leaver CS","2022","Declared disabled","Other ethnicity","Wales","Conwy and Denbighshire","[c]","[c]","[c]","[c]"
"Leaver CS","2022","Declared disabled","Other ethnicity","Wales","Flintshire and Wrexham","[c]","[c]","[c]","[c]"
"Leaver CS","2022","Declared disabled","Other ethnicity","Wales","Gwent Valleys","[c]","[c]","[c]","[c]"
"Leaver CS","2022","Declared disabled","Other ethnicity","Wales","Gwynedd","[c]","[c]","[c]","[c]"
"Leaver CS","2022","Declared disabled","Other ethnicity","Wales","Isle of Anglesey","[c]","[c]","[c]","[c]"
"Leaver CS","2022","Declared disabled","Other ethnicity","Wales","Monmouthshire and Newport","[c]","[c]","[c]","[c]"
"Leaver CS","2022","Declared disabled","Other ethnicity","Wales","Powys","[c]","[c]","[c]","[c]"
"Leaver CS","2022","Declared disabled","Other ethnicity","Wales","South West Wales","[c]","[c]","[c]","[c]"
"Leaver CS","2022","Declared disabled","Other ethnicity","Wales","Swansea","[c]","[c]","[c]","[c]"
"Leaver CS","2022","Declared disabled","Other ethnicity","West Midlands (England)","Birmingham","[c]","[c]","[c]","[c]"
"Leaver CS","2022","Declared disabled","Other ethnicity","West Midlands (England)","Coventry","[c]","[c]","[c]","[c]"
"Leaver CS","2022","Declared disabled","Other ethnicity","West Midlands (England)","Dudley","[c]","[c]","[c]","[c]"
"Leaver CS","2022","Declared disabled","Other ethnicity","West Midlands (England)","Herefordshire, County of","[c]","[c]","[c]","[c]"
"Leaver CS","2022","Declared disabled","Other ethnicity","West Midlands (England)","Sandwell","[c]","[c]","[c]","[c]"
"Leaver CS","2022","Declared disabled","Other ethnicity","West Midlands (England)","Shropshire","[c]","[c]","[c]","[c]"
"Leaver CS","2022","Declared disabled","Other ethnicity","West Midlands (England)","Solihull","[c]","[c]","[c]","[c]"
"Leaver CS","2022","Declared disabled","Other ethnicity","West Midlands (England)","Staffordshire CC","[c]","[c]","[c]","[c]"
"Leaver CS","2022","Declared disabled","Other ethnicity","West Midlands (England)","Stoke-on-Trent","[c]","[c]","[c]","[c]"
"Leaver CS","2022","Declared disabled","Other ethnicity","West Midlands (England)","Telford and Wrekin","[c]","[c]","[c]","[c]"
"Leaver CS","2022","Declared disabled","Other ethnicity","West Midlands (England)","Walsall","[c]","[c]","[c]","[c]"
"Leaver CS","2022","Declared disabled","Other ethnicity","West Midlands (England)","Warwickshire CC","[c]","[c]","[c]","[c]"
"Leaver CS","2022","Declared disabled","Other ethnicity","West Midlands (England)","Wolverhampton","[c]","[c]","[c]","[c]"
"Leaver CS","2022","Declared disabled","Other ethnicity","West Midlands (England)","Worcestershire CC","[c]","[c]","[c]","[c]"
"Leaver CS","2022","Declared disabled","Other ethnicity","Yorkshire and The Humber","Barnsley, Doncaster and Rotherham","[c]","[c]","[c]","[c]"
"Leaver CS","2022","Declared disabled","Other ethnicity","Yorkshire and The Humber","Bradford","[c]","[c]","[c]","[c]"
"Leaver CS","2022","Declared disabled","Other ethnicity","Yorkshire and The Humber","Calderdale and Kirklees","[c]","[c]","[c]","[c]"
"Leaver CS","2022","Declared disabled","Other ethnicity","Yorkshire and The Humber","East Riding of Yorkshire","[c]","[c]","[c]","[c]"
"Leaver CS","2022","Declared disabled","Other ethnicity","Yorkshire and The Humber","Kingston upon Hull, City of","[c]","[c]","[c]","[c]"
"Leaver CS","2022","Declared disabled","Other ethnicity","Yorkshire and The Humber","Leeds","[c]","[c]","[c]","[c]"
"Leaver CS","2022","Declared disabled","Other ethnicity","Yorkshire and The Humber","North and North East Lincolnshire","[c]","[c]","[c]","[c]"
"Leaver CS","2022","Declared disabled","Other ethnicity","Yorkshire and The Humber","North Yorkshire CC","[c]","[c]","[c]","[c]"
"Leaver CS","2022","Declared disabled","Other ethnicity","Yorkshire and The Humber","Sheffield","[c]","[c]","[c]","[c]"
"Leaver CS","2022","Declared disabled","Other ethnicity","Yorkshire and The Humber","Wakefield","[c]","[c]","[c]","[c]"
"Leaver CS","2022","Declared disabled","Other ethnicity","Yorkshire and The Humber","York","[c]","[c]","[c]","[c]"
"Leaver CS","2022","Declared disabled","Undeclared","East Midlands (England)","Derby","[c]","[c]","[c]","[c]"
"Leaver CS","2022","Declared disabled","Undeclared","East Midlands (England)","East Derbyshire","[c]","[c]","[c]","[c]"
"Leaver CS","2022","Declared disabled","Undeclared","East Midlands (England)","Leicester","[c]","[c]","[c]","[c]"
"Leaver CS","2022","Declared disabled","Undeclared","East Midlands (England)","Leicestershire CC and Rutland","[c]","[c]","[c]","[c]"
"Leaver CS","2022","Declared disabled","Undeclared","East Midlands (England)","Lincolnshire CC","[c]","[c]","[c]","[c]"
"Leaver CS","2022","Declared disabled","Undeclared","East Midlands (England)","North Northamptonshire","[c]","[c]","[c]","[c]"
"Leaver CS","2022","Declared disabled","Undeclared","East Midlands (England)","North Nottinghamshire","[c]","[c]","[c]","[c]"
"Leaver CS","2022","Declared disabled","Undeclared","East Midlands (England)","Nottingham","[c]","[c]","[c]","[c]"
"Leaver CS","2022","Declared disabled","Undeclared","East Midlands (England)","South and West Derbyshire","[c]","[c]","[c]","[c]"
"Leaver CS","2022","Declared disabled","Undeclared","East Midlands (England)","South Nottinghamshire","[c]","[c]","[c]","[c]"
"Leaver CS","2022","Declared disabled","Undeclared","East Midlands (England)","West Northamptonshire","[c]","[c]","[c]","[c]"
"Leaver CS","2022","Declared disabled","Undeclared","East of England","Bedford","[c]","[c]","[c]","[c]"
"Leaver CS","2022","Declared disabled","Undeclared","East of England","Breckland and South Norfolk","[c]","[c]","[c]","[c]"
"Leaver CS","2022","Declared disabled","Undeclared","East of England","Cambridgeshire CC","[c]","[c]","[c]","[c]"
"Leaver CS","2022","Declared disabled","Undeclared","East of England","Central Bedfordshire","[c]","[c]","[c]","[c]"
"Leaver CS","2022","Declared disabled","Undeclared","East of England","Essex Haven Gateway","[c]","[c]","[c]","[c]"
"Leaver CS","2022","Declared disabled","Undeclared","East of England","Essex Thames Gateway","[c]","[c]","[c]","[c]"
"Leaver CS","2022","Declared disabled","Undeclared","East of England","Heart of Essex","[c]","[c]","[c]","[c]"
"Leaver CS","2022","Declared disabled","Undeclared","East of England","Hertfordshire CC","[c]","[c]","[c]","[c]"
"Leaver CS","2022","Declared disabled","Undeclared","East of England","Luton","[c]","[c]","[c]","[c]"
"Leaver CS","2022","Declared disabled","Undeclared","East of England","North and West Norfolk","[c]","[c]","[c]","[c]"
"Leaver CS","2022","Declared disabled","Undeclared","East of England","Norwich and East Norfolk","[c]","[c]","[c]","[c]"
"Leaver CS","2022","Declared disabled","Undeclared","East of England","Peterborough","[c]","[c]","[c]","[c]"
"Leaver CS","2022","Declared disabled","Undeclared","East of England","Southend-on-Sea","[c]","[c]","[c]","[c]"
"Leaver CS","2022","Declared disabled","Undeclared","East of England","Suffolk CC","[c]","[c]","[c]","[c]"
"Leaver CS","2022","Declared disabled","Undeclared","East of England","Thurrock","[c]","[c]","[c]","[c]"
"Leaver CS","2022","Declared disabled","Undeclared","East of England","West Essex","[c]","[c]","[c]","[c]"
"Leaver CS","2022","Declared disabled","Undeclared","London","Barking & Dagenham and Havering","[c]","[c]","[c]","[c]"
"Leaver CS","2022","Declared disabled","Undeclared","London","Barnet","[c]","[c]","[c]","[c]"
"Leaver CS","2022","Declared disabled","Undeclared","London","Bexley and Greenwich","[c]","[c]","[c]","[c]"
"Leaver CS","2022","Declared disabled","Undeclared","London","Brent","[c]","[c]","[c]","[c]"
"Leaver CS","2022","Declared disabled","Undeclared","London","Bromley","[c]","[c]","[c]","[c]"
"Leaver CS","2022","Declared disabled","Undeclared","London","Camden and City of London","[c]","[c]","[c]","[c]"
"Leaver CS","2022","Declared disabled","Undeclared","London","Croydon","5","[c]","[c]","[c]"
"Leaver CS","2022","Declared disabled","Undeclared","London","Ealing","[c]","[c]","[c]","[c]"
"Leaver CS","2022","Declared disabled","Undeclared","London","Enfield","[c]","[c]","[c]","[c]"
"Leaver CS","2022","Declared disabled","Undeclared","London","Hackney and Newham","[c]","[c]","[c]","[c]"
"Leaver CS","2022","Declared disabled","Undeclared","London","Haringey and Islington","[c]","[c]","[c]","[c]"
"Leaver CS","2022","Declared disabled","Undeclared","London","Harrow and Hillingdon","[c]","[c]","[c]","[c]"
"Leaver CS","2022","Declared disabled","Undeclared","London","Hounslow and Richmond upon Thames","[c]","[c]","[c]","[c]"
"Leaver CS","2022","Declared disabled","Undeclared","London","Kensington & Chelsea and Hammersmith & Fulham","[c]","[c]","[c]","[c]"
"Leaver CS","2022","Declared disabled","Undeclared","London","Lambeth","[c]","[c]","[c]","[c]"
"Leaver CS","2022","Declared disabled","Undeclared","London","Lewisham and Southwark","[c]","[c]","[c]","[c]"
"Leaver CS","2022","Declared disabled","Undeclared","London","Merton, Kingston upon Thames and Sutton","[c]","[c]","[c]","[c]"
"Leaver CS","2022","Declared disabled","Undeclared","London","Redbridge and Waltham Forest","[c]","[c]","[c]","[c]"
"Leaver CS","2022","Declared disabled","Undeclared","London","Tower Hamlets","[c]","[c]","[c]","[c]"
"Leaver CS","2022","Declared disabled","Undeclared","London","Wandsworth","[c]","[c]","[c]","[c]"
"Leaver CS","2022","Declared disabled","Undeclared","London","Westminster","15","[c]","[c]","[c]"
"Leaver CS","2022","Declared disabled","Undeclared","North East (England)","Darlington","[c]","[c]","[c]","[c]"
"Leaver CS","2022","Declared disabled","Undeclared","North East (England)","Durham","[c]","[c]","[c]","[c]"
"Leaver CS","2022","Declared disabled","Undeclared","North East (England)","Hartlepool and Stockton-on-Tees","[c]","[c]","[c]","[c]"
"Leaver CS","2022","Declared disabled","Undeclared","North East (England)","Northumberland","[c]","[c]","[c]","[c]"
"Leaver CS","2022","Declared disabled","Undeclared","North East (England)","South Teesside","[c]","[c]","[c]","[c]"
"Leaver CS","2022","Declared disabled","Undeclared","North East (England)","Sunderland","[c]","[c]","[c]","[c]"
"Leaver CS","2022","Declared disabled","Undeclared","North East (England)","Tyneside","10","[c]","[c]","[c]"
"Leaver CS","2022","Declared disabled","Undeclared","North West (England)","Blackburn with Darwen","[c]","[c]","[c]","[c]"
"Leaver CS","2022","Declared disabled","Undeclared","North West (England)","Blackpool","[c]","[c]","[c]","[c]"
"Leaver CS","2022","Declared disabled","Undeclared","North West (England)","Cheshire East","[c]","[c]","[c]","[c]"
"Leaver CS","2022","Declared disabled","Undeclared","North West (England)","Cheshire West and Chester","[c]","[c]","[c]","[c]"
"Leaver CS","2022","Declared disabled","Undeclared","North West (England)","Chorley and West Lancashire","[c]","[c]","[c]","[c]"
"Leaver CS","2022","Declared disabled","Undeclared","North West (England)","East Cumbria","[c]","[c]","[c]","[c]"
"Leaver CS","2022","Declared disabled","Undeclared","North West (England)","East Lancashire","[c]","[c]","[c]","[c]"
"Leaver CS","2022","Declared disabled","Undeclared","North West (England)","East Merseyside","[c]","[c]","[c]","[c]"
"Leaver CS","2022","Declared disabled","Undeclared","North West (England)","Greater Manchester North East","[c]","[c]","[c]","[c]"
"Leaver CS","2022","Declared disabled","Undeclared","North West (England)","Greater Manchester North West","[c]","[c]","[c]","[c]"
"Leaver CS","2022","Declared disabled","Undeclared","North West (England)","Greater Manchester South East","[c]","[c]","[c]","[c]"
"Leaver CS","2022","Declared disabled","Undeclared","North West (England)","Greater Manchester South West","[c]","[c]","[c]","[c]"
"Leaver CS","2022","Declared disabled","Undeclared","North West (England)","Lancaster and Wyre","[c]","[c]","[c]","[c]"
"Leaver CS","2022","Declared disabled","Undeclared","North West (England)","Liverpool","5","[c]","[c]","[c]"
"Leaver CS","2022","Declared disabled","Undeclared","North West (England)","Manchester","[c]","[c]","[c]","[c]"
"Leaver CS","2022","Declared disabled","Undeclared","North West (England)","Mid Lancashire","[c]","[c]","[c]","[c]"
"Leaver CS","2022","Declared disabled","Undeclared","North West (England)","Sefton","[c]","[c]","[c]","[c]"
"Leaver CS","2022","Declared disabled","Undeclared","North West (England)","Warrington","[c]","[c]","[c]","[c]"
"Leaver CS","2022","Declared disabled","Undeclared","North West (England)","West Cumbria","[c]","[c]","[c]","[c]"
"Leaver CS","2022","Declared disabled","Undeclared","North West (England)","Wirral","[c]","[c]","[c]","[c]"
"Leaver CS","2022","Declared disabled","Undeclared","Northern Ireland","Antrim and Newtownabbey","[c]","[c]","[c]","[c]"
"Leaver CS","2022","Declared disabled","Undeclared","Northern Ireland","Ards and North Down","[c]","[c]","[c]","[c]"
"Leaver CS","2022","Declared disabled","Undeclared","Northern Ireland","Belfast","[c]","[c]","[c]","[c]"
"Leaver CS","2022","Declared disabled","Undeclared","Northern Ireland","Causeway Coast and Glens","[c]","[c]","[c]","[c]"
"Leaver CS","2022","Declared disabled","Undeclared","Northern Ireland","Derry City and Strabane","[c]","[c]","[c]","[c]"
"Leaver CS","2022","Declared disabled","Undeclared","Northern Ireland","Fermanagh and Omagh","[c]","[c]","[c]","[c]"
"Leaver CS","2022","Declared disabled","Undeclared","Northern Ireland","Lisburn and Castlereagh","[c]","[c]","[c]","[c]"
"Leaver CS","2022","Declared disabled","Undeclared","Northern Ireland","Mid and East Antrim","[c]","[c]","[c]","[c]"
"Leaver CS","2022","Declared disabled","Undeclared","Northern Ireland","Newry, Mourne and Down","[c]","[c]","[c]","[c]"
"Leaver CS","2022","Declared disabled","Undeclared","Overseas","Overseas","[c]","[c]","[c]","[c]"
"Leaver CS","2022","Declared disabled","Undeclared","Scotland","Aberdeen City and Aberdeenshire","[c]","[c]","[c]","[c]"
"Leaver CS","2022","Declared disabled","Undeclared","Scotland","Angus and Dundee City","[c]","[c]","[c]","[c]"
"Leaver CS","2022","Declared disabled","Undeclared","Scotland","Caithness and Sutherland, and Ross and Cromarty","[c]","[c]","[c]","[c]"
"Leaver CS","2022","Declared disabled","Undeclared","Scotland","City of Edinburgh","[c]","[c]","[c]","[c]"
"Leaver CS","2022","Declared disabled","Undeclared","Scotland","Clackmannanshire and Fife","[c]","[c]","[c]","[c]"
"Leaver CS","2022","Declared disabled","Undeclared","Scotland","Dumfries and Galloway","[c]","[c]","[c]","[c]"
"Leaver CS","2022","Declared disabled","Undeclared","Scotland","East Ayrshire and North Ayrshire mainland","[c]","[c]","[c]","[c]"
"Leaver CS","2022","Declared disabled","Undeclared","Scotland","East Dunbartonshire, West Dunbartonshire, and Helensburgh and Lomond","[c]","[c]","[c]","[c]"
"Leaver CS","2022","Declared disabled","Undeclared","Scotland","East Lothian and Midlothian","[c]","[c]","[c]","[c]"
"Leaver CS","2022","Declared disabled","Undeclared","Scotland","Falkirk","[c]","[c]","[c]","[c]"
"Leaver CS","2022","Declared disabled","Undeclared","Scotland","Glasgow City","[c]","[c]","[c]","[c]"
"Leaver CS","2022","Declared disabled","Undeclared","Scotland","Inverclyde, East Renfrewshire, and Renfrewshire","[c]","[c]","[c]","[c]"
"Leaver CS","2022","Declared disabled","Undeclared","Scotland","Inverness and Nairn, Moray, and Badenoch and Strathspey","[c]","[c]","[c]","[c]"
"Leaver CS","2022","Declared disabled","Undeclared","Scotland","Lochaber, Skye and Lochalsh, Arran and Cumbrae, and Argyll and Bute","[c]","[c]","[c]","[c]"
"Leaver CS","2022","Declared disabled","Undeclared","Scotland","Na h-Eileanan Siar","[c]","[c]","[c]","[c]"
"Leaver CS","2022","Declared disabled","Undeclared","Scotland","North Lanarkshire","[c]","[c]","[c]","[c]"
"Leaver CS","2022","Declared disabled","Undeclared","Scotland","Orkney Islands","[c]","[c]","[c]","[c]"
"Leaver CS","2022","Declared disabled","Undeclared","Scotland","Perth and Kinross, and Stirling","[c]","[c]","[c]","[c]"
"Leaver CS","2022","Declared disabled","Undeclared","Scotland","Scottish Borders","[c]","[c]","[c]","[c]"
"Leaver CS","2022","Declared disabled","Undeclared","Scotland","Shetland Islands","[c]","[c]","[c]","[c]"
"Leaver CS","2022","Declared disabled","Undeclared","Scotland","South Ayrshire","[c]","[c]","[c]","[c]"
"Leaver CS","2022","Declared disabled","Undeclared","Scotland","South Lanarkshire","[c]","[c]","[c]","[c]"
"Leaver CS","2022","Declared disabled","Undeclared","Scotland","West Lothian","[c]","[c]","[c]","[c]"
"Leaver CS","2022","Declared disabled","Undeclared","South East (England)","Berkshire","[c]","[c]","[c]","[c]"
"Leaver CS","2022","Declared disabled","Undeclared","South East (England)","Brighton and Hove","[c]","[c]","[c]","[c]"
"Leaver CS","2022","Declared disabled","Undeclared","South East (England)","Buckinghamshire","[c]","[c]","[c]","[c]"
"Leaver CS","2022","Declared disabled","Undeclared","South East (England)","Central Hampshire","[c]","[c]","[c]","[c]"
"Leaver CS","2022","Declared disabled","Undeclared","South East (England)","East Kent","5","[c]","[c]","[c]"
"Leaver CS","2022","Declared disabled","Undeclared","South East (England)","East Surrey","[c]","[c]","[c]","[c]"
"Leaver CS","2022","Declared disabled","Undeclared","South East (England)","East Sussex CC","[c]","[c]","[c]","[c]"
"Leaver CS","2022","Declared disabled","Undeclared","South East (England)","Isle of Wight","[c]","[c]","[c]","[c]"
"Leaver CS","2022","Declared disabled","Undeclared","South East (England)","Kent Thames Gateway","[c]","[c]","[c]","[c]"
"Leaver CS","2022","Declared disabled","Undeclared","South East (England)","Medway","[c]","[c]","[c]","[c]"
"Leaver CS","2022","Declared disabled","Undeclared","South East (England)","Mid Kent","[c]","[c]","[c]","[c]"
"Leaver CS","2022","Declared disabled","Undeclared","South East (England)","Milton Keynes","[c]","[c]","[c]","[c]"
"Leaver CS","2022","Declared disabled","Undeclared","South East (England)","North Hampshire","[c]","[c]","[c]","[c]"
"Leaver CS","2022","Declared disabled","Undeclared","South East (England)","Oxfordshire CC","[c]","[c]","[c]","[c]"
"Leaver CS","2022","Declared disabled","Undeclared","South East (England)","Portsmouth","[c]","[c]","[c]","[c]"
"Leaver CS","2022","Declared disabled","Undeclared","South East (England)","South Hampshire","[c]","[c]","[c]","[c]"
"Leaver CS","2022","Declared disabled","Undeclared","South East (England)","Southampton","[c]","[c]","[c]","[c]"
"Leaver CS","2022","Declared disabled","Undeclared","South East (England)","West Kent","[c]","[c]","[c]","[c]"
"Leaver CS","2022","Declared disabled","Undeclared","South East (England)","West Surrey","[c]","[c]","[c]","[c]"
"Leaver CS","2022","Declared disabled","Undeclared","South East (England)","West Sussex (North East)","[c]","[c]","[c]","[c]"
"Leaver CS","2022","Declared disabled","Undeclared","South East (England)","West Sussex (South West)","[c]","[c]","[c]","[c]"
"Leaver CS","2022","Declared disabled","Undeclared","South West (England)","Bath and North East Somerset, North Somerset and South Gloucestershire","10","[c]","[c]","[c]"
"Leaver CS","2022","Declared disabled","Undeclared","South West (England)","Bournemouth, Christchurch and Poole","[c]","[c]","[c]","[c]"
"Leaver CS","2022","Declared disabled","Undeclared","South West (England)","Bristol, City of","[c]","[c]","[c]","[c]"
"Leaver CS","2022","Declared disabled","Undeclared","South West (England)","Cornwall and Isles of Scilly","[c]","[c]","[c]","[c]"
"Leaver CS","2022","Declared disabled","Undeclared","South West (England)","Devon CC","[c]","[c]","[c]","[c]"
"Leaver CS","2022","Declared disabled","Undeclared","South West (England)","Dorset","[c]","[c]","[c]","[c]"
"Leaver CS","2022","Declared disabled","Undeclared","South West (England)","Gloucestershire CC","[c]","[c]","[c]","[c]"
"Leaver CS","2022","Declared disabled","Undeclared","South West (England)","Plymouth","[c]","[c]","[c]","[c]"
"Leaver CS","2022","Declared disabled","Undeclared","South West (England)","Somerset CC","[c]","[c]","[c]","[c]"
"Leaver CS","2022","Declared disabled","Undeclared","South West (England)","Swindon","[c]","[c]","[c]","[c]"
"Leaver CS","2022","Declared disabled","Undeclared","South West (England)","Torbay","[c]","[c]","[c]","[c]"
"Leaver CS","2022","Declared disabled","Undeclared","South West (England)","Wiltshire","5","[c]","[c]","[c]"
"Leaver CS","2022","Declared disabled","Undeclared","Unknown","Unknown","[c]","[c]","[c]","[c]"
"Leaver CS","2022","Declared disabled","Undeclared","Wales","Bridgend and Neath Port Talbot","[c]","[c]","[c]","[c]"
"Leaver CS","2022","Declared disabled","Undeclared","Wales","Cardiff and Vale of Glamorgan","[c]","[c]","[c]","[c]"
"Leaver CS","2022","Declared disabled","Undeclared","Wales","Central Valleys","[c]","[c]","[c]","[c]"
"Leaver CS","2022","Declared disabled","Undeclared","Wales","Conwy and Denbighshire","[c]","[c]","[c]","[c]"
"Leaver CS","2022","Declared disabled","Undeclared","Wales","Flintshire and Wrexham","[c]","[c]","[c]","[c]"
"Leaver CS","2022","Declared disabled","Undeclared","Wales","Gwent Valleys","[c]","[c]","[c]","[c]"
"Leaver CS","2022","Declared disabled","Undeclared","Wales","Gwynedd","[c]","[c]","[c]","[c]"
"Leaver CS","2022","Declared disabled","Undeclared","Wales","Isle of Anglesey","[c]","[c]","[c]","[c]"
"Leaver CS","2022","Declared disabled","Undeclared","Wales","Monmouthshire and Newport","[c]","[c]","[c]","[c]"
"Leaver CS","2022","Declared disabled","Undeclared","Wales","Powys","[c]","[c]","[c]","[c]"
"Leaver CS","2022","Declared disabled","Undeclared","Wales","South West Wales","[c]","[c]","[c]","[c]"
"Leaver CS","2022","Declared disabled","Undeclared","Wales","Swansea","[c]","[c]","[c]","[c]"
"Leaver CS","2022","Declared disabled","Undeclared","West Midlands (England)","Birmingham","[c]","[c]","[c]","[c]"
"Leaver CS","2022","Declared disabled","Undeclared","West Midlands (England)","Coventry","[c]","[c]","[c]","[c]"
"Leaver CS","2022","Declared disabled","Undeclared","West Midlands (England)","Dudley","[c]","[c]","[c]","[c]"
"Leaver CS","2022","Declared disabled","Undeclared","West Midlands (England)","Herefordshire, County of","[c]","[c]","[c]","[c]"
"Leaver CS","2022","Declared disabled","Undeclared","West Midlands (England)","Sandwell","[c]","[c]","[c]","[c]"
"Leaver CS","2022","Declared disabled","Undeclared","West Midlands (England)","Shropshire","[c]","[c]","[c]","[c]"
"Leaver CS","2022","Declared disabled","Undeclared","West Midlands (England)","Solihull","[c]","[c]","[c]","[c]"
"Leaver CS","2022","Declared disabled","Undeclared","West Midlands (England)","Staffordshire CC","[c]","[c]","[c]","[c]"
"Leaver CS","2022","Declared disabled","Undeclared","West Midlands (England)","Stoke-on-Trent","[c]","[c]","[c]","[c]"
"Leaver CS","2022","Declared disabled","Undeclared","West Midlands (England)","Telford and Wrekin","[c]","[c]","[c]","[c]"
"Leaver CS","2022","Declared disabled","Undeclared","West Midlands (England)","Walsall","[c]","[c]","[c]","[c]"
"Leaver CS","2022","Declared disabled","Undeclared","West Midlands (England)","Warwickshire CC","[c]","[c]","[c]","[c]"
"Leaver CS","2022","Declared disabled","Undeclared","West Midlands (England)","Wolverhampton","[c]","[c]","[c]","[c]"
"Leaver CS","2022","Declared disabled","Undeclared","West Midlands (England)","Worcestershire CC","[c]","[c]","[c]","[c]"
"Leaver CS","2022","Declared disabled","Undeclared","Yorkshire and The Humber","Barnsley, Doncaster and Rotherham","[c]","[c]","[c]","[c]"
"Leaver CS","2022","Declared disabled","Undeclared","Yorkshire and The Humber","Bradford","[c]","[c]","[c]","[c]"
"Leaver CS","2022","Declared disabled","Undeclared","Yorkshire and The Humber","Calderdale and Kirklees","[c]","[c]","[c]","[c]"
"Leaver CS","2022","Declared disabled","Undeclared","Yorkshire and The Humber","East Riding of Yorkshire","[c]","[c]","[c]","[c]"
"Leaver CS","2022","Declared disabled","Undeclared","Yorkshire and The Humber","Kingston upon Hull, City of","[c]","[c]","[c]","[c]"
"Leaver CS","2022","Declared disabled","Undeclared","Yorkshire and The Humber","Leeds","[c]","[c]","[c]","[c]"
"Leaver CS","2022","Declared disabled","Undeclared","Yorkshire and The Humber","North and North East Lincolnshire","[c]","[c]","[c]","[c]"
"Leaver CS","2022","Declared disabled","Undeclared","Yorkshire and The Humber","North Yorkshire CC","[c]","[c]","[c]","[c]"
"Leaver CS","2022","Declared disabled","Undeclared","Yorkshire and The Humber","Sheffield","[c]","[c]","[c]","[c]"
"Leaver CS","2022","Declared disabled","Undeclared","Yorkshire and The Humber","Wakefield","[c]","[c]","[c]","[c]"
"Leaver CS","2022","Declared disabled","Undeclared","Yorkshire and The Humber","York","[c]","[c]","[c]","[c]"
"Leaver CS","2022","Declared disabled","Unknown","East Midlands (England)","Derby","[c]","[c]","[c]","[c]"
"Leaver CS","2022","Declared disabled","Unknown","East Midlands (England)","East Derbyshire","[c]","[c]","[c]","[c]"
"Leaver CS","2022","Declared disabled","Unknown","East Midlands (England)","Leicester","[c]","[c]","[c]","[c]"
"Leaver CS","2022","Declared disabled","Unknown","East Midlands (England)","Leicestershire CC and Rutland","[c]","[c]","[c]","[c]"
"Leaver CS","2022","Declared disabled","Unknown","East Midlands (England)","Lincolnshire CC","[c]","[c]","[c]","[c]"
"Leaver CS","2022","Declared disabled","Unknown","East Midlands (England)","North Northamptonshire","[c]","[c]","[c]","[c]"
"Leaver CS","2022","Declared disabled","Unknown","East Midlands (England)","North Nottinghamshire","[c]","[c]","[c]","[c]"
"Leaver CS","2022","Declared disabled","Unknown","East Midlands (England)","Nottingham","[c]","[c]","[c]","[c]"
"Leaver CS","2022","Declared disabled","Unknown","East Midlands (England)","South and West Derbyshire","[c]","[c]","[c]","[c]"
"Leaver CS","2022","Declared disabled","Unknown","East Midlands (England)","South Nottinghamshire","[c]","[c]","[c]","[c]"
"Leaver CS","2022","Declared disabled","Unknown","East Midlands (England)","West Northamptonshire","[c]","[c]","[c]","[c]"
"Leaver CS","2022","Declared disabled","Unknown","East of England","Bedford","[c]","[c]","[c]","[c]"
"Leaver CS","2022","Declared disabled","Unknown","East of England","Breckland and South Norfolk","[c]","[c]","[c]","[c]"
"Leaver CS","2022","Declared disabled","Unknown","East of England","Cambridgeshire CC","[c]","[c]","[c]","[c]"
"Leaver CS","2022","Declared disabled","Unknown","East of England","Central Bedfordshire","[c]","[c]","[c]","[c]"
"Leaver CS","2022","Declared disabled","Unknown","East of England","Essex Haven Gateway","[c]","[c]","[c]","[c]"
"Leaver CS","2022","Declared disabled","Unknown","East of England","Essex Thames Gateway","[c]","[c]","[c]","[c]"
"Leaver CS","2022","Declared disabled","Unknown","East of England","Heart of Essex","[c]","[c]","[c]","[c]"
"Leaver CS","2022","Declared disabled","Unknown","East of England","Hertfordshire CC","[c]","[c]","[c]","[c]"
"Leaver CS","2022","Declared disabled","Unknown","East of England","Luton","[c]","[c]","[c]","[c]"
"Leaver CS","2022","Declared disabled","Unknown","East of England","North and West Norfolk","[c]","[c]","[c]","[c]"
"Leaver CS","2022","Declared disabled","Unknown","East of England","Norwich and East Norfolk","[c]","[c]","[c]","[c]"
"Leaver CS","2022","Declared disabled","Unknown","East of England","Peterborough","[c]","[c]","[c]","[c]"
"Leaver CS","2022","Declared disabled","Unknown","East of England","Southend-on-Sea","[c]","[c]","[c]","[c]"
"Leaver CS","2022","Declared disabled","Unknown","East of England","Suffolk CC","[c]","[c]","[c]","[c]"
"Leaver CS","2022","Declared disabled","Unknown","East of England","Thurrock","[c]","[c]","[c]","[c]"
"Leaver CS","2022","Declared disabled","Unknown","East of England","West Essex","[c]","[c]","[c]","[c]"
"Leaver CS","2022","Declared disabled","Unknown","London","Barking & Dagenham and Havering","[c]","[c]","[c]","[c]"
"Leaver CS","2022","Declared disabled","Unknown","London","Barnet","[c]","[c]","[c]","[c]"
"Leaver CS","2022","Declared disabled","Unknown","London","Bexley and Greenwich","[c]","[c]","[c]","[c]"
"Leaver CS","2022","Declared disabled","Unknown","London","Brent","[c]","[c]","[c]","[c]"
"Leaver CS","2022","Declared disabled","Unknown","London","Bromley","[c]","[c]","[c]","[c]"
"Leaver CS","2022","Declared disabled","Unknown","London","Camden and City of London","[c]","[c]","[c]","[c]"
"Leaver CS","2022","Declared disabled","Unknown","London","Croydon","[c]","[c]","[c]","[c]"
"Leaver CS","2022","Declared disabled","Unknown","London","Ealing","[c]","[c]","[c]","[c]"
"Leaver CS","2022","Declared disabled","Unknown","London","Enfield","[c]","[c]","[c]","[c]"
"Leaver CS","2022","Declared disabled","Unknown","London","Hackney and Newham","[c]","[c]","[c]","[c]"
"Leaver CS","2022","Declared disabled","Unknown","London","Haringey and Islington","[c]","[c]","[c]","[c]"
"Leaver CS","2022","Declared disabled","Unknown","London","Harrow and Hillingdon","[c]","[c]","[c]","[c]"
"Leaver CS","2022","Declared disabled","Unknown","London","Hounslow and Richmond upon Thames","[c]","[c]","[c]","[c]"
"Leaver CS","2022","Declared disabled","Unknown","London","Kensington & Chelsea and Hammersmith & Fulham","[c]","[c]","[c]","[c]"
"Leaver CS","2022","Declared disabled","Unknown","London","Lambeth","[c]","[c]","[c]","[c]"
"Leaver CS","2022","Declared disabled","Unknown","London","Lewisham and Southwark","[c]","[c]","[c]","[c]"
"Leaver CS","2022","Declared disabled","Unknown","London","Merton, Kingston upon Thames and Sutton","[c]","[c]","[c]","[c]"
"Leaver CS","2022","Declared disabled","Unknown","London","Redbridge and Waltham Forest","[c]","[c]","[c]","[c]"
"Leaver CS","2022","Declared disabled","Unknown","London","Tower Hamlets","[c]","[c]","[c]","[c]"
"Leaver CS","2022","Declared disabled","Unknown","London","Wandsworth","[c]","[c]","[c]","[c]"
"Leaver CS","2022","Declared disabled","Unknown","London","Westminster","15","[c]","[c]","[c]"
"Leaver CS","2022","Declared disabled","Unknown","North East (England)","Darlington","[c]","[c]","[c]","[c]"
"Leaver CS","2022","Declared disabled","Unknown","North East (England)","Durham","[c]","[c]","[c]","[c]"
"Leaver CS","2022","Declared disabled","Unknown","North East (England)","Hartlepool and Stockton-on-Tees","[c]","[c]","[c]","[c]"
"Leaver CS","2022","Declared disabled","Unknown","North East (England)","Northumberland","[c]","[c]","[c]","[c]"
"Leaver CS","2022","Declared disabled","Unknown","North East (England)","South Teesside","[c]","[c]","[c]","[c]"
"Leaver CS","2022","Declared disabled","Unknown","North East (England)","Sunderland","[c]","[c]","[c]","[c]"
"Leaver CS","2022","Declared disabled","Unknown","North East (England)","Tyneside","5","[c]","[c]","[c]"
"Leaver CS","2022","Declared disabled","Unknown","North West (England)","Blackburn with Darwen","[c]","[c]","[c]","[c]"
"Leaver CS","2022","Declared disabled","Unknown","North West (England)","Blackpool","[c]","[c]","[c]","[c]"
"Leaver CS","2022","Declared disabled","Unknown","North West (England)","Cheshire East","[c]","[c]","[c]","[c]"
"Leaver CS","2022","Declared disabled","Unknown","North West (England)","Cheshire West and Chester","[c]","[c]","[c]","[c]"
"Leaver CS","2022","Declared disabled","Unknown","North West (England)","Chorley and West Lancashire","[c]","[c]","[c]","[c]"
"Leaver CS","2022","Declared disabled","Unknown","North West (England)","East Cumbria","[c]","[c]","[c]","[c]"
"Leaver CS","2022","Declared disabled","Unknown","North West (England)","East Lancashire","[c]","[c]","[c]","[c]"
"Leaver CS","2022","Declared disabled","Unknown","North West (England)","East Merseyside","[c]","[c]","[c]","[c]"
"Leaver CS","2022","Declared disabled","Unknown","North West (England)","Greater Manchester North East","[c]","[c]","[c]","[c]"
"Leaver CS","2022","Declared disabled","Unknown","North West (England)","Greater Manchester North West","[c]","[c]","[c]","[c]"
"Leaver CS","2022","Declared disabled","Unknown","North West (England)","Greater Manchester South East","[c]","[c]","[c]","[c]"
"Leaver CS","2022","Declared disabled","Unknown","North West (England)","Greater Manchester South West","[c]","[c]","[c]","[c]"
"Leaver CS","2022","Declared disabled","Unknown","North West (England)","Lancaster and Wyre","[c]","[c]","[c]","[c]"
"Leaver CS","2022","Declared disabled","Unknown","North West (England)","Liverpool","[c]","[c]","[c]","[c]"
"Leaver CS","2022","Declared disabled","Unknown","North West (England)","Manchester","[c]","[c]","[c]","[c]"
"Leaver CS","2022","Declared disabled","Unknown","North West (England)","Mid Lancashire","[c]","[c]","[c]","[c]"
"Leaver CS","2022","Declared disabled","Unknown","North West (England)","Sefton","[c]","[c]","[c]","[c]"
"Leaver CS","2022","Declared disabled","Unknown","North West (England)","Warrington","[c]","[c]","[c]","[c]"
"Leaver CS","2022","Declared disabled","Unknown","North West (England)","West Cumbria","[c]","[c]","[c]","[c]"
"Leaver CS","2022","Declared disabled","Unknown","North West (England)","Wirral","[c]","[c]","[c]","[c]"
"Leaver CS","2022","Declared disabled","Unknown","Northern Ireland","Antrim and Newtownabbey","[c]","[c]","[c]","[c]"
"Leaver CS","2022","Declared disabled","Unknown","Northern Ireland","Ards and North Down","[c]","[c]","[c]","[c]"
"Leaver CS","2022","Declared disabled","Unknown","Northern Ireland","Belfast","[c]","[c]","[c]","[c]"
"Leaver CS","2022","Declared disabled","Unknown","Northern Ireland","Causeway Coast and Glens","[c]","[c]","[c]","[c]"
"Leaver CS","2022","Declared disabled","Unknown","Northern Ireland","Derry City and Strabane","[c]","[c]","[c]","[c]"
"Leaver CS","2022","Declared disabled","Unknown","Northern Ireland","Fermanagh and Omagh","[c]","[c]","[c]","[c]"
"Leaver CS","2022","Declared disabled","Unknown","Northern Ireland","Lisburn and Castlereagh","[c]","[c]","[c]","[c]"
"Leaver CS","2022","Declared disabled","Unknown","Northern Ireland","Mid and East Antrim","[c]","[c]","[c]","[c]"
"Leaver CS","2022","Declared disabled","Unknown","Northern Ireland","Newry, Mourne and Down","[c]","[c]","[c]","[c]"
"Leaver CS","2022","Declared disabled","Unknown","Overseas","Overseas","[c]","[c]","[c]","[c]"
"Leaver CS","2022","Declared disabled","Unknown","Scotland","Aberdeen City and Aberdeenshire","[c]","[c]","[c]","[c]"
"Leaver CS","2022","Declared disabled","Unknown","Scotland","Angus and Dundee City","[c]","[c]","[c]","[c]"
"Leaver CS","2022","Declared disabled","Unknown","Scotland","Caithness and Sutherland, and Ross and Cromarty","[c]","[c]","[c]","[c]"
"Leaver CS","2022","Declared disabled","Unknown","Scotland","City of Edinburgh","5","[c]","[c]","[c]"
"Leaver CS","2022","Declared disabled","Unknown","Scotland","Clackmannanshire and Fife","[c]","[c]","[c]","[c]"
"Leaver CS","2022","Declared disabled","Unknown","Scotland","Dumfries and Galloway","[c]","[c]","[c]","[c]"
"Leaver CS","2022","Declared disabled","Unknown","Scotland","East Ayrshire and North Ayrshire mainland","[c]","[c]","[c]","[c]"
"Leaver CS","2022","Declared disabled","Unknown","Scotland","East Dunbartonshire, West Dunbartonshire, and Helensburgh and Lomond","[c]","[c]","[c]","[c]"
"Leaver CS","2022","Declared disabled","Unknown","Scotland","East Lothian and Midlothian","[c]","[c]","[c]","[c]"
"Leaver CS","2022","Declared disabled","Unknown","Scotland","Falkirk","[c]","[c]","[c]","[c]"
"Leaver CS","2022","Declared disabled","Unknown","Scotland","Glasgow City","[c]","[c]","[c]","[c]"
"Leaver CS","2022","Declared disabled","Unknown","Scotland","Inverclyde, East Renfrewshire, and Renfrewshire","[c]","[c]","[c]","[c]"
"Leaver CS","2022","Declared disabled","Unknown","Scotland","Inverness and Nairn, Moray, and Badenoch and Strathspey","[c]","[c]","[c]","[c]"
"Leaver CS","2022","Declared disabled","Unknown","Scotland","Lochaber, Skye and Lochalsh, Arran and Cumbrae, and Argyll and Bute","[c]","[c]","[c]","[c]"
"Leaver CS","2022","Declared disabled","Unknown","Scotland","Na h-Eileanan Siar","[c]","[c]","[c]","[c]"
"Leaver CS","2022","Declared disabled","Unknown","Scotland","North Lanarkshire","[c]","[c]","[c]","[c]"
"Leaver CS","2022","Declared disabled","Unknown","Scotland","Orkney Islands","[c]","[c]","[c]","[c]"
"Leaver CS","2022","Declared disabled","Unknown","Scotland","Perth and Kinross, and Stirling","[c]","[c]","[c]","[c]"
"Leaver CS","2022","Declared disabled","Unknown","Scotland","Scottish Borders","[c]","[c]","[c]","[c]"
"Leaver CS","2022","Declared disabled","Unknown","Scotland","Shetland Islands","[c]","[c]","[c]","[c]"
"Leaver CS","2022","Declared disabled","Unknown","Scotland","South Ayrshire","[c]","[c]","[c]","[c]"
"Leaver CS","2022","Declared disabled","Unknown","Scotland","South Lanarkshire","[c]","[c]","[c]","[c]"
"Leaver CS","2022","Declared disabled","Unknown","Scotland","West Lothian","[c]","[c]","[c]","[c]"
"Leaver CS","2022","Declared disabled","Unknown","South East (England)","Berkshire","[c]","[c]","[c]","[c]"
"Leaver CS","2022","Declared disabled","Unknown","South East (England)","Brighton and Hove","[c]","[c]","[c]","[c]"
"Leaver CS","2022","Declared disabled","Unknown","South East (England)","Buckinghamshire","[c]","[c]","[c]","[c]"
"Leaver CS","2022","Declared disabled","Unknown","South East (England)","Central Hampshire","[c]","[c]","[c]","[c]"
"Leaver CS","2022","Declared disabled","Unknown","South East (England)","East Kent","[c]","[c]","[c]","[c]"
"Leaver CS","2022","Declared disabled","Unknown","South East (England)","East Surrey","[c]","[c]","[c]","[c]"
"Leaver CS","2022","Declared disabled","Unknown","South East (England)","East Sussex CC","[c]","[c]","[c]","[c]"
"Leaver CS","2022","Declared disabled","Unknown","South East (England)","Isle of Wight","[c]","[c]","[c]","[c]"
"Leaver CS","2022","Declared disabled","Unknown","South East (England)","Kent Thames Gateway","[c]","[c]","[c]","[c]"
"Leaver CS","2022","Declared disabled","Unknown","South East (England)","Medway","[c]","[c]","[c]","[c]"
"Leaver CS","2022","Declared disabled","Unknown","South East (England)","Mid Kent","[c]","[c]","[c]","[c]"
"Leaver CS","2022","Declared disabled","Unknown","South East (England)","Milton Keynes","[c]","[c]","[c]","[c]"
"Leaver CS","2022","Declared disabled","Unknown","South East (England)","North Hampshire","[c]","[c]","[c]","[c]"
"Leaver CS","2022","Declared disabled","Unknown","South East (England)","Oxfordshire CC","[c]","[c]","[c]","[c]"
"Leaver CS","2022","Declared disabled","Unknown","South East (England)","Portsmouth","[c]","[c]","[c]","[c]"
"Leaver CS","2022","Declared disabled","Unknown","South East (England)","South Hampshire","[c]","[c]","[c]","[c]"
"Leaver CS","2022","Declared disabled","Unknown","South East (England)","Southampton","[c]","[c]","[c]","[c]"
"Leaver CS","2022","Declared disabled","Unknown","South East (England)","West Kent","[c]","[c]","[c]","[c]"
"Leaver CS","2022","Declared disabled","Unknown","South East (England)","West Surrey","[c]","[c]","[c]","[c]"
"Leaver CS","2022","Declared disabled","Unknown","South East (England)","West Sussex (North East)","[c]","[c]","[c]","[c]"
"Leaver CS","2022","Declared disabled","Unknown","South East (England)","West Sussex (South West)","[c]","[c]","[c]","[c]"
"Leaver CS","2022","Declared disabled","Unknown","South West (England)","Bath and North East Somerset, North Somerset and South Gloucestershire","[c]","[c]","[c]","[c]"
"Leaver CS","2022","Declared disabled","Unknown","South West (England)","Bournemouth, Christchurch and Poole","[c]","[c]","[c]","[c]"
"Leaver CS","2022","Declared disabled","Unknown","South West (England)","Bristol, City of","[c]","[c]","[c]","[c]"
"Leaver CS","2022","Declared disabled","Unknown","South West (England)","Cornwall and Isles of Scilly","[c]","[c]","[c]","[c]"
"Leaver CS","2022","Declared disabled","Unknown","South West (England)","Devon CC","[c]","[c]","[c]","[c]"
"Leaver CS","2022","Declared disabled","Unknown","South West (England)","Dorset","[c]","[c]","[c]","[c]"
"Leaver CS","2022","Declared disabled","Unknown","South West (England)","Gloucestershire CC","[c]","[c]","[c]","[c]"
"Leaver CS","2022","Declared disabled","Unknown","South West (England)","Plymouth","5","[c]","[c]","[c]"
"Leaver CS","2022","Declared disabled","Unknown","South West (England)","Somerset CC","[c]","[c]","[c]","[c]"
"Leaver CS","2022","Declared disabled","Unknown","South West (England)","Swindon","[c]","[c]","[c]","[c]"
"Leaver CS","2022","Declared disabled","Unknown","South West (England)","Torbay","[c]","[c]","[c]","[c]"
"Leaver CS","2022","Declared disabled","Unknown","South West (England)","Wiltshire","[c]","[c]","[c]","[c]"
"Leaver CS","2022","Declared disabled","Unknown","Unknown","Unknown","[c]","[c]","[c]","[c]"
"Leaver CS","2022","Declared disabled","Unknown","Wales","Bridgend and Neath Port Talbot","[c]","[c]","[c]","[c]"
"Leaver CS","2022","Declared disabled","Unknown","Wales","Cardiff and Vale of Glamorgan","[c]","[c]","[c]","[c]"
"Leaver CS","2022","Declared disabled","Unknown","Wales","Central Valleys","[c]","[c]","[c]","[c]"
"Leaver CS","2022","Declared disabled","Unknown","Wales","Conwy and Denbighshire","[c]","[c]","[c]","[c]"
"Leaver CS","2022","Declared disabled","Unknown","Wales","Flintshire and Wrexham","[c]","[c]","[c]","[c]"
"Leaver CS","2022","Declared disabled","Unknown","Wales","Gwent Valleys","[c]","[c]","[c]","[c]"
"Leaver CS","2022","Declared disabled","Unknown","Wales","Gwynedd","[c]","[c]","[c]","[c]"
"Leaver CS","2022","Declared disabled","Unknown","Wales","Isle of Anglesey","[c]","[c]","[c]","[c]"
"Leaver CS","2022","Declared disabled","Unknown","Wales","Monmouthshire and Newport","[c]","[c]","[c]","[c]"
"Leaver CS","2022","Declared disabled","Unknown","Wales","Powys","[c]","[c]","[c]","[c]"
"Leaver CS","2022","Declared disabled","Unknown","Wales","South West Wales","[c]","[c]","[c]","[c]"
"Leaver CS","2022","Declared disabled","Unknown","Wales","Swansea","[c]","[c]","[c]","[c]"
"Leaver CS","2022","Declared disabled","Unknown","West Midlands (England)","Birmingham","[c]","[c]","[c]","[c]"
"Leaver CS","2022","Declared disabled","Unknown","West Midlands (England)","Coventry","[c]","[c]","[c]","[c]"
"Leaver CS","2022","Declared disabled","Unknown","West Midlands (England)","Dudley","[c]","[c]","[c]","[c]"
"Leaver CS","2022","Declared disabled","Unknown","West Midlands (England)","Herefordshire, County of","[c]","[c]","[c]","[c]"
"Leaver CS","2022","Declared disabled","Unknown","West Midlands (England)","Sandwell","[c]","[c]","[c]","[c]"
"Leaver CS","2022","Declared disabled","Unknown","West Midlands (England)","Shropshire","[c]","[c]","[c]","[c]"
"Leaver CS","2022","Declared disabled","Unknown","West Midlands (England)","Solihull","[c]","[c]","[c]","[c]"
"Leaver CS","2022","Declared disabled","Unknown","West Midlands (England)","Staffordshire CC","[c]","[c]","[c]","[c]"
"Leaver CS","2022","Declared disabled","Unknown","West Midlands (England)","Stoke-on-Trent","[c]","[c]","[c]","[c]"
"Leaver CS","2022","Declared disabled","Unknown","West Midlands (England)","Telford and Wrekin","[c]","[c]","[c]","[c]"
"Leaver CS","2022","Declared disabled","Unknown","West Midlands (England)","Walsall","[c]","[c]","[c]","[c]"
"Leaver CS","2022","Declared disabled","Unknown","West Midlands (England)","Warwickshire CC","[c]","[c]","[c]","[c]"
"Leaver CS","2022","Declared disabled","Unknown","West Midlands (England)","Wolverhampton","[c]","[c]","[c]","[c]"
"Leaver CS","2022","Declared disabled","Unknown","West Midlands (England)","Worcestershire CC","[c]","[c]","[c]","[c]"
"Leaver CS","2022","Declared disabled","Unknown","Yorkshire and The Humber","Barnsley, Doncaster and Rotherham","[c]","[c]","[c]","[c]"
"Leaver CS","2022","Declared disabled","Unknown","Yorkshire and The Humber","Bradford","[c]","[c]","[c]","[c]"
"Leaver CS","2022","Declared disabled","Unknown","Yorkshire and The Humber","Calderdale and Kirklees","[c]","[c]","[c]","[c]"
"Leaver CS","2022","Declared disabled","Unknown","Yorkshire and The Humber","East Riding of Yorkshire","[c]","[c]","[c]","[c]"
"Leaver CS","2022","Declared disabled","Unknown","Yorkshire and The Humber","Kingston upon Hull, City of","[c]","[c]","[c]","[c]"
"Leaver CS","2022","Declared disabled","Unknown","Yorkshire and The Humber","Leeds","[c]","[c]","[c]","[c]"
"Leaver CS","2022","Declared disabled","Unknown","Yorkshire and The Humber","North and North East Lincolnshire","[c]","[c]","[c]","[c]"
"Leaver CS","2022","Declared disabled","Unknown","Yorkshire and The Humber","North Yorkshire CC","[c]","[c]","[c]","[c]"
"Leaver CS","2022","Declared disabled","Unknown","Yorkshire and The Humber","Sheffield","[c]","[c]","[c]","[c]"
"Leaver CS","2022","Declared disabled","Unknown","Yorkshire and The Humber","Wakefield","[c]","[c]","[c]","[c]"
"Leaver CS","2022","Declared disabled","Unknown","Yorkshire and The Humber","York","[c]","[c]","[c]","[c]"
"Leaver CS","2022","Declared disabled","White","East Midlands (England)","Derby","15","[c]","[c]","[c]"
"Leaver CS","2022","Declared disabled","White","East Midlands (England)","East Derbyshire","10","[c]","[c]","[c]"
"Leaver CS","2022","Declared disabled","White","East Midlands (England)","Leicester","20","[c]","[c]","[c]"
"Leaver CS","2022","Declared disabled","White","East Midlands (England)","Leicestershire CC and Rutland","25","[c]","[c]","[c]"
"Leaver CS","2022","Declared disabled","White","East Midlands (England)","Lincolnshire CC","35","[c]","[c]","[c]"
"Leaver CS","2022","Declared disabled","White","East Midlands (England)","North Northamptonshire","10","[c]","[c]","[c]"
"Leaver CS","2022","Declared disabled","White","East Midlands (England)","North Nottinghamshire","15","[c]","[c]","[c]"
"Leaver CS","2022","Declared disabled","White","East Midlands (England)","Nottingham","50","[c]","[c]","[c]"
"Leaver CS","2022","Declared disabled","White","East Midlands (England)","South and West Derbyshire","15","[c]","[c]","[c]"
"Leaver CS","2022","Declared disabled","White","East Midlands (England)","South Nottinghamshire","10","[c]","[c]","[c]"
"Leaver CS","2022","Declared disabled","White","East Midlands (England)","West Northamptonshire","15","[c]","[c]","[c]"
"Leaver CS","2022","Declared disabled","White","East of England","Bedford","20","[c]","[c]","[c]"
"Leaver CS","2022","Declared disabled","White","East of England","Breckland and South Norfolk","10","[c]","[c]","[c]"
"Leaver CS","2022","Declared disabled","White","East of England","Cambridgeshire CC","45","[c]","[c]","[c]"
"Leaver CS","2022","Declared disabled","White","East of England","Central Bedfordshire","[c]","[c]","[c]","[c]"
"Leaver CS","2022","Declared disabled","White","East of England","Essex Haven Gateway","15","[c]","[c]","[c]"
"Leaver CS","2022","Declared disabled","White","East of England","Essex Thames Gateway","20","[c]","[c]","[c]"
"Leaver CS","2022","Declared disabled","White","East of England","Heart of Essex","10","[c]","[c]","[c]"
"Leaver CS","2022","Declared disabled","White","East of England","Hertfordshire CC","30","[c]","[c]","[c]"
"Leaver CS","2022","Declared disabled","White","East of England","Luton","5","[c]","[c]","[c]"
"Leaver CS","2022","Declared disabled","White","East of England","North and West Norfolk","5","[c]","[c]","[c]"
"Leaver CS","2022","Declared disabled","White","East of England","Norwich and East Norfolk","25","[c]","[c]","[c]"
"Leaver CS","2022","Declared disabled","White","East of England","Peterborough","10","[c]","[c]","[c]"
"Leaver CS","2022","Declared disabled","White","East of England","Southend-on-Sea","10","[c]","[c]","[c]"
"Leaver CS","2022","Declared disabled","White","East of England","Suffolk CC","55","[c]","26270","21830"
"Leaver CS","2022","Declared disabled","White","East of England","Thurrock","[c]","[c]","[c]","[c]"
"Leaver CS","2022","Declared disabled","White","East of England","West Essex","[c]","[c]","[c]","[c]"
"Leaver CS","2022","Declared disabled","White","London","Barking & Dagenham and Havering","5","[c]","[c]","[c]"
"Leaver CS","2022","Declared disabled","White","London","Barnet","5","[c]","[c]","[c]"
"Leaver CS","2022","Declared disabled","White","London","Bexley and Greenwich","5","[c]","[c]","[c]"
"Leaver CS","2022","Declared disabled","White","London","Brent","[c]","[c]","[c]","[c]"
"Leaver CS","2022","Declared disabled","White","London","Bromley","10","[c]","[c]","[c]"
"Leaver CS","2022","Declared disabled","White","London","Camden and City of London","5","[c]","[c]","[c]"
"Leaver CS","2022","Declared disabled","White","London","Croydon","30","[c]","[c]","[c]"
"Leaver CS","2022","Declared disabled","White","London","Ealing","[c]","[c]","[c]","[c]"
"Leaver CS","2022","Declared disabled","White","London","Enfield","[c]","[c]","[c]","[c]"
"Leaver CS","2022","Declared disabled","White","London","Hackney and Newham","20","[c]","[c]","[c]"
"Leaver CS","2022","Declared disabled","White","London","Haringey and Islington","10","[c]","[c]","[c]"
"Leaver CS","2022","Declared disabled","White","London","Harrow and Hillingdon","15","[c]","[c]","[c]"
"Leaver CS","2022","Declared disabled","White","London","Hounslow and Richmond upon Thames","20","[c]","[c]","[c]"
"Leaver CS","2022","Declared disabled","White","London","Kensington & Chelsea and Hammersmith & Fulham","5","[c]","[c]","[c]"
"Leaver CS","2022","Declared disabled","White","London","Lambeth","50","[c]","40280","36330"
"Leaver CS","2022","Declared disabled","White","London","Lewisham and Southwark","5","[c]","[c]","[c]"
"Leaver CS","2022","Declared disabled","White","London","Merton, Kingston upon Thames and Sutton","5","[c]","[c]","[c]"
"Leaver CS","2022","Declared disabled","White","London","Redbridge and Waltham Forest","[c]","[c]","[c]","[c]"
"Leaver CS","2022","Declared disabled","White","London","Tower Hamlets","30","[c]","[c]","[c]"
"Leaver CS","2022","Declared disabled","White","London","Wandsworth","5","[c]","[c]","[c]"
"Leaver CS","2022","Declared disabled","White","London","Westminster","230","[c]","43130","38070"
"Leaver CS","2022","Declared disabled","White","North East (England)","Darlington","10","[c]","[c]","[c]"
"Leaver CS","2022","Declared disabled","White","North East (England)","Durham","40","[c]","[c]","[c]"
"Leaver CS","2022","Declared disabled","White","North East (England)","Hartlepool and Stockton-on-Tees","15","[c]","[c]","[c]"
"Leaver CS","2022","Declared disabled","White","North East (England)","Northumberland","10","[c]","[c]","[c]"
"Leaver CS","2022","Declared disabled","White","North East (England)","South Teesside","15","[c]","[c]","[c]"
"Leaver CS","2022","Declared disabled","White","North East (England)","Sunderland","45","[c]","[c]","[c]"
"Leaver CS","2022","Declared disabled","White","North East (England)","Tyneside","120","[c]","25880","21260"
"Leaver CS","2022","Declared disabled","White","North West (England)","Blackburn with Darwen","[c]","[c]","[c]","[c]"
"Leaver CS","2022","Declared disabled","White","North West (England)","Blackpool","55","[c]","24990","21260"
"Leaver CS","2022","Declared disabled","White","North West (England)","Cheshire East","10","[c]","[c]","[c]"
"Leaver CS","2022","Declared disabled","White","North West (England)","Cheshire West and Chester","10","[c]","[c]","[c]"
"Leaver CS","2022","Declared disabled","White","North West (England)","Chorley and West Lancashire","10","[c]","[c]","[c]"
"Leaver CS","2022","Declared disabled","White","North West (England)","East Cumbria","5","[c]","[c]","[c]"
"Leaver CS","2022","Declared disabled","White","North West (England)","East Lancashire","5","[c]","[c]","[c]"
"Leaver CS","2022","Declared disabled","White","North West (England)","East Merseyside","10","[c]","[c]","[c]"
"Leaver CS","2022","Declared disabled","White","North West (England)","Greater Manchester North East","10","[c]","[c]","[c]"
"Leaver CS","2022","Declared disabled","White","North West (England)","Greater Manchester North West","20","[c]","[c]","[c]"
"Leaver CS","2022","Declared disabled","White","North West (England)","Greater Manchester South East","10","[c]","[c]","[c]"
"Leaver CS","2022","Declared disabled","White","North West (England)","Greater Manchester South West","35","[c]","[c]","[c]"
"Leaver CS","2022","Declared disabled","White","North West (England)","Lancaster and Wyre","5","[c]","[c]","[c]"
"Leaver CS","2022","Declared disabled","White","North West (England)","Liverpool","75","[c]","27300","25310"
"Leaver CS","2022","Declared disabled","White","North West (England)","Manchester","60","[c]","31760","27570"
"Leaver CS","2022","Declared disabled","White","North West (England)","Mid Lancashire","45","[c]","[c]","[c]"
"Leaver CS","2022","Declared disabled","White","North West (England)","Sefton","45","[c]","26170","24670"
"Leaver CS","2022","Declared disabled","White","North West (England)","Warrington","20","[c]","[c]","[c]"
"Leaver CS","2022","Declared disabled","White","North West (England)","West Cumbria","15","[c]","[c]","[c]"
"Leaver CS","2022","Declared disabled","White","North West (England)","Wirral","30","[c]","[c]","[c]"
"Leaver CS","2022","Declared disabled","White","Northern Ireland","Antrim and Newtownabbey","[c]","[c]","[c]","[c]"
"Leaver CS","2022","Declared disabled","White","Northern Ireland","Ards and North Down","[c]","[c]","[c]","[c]"
"Leaver CS","2022","Declared disabled","White","Northern Ireland","Belfast","25","[c]","[c]","[c]"
"Leaver CS","2022","Declared disabled","White","Northern Ireland","Causeway Coast and Glens","[c]","[c]","[c]","[c]"
"Leaver CS","2022","Declared disabled","White","Northern Ireland","Derry City and Strabane","[c]","[c]","[c]","[c]"
"Leaver CS","2022","Declared disabled","White","Northern Ireland","Fermanagh and Omagh","[c]","[c]","[c]","[c]"
"Leaver CS","2022","Declared disabled","White","Northern Ireland","Lisburn and Castlereagh","10","[c]","[c]","[c]"
"Leaver CS","2022","Declared disabled","White","Northern Ireland","Mid and East Antrim","[c]","[c]","[c]","[c]"
"Leaver CS","2022","Declared disabled","White","Northern Ireland","Newry, Mourne and Down","[c]","[c]","[c]","[c]"
"Leaver CS","2022","Declared disabled","White","Overseas","Overseas","5","[c]","[c]","[c]"
"Leaver CS","2022","Declared disabled","White","Scotland","Aberdeen City and Aberdeenshire","10","[c]","[c]","[c]"
"Leaver CS","2022","Declared disabled","White","Scotland","Angus and Dundee City","35","[c]","[c]","[c]"
"Leaver CS","2022","Declared disabled","White","Scotland","Caithness and Sutherland, and Ross and Cromarty","[c]","[c]","[c]","[c]"
"Leaver CS","2022","Declared disabled","White","Scotland","City of Edinburgh","60","[c]","35950","32310"
"Leaver CS","2022","Declared disabled","White","Scotland","Clackmannanshire and Fife","20","[c]","[c]","[c]"
"Leaver CS","2022","Declared disabled","White","Scotland","Dumfries and Galloway","[c]","[c]","[c]","[c]"
"Leaver CS","2022","Declared disabled","White","Scotland","East Ayrshire and North Ayrshire mainland","10","[c]","[c]","[c]"
"Leaver CS","2022","Declared disabled","White","Scotland","East Dunbartonshire, West Dunbartonshire, and Helensburgh and Lomond","15","[c]","[c]","[c]"
"Leaver CS","2022","Declared disabled","White","Scotland","East Lothian and Midlothian","[c]","[c]","[c]","[c]"
"Leaver CS","2022","Declared disabled","White","Scotland","Falkirk","15","[c]","[c]","[c]"
"Leaver CS","2022","Declared disabled","White","Scotland","Glasgow City","65","[c]","28300","21260"
"Leaver CS","2022","Declared disabled","White","Scotland","Inverclyde, East Renfrewshire, and Renfrewshire","10","[c]","[c]","[c]"
"Leaver CS","2022","Declared disabled","White","Scotland","Inverness and Nairn, Moray, and Badenoch and Strathspey","5","[c]","[c]","[c]"
"Leaver CS","2022","Declared disabled","White","Scotland","Lochaber, Skye and Lochalsh, Arran and Cumbrae, and Argyll and Bute","[c]","[c]","[c]","[c]"
"Leaver CS","2022","Declared disabled","White","Scotland","Na h-Eileanan Siar","[c]","[c]","[c]","[c]"
"Leaver CS","2022","Declared disabled","White","Scotland","North Lanarkshire","25","[c]","[c]","[c]"
"Leaver CS","2022","Declared disabled","White","Scotland","Orkney Islands","[c]","[c]","[c]","[c]"
"Leaver CS","2022","Declared disabled","White","Scotland","Perth and Kinross, and Stirling","10","[c]","[c]","[c]"
"Leaver CS","2022","Declared disabled","White","Scotland","Scottish Borders","[c]","[c]","[c]","[c]"
"Leaver CS","2022","Declared disabled","White","Scotland","Shetland Islands","[c]","[c]","[c]","[c]"
"Leaver CS","2022","Declared disabled","White","Scotland","South Ayrshire","[c]","[c]","[c]","[c]"
"Leaver CS","2022","Declared disabled","White","Scotland","South Lanarkshire","25","[c]","[c]","[c]"
"Leaver CS","2022","Declared disabled","White","Scotland","West Lothian","10","[c]","[c]","[c]"
"Leaver CS","2022","Declared disabled","White","South East (England)","Berkshire","15","[c]","[c]","[c]"
"Leaver CS","2022","Declared disabled","White","South East (England)","Brighton and Hove","10","[c]","[c]","[c]"
"Leaver CS","2022","Declared disabled","White","South East (England)","Buckinghamshire","15","[c]","[c]","[c]"
"Leaver CS","2022","Declared disabled","White","South East (England)","Central Hampshire","30","[c]","[c]","[c]"
"Leaver CS","2022","Declared disabled","White","South East (England)","East Kent","40","[c]","26650","26670"
"Leaver CS","2022","Declared disabled","White","South East (England)","East Surrey","10","[c]","[c]","[c]"
"Leaver CS","2022","Declared disabled","White","South East (England)","East Sussex CC","25","[c]","[c]","[c]"
"Leaver CS","2022","Declared disabled","White","South East (England)","Isle of Wight","10","[c]","[c]","[c]"
"Leaver CS","2022","Declared disabled","White","South East (England)","Kent Thames Gateway","15","[c]","[c]","[c]"
"Leaver CS","2022","Declared disabled","White","South East (England)","Medway","10","[c]","[c]","[c]"
"Leaver CS","2022","Declared disabled","White","South East (England)","Mid Kent","20","[c]","[c]","[c]"
"Leaver CS","2022","Declared disabled","White","South East (England)","Milton Keynes","20","[c]","[c]","[c]"
"Leaver CS","2022","Declared disabled","White","South East (England)","North Hampshire","15","[c]","[c]","[c]"
"Leaver CS","2022","Declared disabled","White","South East (England)","Oxfordshire CC","35","[c]","[c]","[c]"
"Leaver CS","2022","Declared disabled","White","South East (England)","Portsmouth","40","[c]","[c]","[c]"
"Leaver CS","2022","Declared disabled","White","South East (England)","South Hampshire","30","[c]","26850","23320"
"Leaver CS","2022","Declared disabled","White","South East (England)","Southampton","10","[c]","[c]","[c]"
"Leaver CS","2022","Declared disabled","White","South East (England)","West Kent","5","[c]","[c]","[c]"
"Leaver CS","2022","Declared disabled","White","South East (England)","West Surrey","10","[c]","[c]","[c]"
"Leaver CS","2022","Declared disabled","White","South East (England)","West Sussex (North East)","[c]","[c]","[c]","[c]"
"Leaver CS","2022","Declared disabled","White","South East (England)","West Sussex (South West)","15","[c]","[c]","[c]"
"Leaver CS","2022","Declared disabled","White","South West (England)","Bath and North East Somerset, North Somerset and South Gloucestershire","90","[c]","37070","32360"
"Leaver CS","2022","Declared disabled","White","South West (England)","Bournemouth, Christchurch and Poole","10","[c]","[c]","[c]"
"Leaver CS","2022","Declared disabled","White","South West (England)","Bristol, City of","45","[c]","30430","22570"
"Leaver CS","2022","Declared disabled","White","South West (England)","Cornwall and Isles of Scilly","20","[c]","[c]","[c]"
"Leaver CS","2022","Declared disabled","White","South West (England)","Devon CC","40","[c]","[c]","[c]"
"Leaver CS","2022","Declared disabled","White","South West (England)","Dorset","25","[c]","[c]","[c]"
"Leaver CS","2022","Declared disabled","White","South West (England)","Gloucestershire CC","15","[c]","[c]","[c]"
"Leaver CS","2022","Declared disabled","White","South West (England)","Plymouth","25","[c]","[c]","[c]"
"Leaver CS","2022","Declared disabled","White","South West (England)","Somerset CC","20","[c]","[c]","[c]"
"Leaver CS","2022","Declared disabled","White","South West (England)","Swindon","5","[c]","[c]","[c]"
"Leaver CS","2022","Declared disabled","White","South West (England)","Torbay","[c]","[c]","[c]","[c]"
"Leaver CS","2022","Declared disabled","White","South West (England)","Wiltshire","60","[c]","31990","29630"
"Leaver CS","2022","Declared disabled","White","Unknown","Unknown","45","[c]","26130","21840"
"Leaver CS","2022","Declared disabled","White","Wales","Bridgend and Neath Port Talbot","10","[c]","[c]","[c]"
"Leaver CS","2022","Declared disabled","White","Wales","Cardiff and Vale of Glamorgan","65","[c]","35320","29430"
"Leaver CS","2022","Declared disabled","White","Wales","Central Valleys","20","[c]","[c]","[c]"
"Leaver CS","2022","Declared disabled","White","Wales","Conwy and Denbighshire","5","[c]","[c]","[c]"
"Leaver CS","2022","Declared disabled","White","Wales","Flintshire and Wrexham","20","[c]","[c]","[c]"
"Leaver CS","2022","Declared disabled","White","Wales","Gwent Valleys","10","[c]","[c]","[c]"
"Leaver CS","2022","Declared disabled","White","Wales","Gwynedd","5","[c]","[c]","[c]"
"Leaver CS","2022","Declared disabled","White","Wales","Isle of Anglesey","[c]","[c]","[c]","[c]"
"Leaver CS","2022","Declared disabled","White","Wales","Monmouthshire and Newport","30","[c]","[c]","[c]"
"Leaver CS","2022","Declared disabled","White","Wales","Powys","[c]","[c]","[c]","[c]"
"Leaver CS","2022","Declared disabled","White","Wales","South West Wales","15","[c]","[c]","[c]"
"Leaver CS","2022","Declared disabled","White","Wales","Swansea","25","[c]","[c]","[c]"
"Leaver CS","2022","Declared disabled","White","West Midlands (England)","Birmingham","60","[c]","29980","27570"
"Leaver CS","2022","Declared disabled","White","West Midlands (England)","Coventry","15","[c]","[c]","[c]"
"Leaver CS","2022","Declared disabled","White","West Midlands (England)","Dudley","10","[c]","[c]","[c]"
"Leaver CS","2022","Declared disabled","White","West Midlands (England)","Herefordshire, County of","5","[c]","[c]","[c]"
"Leaver CS","2022","Declared disabled","White","West Midlands (England)","Sandwell","[c]","[c]","[c]","[c]"
"Leaver CS","2022","Declared disabled","White","West Midlands (England)","Shropshire","20","[c]","[c]","[c]"
"Leaver CS","2022","Declared disabled","White","West Midlands (England)","Solihull","[c]","[c]","[c]","[c]"
"Leaver CS","2022","Declared disabled","White","West Midlands (England)","Staffordshire CC","45","[c]","[c]","[c]"
"Leaver CS","2022","Declared disabled","White","West Midlands (England)","Stoke-on-Trent","15","[c]","[c]","[c]"
"Leaver CS","2022","Declared disabled","White","West Midlands (England)","Telford and Wrekin","25","[c]","[c]","[c]"
"Leaver CS","2022","Declared disabled","White","West Midlands (England)","Walsall","5","[c]","[c]","[c]"
"Leaver CS","2022","Declared disabled","White","West Midlands (England)","Warwickshire CC","15","[c]","[c]","[c]"
"Leaver CS","2022","Declared disabled","White","West Midlands (England)","Wolverhampton","10","[c]","[c]","[c]"
"Leaver CS","2022","Declared disabled","White","West Midlands (England)","Worcestershire CC","25","[c]","[c]","[c]"
"Leaver CS","2022","Declared disabled","White","Yorkshire and The Humber","Barnsley, Doncaster and Rotherham","40","[c]","[c]","[c]"
"Leaver CS","2022","Declared disabled","White","Yorkshire and The Humber","Bradford","25","[c]","[c]","[c]"
"Leaver CS","2022","Declared disabled","White","Yorkshire and The Humber","Calderdale and Kirklees","20","[c]","[c]","[c]"
"Leaver CS","2022","Declared disabled","White","Yorkshire and The Humber","East Riding of Yorkshire","10","[c]","[c]","[c]"
"Leaver CS","2022","Declared disabled","White","Yorkshire and The Humber","Kingston upon Hull, City of","20","[c]","[c]","[c]"
"Leaver CS","2022","Declared disabled","White","Yorkshire and The Humber","Leeds","85","[c]","28160","25030"
"Leaver CS","2022","Declared disabled","White","Yorkshire and The Humber","North and North East Lincolnshire","5","[c]","[c]","[c]"
"Leaver CS","2022","Declared disabled","White","Yorkshire and The Humber","North Yorkshire CC","15","[c]","[c]","[c]"
"Leaver CS","2022","Declared disabled","White","Yorkshire and The Humber","Sheffield","60","[c]","32890","27570"
"Leaver CS","2022","Declared disabled","White","Yorkshire and The Humber","Wakefield","10","[c]","[c]","[c]"
"Leaver CS","2022","Declared disabled","White","Yorkshire and The Humber","York","20","[c]","[c]","[c]"
"Leaver CS","2022","Declared non-disabled","Asian","East Midlands (England)","Derby","[c]","[c]","[c]","[c]"
"Leaver CS","2022","Declared non-disabled","Asian","East Midlands (England)","East Derbyshire","[c]","[c]","[c]","[c]"
"Leaver CS","2022","Declared non-disabled","Asian","East Midlands (England)","Leicester","50","[c]","25320","21260"
"Leaver CS","2022","Declared non-disabled","Asian","East Midlands (England)","Leicestershire CC and Rutland","10","[c]","[c]","[c]"
"Leaver CS","2022","Declared non-disabled","Asian","East Midlands (England)","Lincolnshire CC","[c]","[c]","[c]","[c]"
"Leaver CS","2022","Declared non-disabled","Asian","East Midlands (England)","North Northamptonshire","[c]","[c]","[c]","[c]"
"Leaver CS","2022","Declared non-disabled","Asian","East Midlands (England)","North Nottinghamshire","[c]","[c]","[c]","[c]"
"Leaver CS","2022","Declared non-disabled","Asian","East Midlands (England)","Nottingham","15","[c]","[c]","[c]"
"Leaver CS","2022","Declared non-disabled","Asian","East Midlands (England)","South and West Derbyshire","5","[c]","[c]","[c]"
"Leaver CS","2022","Declared non-disabled","Asian","East Midlands (England)","South Nottinghamshire","[c]","[c]","[c]","[c]"
"Leaver CS","2022","Declared non-disabled","Asian","East Midlands (England)","West Northamptonshire","10","[c]","[c]","[c]"
"Leaver CS","2022","Declared non-disabled","Asian","East of England","Bedford","5","[c]","[c]","[c]"
"Leaver CS","2022","Declared non-disabled","Asian","East of England","Breckland and South Norfolk","[c]","[c]","[c]","[c]"
"Leaver CS","2022","Declared non-disabled","Asian","East of England","Cambridgeshire CC","20","[c]","[c]","[c]"
"Leaver CS","2022","Declared non-disabled","Asian","East of England","Central Bedfordshire","[c]","[c]","[c]","[c]"
"Leaver CS","2022","Declared non-disabled","Asian","East of England","Essex Haven Gateway","[c]","[c]","[c]","[c]"
"Leaver CS","2022","Declared non-disabled","Asian","East of England","Essex Thames Gateway","[c]","[c]","[c]","[c]"
"Leaver CS","2022","Declared non-disabled","Asian","East of England","Heart of Essex","[c]","[c]","[c]","[c]"
"Leaver CS","2022","Declared non-disabled","Asian","East of England","Hertfordshire CC","25","[c]","[c]","[c]"
"Leaver CS","2022","Declared non-disabled","Asian","East of England","Luton","10","[c]","[c]","[c]"
"Leaver CS","2022","Declared non-disabled","Asian","East of England","North and West Norfolk","[c]","[c]","[c]","[c]"
"Leaver CS","2022","Declared non-disabled","Asian","East of England","Norwich and East Norfolk","[c]","[c]","[c]","[c]"
"Leaver CS","2022","Declared non-disabled","Asian","East of England","Peterborough","10","[c]","[c]","[c]"
"Leaver CS","2022","Declared non-disabled","Asian","East of England","Southend-on-Sea","[c]","[c]","[c]","[c]"
"Leaver CS","2022","Declared non-disabled","Asian","East of England","Suffolk CC","5","[c]","[c]","[c]"
"Leaver CS","2022","Declared non-disabled","Asian","East of England","Thurrock","[c]","[c]","[c]","[c]"
"Leaver CS","2022","Declared non-disabled","Asian","East of England","West Essex","[c]","[c]","[c]","[c]"
"Leaver CS","2022","Declared non-disabled","Asian","London","Barking & Dagenham and Havering","5","[c]","[c]","[c]"
"Leaver CS","2022","Declared non-disabled","Asian","London","Barnet","30","[c]","[c]","[c]"
"Leaver CS","2022","Declared non-disabled","Asian","London","Bexley and Greenwich","5","[c]","[c]","[c]"
"Leaver CS","2022","Declared non-disabled","Asian","London","Brent","15","[c]","[c]","[c]"
"Leaver CS","2022","Declared non-disabled","Asian","London","Bromley","[c]","[c]","[c]","[c]"
"Leaver CS","2022","Declared non-disabled","Asian","London","Camden and City of London","20","[c]","[c]","[c]"
"Leaver CS","2022","Declared non-disabled","Asian","London","Croydon","70","[c]","33530","30130"
"Leaver CS","2022","Declared non-disabled","Asian","London","Ealing","15","[c]","[c]","[c]"
"Leaver CS","2022","Declared non-disabled","Asian","London","Enfield","10","[c]","[c]","[c]"
"Leaver CS","2022","Declared non-disabled","Asian","London","Hackney and Newham","35","[c]","[c]","[c]"
"Leaver CS","2022","Declared non-disabled","Asian","London","Haringey and Islington","15","[c]","[c]","[c]"
"Leaver CS","2022","Declared non-disabled","Asian","London","Harrow and Hillingdon","45","[c]","29280","28990"
"Leaver CS","2022","Declared non-disabled","Asian","London","Hounslow and Richmond upon Thames","35","[c]","27320","28670"
"Leaver CS","2022","Declared non-disabled","Asian","London","Kensington & Chelsea and Hammersmith & Fulham","10","[c]","[c]","[c]"
"Leaver CS","2022","Declared non-disabled","Asian","London","Lambeth","60","[c]","43010","32330"
"Leaver CS","2022","Declared non-disabled","Asian","London","Lewisham and Southwark","30","[c]","[c]","[c]"
"Leaver CS","2022","Declared non-disabled","Asian","London","Merton, Kingston upon Thames and Sutton","[c]","[c]","[c]","[c]"
"Leaver CS","2022","Declared non-disabled","Asian","London","Redbridge and Waltham Forest","20","[c]","[c]","[c]"
"Leaver CS","2022","Declared non-disabled","Asian","London","Tower Hamlets","105","[c]","42230","33700"
"Leaver CS","2022","Declared non-disabled","Asian","London","Wandsworth","5","[c]","[c]","[c]"
"Leaver CS","2022","Declared non-disabled","Asian","London","Westminster","315","[c]","41770","38020"
"Leaver CS","2022","Declared non-disabled","Asian","North East (England)","Darlington","[c]","[c]","[c]","[c]"
"Leaver CS","2022","Declared non-disabled","Asian","North East (England)","Durham","[c]","[c]","[c]","[c]"
"Leaver CS","2022","Declared non-disabled","Asian","North East (England)","Hartlepool and Stockton-on-Tees","[c]","[c]","[c]","[c]"
"Leaver CS","2022","Declared non-disabled","Asian","North East (England)","Northumberland","[c]","[c]","[c]","[c]"
"Leaver CS","2022","Declared non-disabled","Asian","North East (England)","South Teesside","[c]","[c]","[c]","[c]"
"Leaver CS","2022","Declared non-disabled","Asian","North East (England)","Sunderland","[c]","[c]","[c]","[c]"
"Leaver CS","2022","Declared non-disabled","Asian","North East (England)","Tyneside","30","[c]","[c]","[c]"
"Leaver CS","2022","Declared non-disabled","Asian","North West (England)","Blackburn with Darwen","[c]","[c]","[c]","[c]"
"Leaver CS","2022","Declared non-disabled","Asian","North West (England)","Blackpool","10","[c]","[c]","[c]"
"Leaver CS","2022","Declared non-disabled","Asian","North West (England)","Cheshire East","[c]","[c]","[c]","[c]"
"Leaver CS","2022","Declared non-disabled","Asian","North West (England)","Cheshire West and Chester","[c]","[c]","[c]","[c]"
"Leaver CS","2022","Declared non-disabled","Asian","North West (England)","Chorley and West Lancashire","[c]","[c]","[c]","[c]"
"Leaver CS","2022","Declared non-disabled","Asian","North West (England)","East Cumbria","[c]","[c]","[c]","[c]"
"Leaver CS","2022","Declared non-disabled","Asian","North West (England)","East Lancashire","[c]","[c]","[c]","[c]"
"Leaver CS","2022","Declared non-disabled","Asian","North West (England)","East Merseyside","[c]","[c]","[c]","[c]"
"Leaver CS","2022","Declared non-disabled","Asian","North West (England)","Greater Manchester North East","5","[c]","[c]","[c]"
"Leaver CS","2022","Declared non-disabled","Asian","North West (England)","Greater Manchester North West","[c]","[c]","[c]","[c]"
"Leaver CS","2022","Declared non-disabled","Asian","North West (England)","Greater Manchester South East","5","[c]","[c]","[c]"
"Leaver CS","2022","Declared non-disabled","Asian","North West (England)","Greater Manchester South West","30","[c]","[c]","[c]"
"Leaver CS","2022","Declared non-disabled","Asian","North West (England)","Lancaster and Wyre","[c]","[c]","[c]","[c]"
"Leaver CS","2022","Declared non-disabled","Asian","North West (England)","Liverpool","5","[c]","[c]","[c]"
"Leaver CS","2022","Declared non-disabled","Asian","North West (England)","Manchester","35","[c]","[c]","[c]"
"Leaver CS","2022","Declared non-disabled","Asian","North West (England)","Mid Lancashire","25","[c]","[c]","[c]"
"Leaver CS","2022","Declared non-disabled","Asian","North West (England)","Sefton","[c]","[c]","[c]","[c]"
"Leaver CS","2022","Declared non-disabled","Asian","North West (England)","Warrington","[c]","[c]","[c]","[c]"
"Leaver CS","2022","Declared non-disabled","Asian","North West (England)","West Cumbria","[c]","[c]","[c]","[c]"
"Leaver CS","2022","Declared non-disabled","Asian","North West (England)","Wirral","[c]","[c]","[c]","[c]"
"Leaver CS","2022","Declared non-disabled","Asian","Northern Ireland","Antrim and Newtownabbey","[c]","[c]","[c]","[c]"
"Leaver CS","2022","Declared non-disabled","Asian","Northern Ireland","Ards and North Down","[c]","[c]","[c]","[c]"
"Leaver CS","2022","Declared non-disabled","Asian","Northern Ireland","Belfast","[c]","[c]","[c]","[c]"
"Leaver CS","2022","Declared non-disabled","Asian","Northern Ireland","Causeway Coast and Glens","[c]","[c]","[c]","[c]"
"Leaver CS","2022","Declared non-disabled","Asian","Northern Ireland","Derry City and Strabane","[c]","[c]","[c]","[c]"
"Leaver CS","2022","Declared non-disabled","Asian","Northern Ireland","Fermanagh and Omagh","[c]","[c]","[c]","[c]"
"Leaver CS","2022","Declared non-disabled","Asian","Northern Ireland","Lisburn and Castlereagh","[c]","[c]","[c]","[c]"
"Leaver CS","2022","Declared non-disabled","Asian","Northern Ireland","Mid and East Antrim","[c]","[c]","[c]","[c]"
"Leaver CS","2022","Declared non-disabled","Asian","Northern Ireland","Newry, Mourne and Down","[c]","[c]","[c]","[c]"
"Leaver CS","2022","Declared non-disabled","Asian","Overseas","Overseas","[c]","[c]","[c]","[c]"
"Leaver CS","2022","Declared non-disabled","Asian","Scotland","Aberdeen City and Aberdeenshire","[c]","[c]","[c]","[c]"
"Leaver CS","2022","Declared non-disabled","Asian","Scotland","Angus and Dundee City","[c]","[c]","[c]","[c]"
"Leaver CS","2022","Declared non-disabled","Asian","Scotland","Caithness and Sutherland, and Ross and Cromarty","[c]","[c]","[c]","[c]"
"Leaver CS","2022","Declared non-disabled","Asian","Scotland","City of Edinburgh","5","[c]","[c]","[c]"
"Leaver CS","2022","Declared non-disabled","Asian","Scotland","Clackmannanshire and Fife","[c]","[c]","[c]","[c]"
"Leaver CS","2022","Declared non-disabled","Asian","Scotland","Dumfries and Galloway","[c]","[c]","[c]","[c]"
"Leaver CS","2022","Declared non-disabled","Asian","Scotland","East Ayrshire and North Ayrshire mainland","[c]","[c]","[c]","[c]"
"Leaver CS","2022","Declared non-disabled","Asian","Scotland","East Dunbartonshire, West Dunbartonshire, and Helensburgh and Lomond","[c]","[c]","[c]","[c]"
"Leaver CS","2022","Declared non-disabled","Asian","Scotland","East Lothian and Midlothian","[c]","[c]","[c]","[c]"
"Leaver CS","2022","Declared non-disabled","Asian","Scotland","Falkirk","[c]","[c]","[c]","[c]"
"Leaver CS","2022","Declared non-disabled","Asian","Scotland","Glasgow City","10","[c]","[c]","[c]"
"Leaver CS","2022","Declared non-disabled","Asian","Scotland","Inverclyde, East Renfrewshire, and Renfrewshire","[c]","[c]","[c]","[c]"
"Leaver CS","2022","Declared non-disabled","Asian","Scotland","Inverness and Nairn, Moray, and Badenoch and Strathspey","[c]","[c]","[c]","[c]"
"Leaver CS","2022","Declared non-disabled","Asian","Scotland","Lochaber, Skye and Lochalsh, Arran and Cumbrae, and Argyll and Bute","[c]","[c]","[c]","[c]"
"Leaver CS","2022","Declared non-disabled","Asian","Scotland","Na h-Eileanan Siar","[c]","[c]","[c]","[c]"
"Leaver CS","2022","Declared non-disabled","Asian","Scotland","North Lanarkshire","[c]","[c]","[c]","[c]"
"Leaver CS","2022","Declared non-disabled","Asian","Scotland","Orkney Islands","[c]","[c]","[c]","[c]"
"Leaver CS","2022","Declared non-disabled","Asian","Scotland","Perth and Kinross, and Stirling","[c]","[c]","[c]","[c]"
"Leaver CS","2022","Declared non-disabled","Asian","Scotland","Scottish Borders","[c]","[c]","[c]","[c]"
"Leaver CS","2022","Declared non-disabled","Asian","Scotland","Shetland Islands","[c]","[c]","[c]","[c]"
"Leaver CS","2022","Declared non-disabled","Asian","Scotland","South Ayrshire","[c]","[c]","[c]","[c]"
"Leaver CS","2022","Declared non-disabled","Asian","Scotland","South Lanarkshire","[c]","[c]","[c]","[c]"
"Leaver CS","2022","Declared non-disabled","Asian","Scotland","West Lothian","[c]","[c]","[c]","[c]"
"Leaver CS","2022","Declared non-disabled","Asian","South East (England)","Berkshire","20","[c]","[c]","[c]"
"Leaver CS","2022","Declared non-disabled","Asian","South East (England)","Brighton and Hove","[c]","[c]","[c]","[c]"
"Leaver CS","2022","Declared non-disabled","Asian","South East (England)","Buckinghamshire","10","[c]","[c]","[c]"
"Leaver CS","2022","Declared non-disabled","Asian","South East (England)","Central Hampshire","[c]","[c]","[c]","[c]"
"Leaver CS","2022","Declared non-disabled","Asian","South East (England)","East Kent","[c]","[c]","[c]","[c]"
"Leaver CS","2022","Declared non-disabled","Asian","South East (England)","East Surrey","5","[c]","[c]","[c]"
"Leaver CS","2022","Declared non-disabled","Asian","South East (England)","East Sussex CC","[c]","[c]","[c]","[c]"
"Leaver CS","2022","Declared non-disabled","Asian","South East (England)","Isle of Wight","[c]","[c]","[c]","[c]"
"Leaver CS","2022","Declared non-disabled","Asian","South East (England)","Kent Thames Gateway","[c]","[c]","[c]","[c]"
"Leaver CS","2022","Declared non-disabled","Asian","South East (England)","Medway","[c]","[c]","[c]","[c]"
"Leaver CS","2022","Declared non-disabled","Asian","South East (England)","Mid Kent","[c]","[c]","[c]","[c]"
"Leaver CS","2022","Declared non-disabled","Asian","South East (England)","Milton Keynes","15","[c]","[c]","[c]"
"Leaver CS","2022","Declared non-disabled","Asian","South East (England)","North Hampshire","[c]","[c]","[c]","[c]"
"Leaver CS","2022","Declared non-disabled","Asian","South East (England)","Oxfordshire CC","10","[c]","[c]","[c]"
"Leaver CS","2022","Declared non-disabled","Asian","South East (England)","Portsmouth","5","[c]","[c]","[c]"
"Leaver CS","2022","Declared non-disabled","Asian","South East (England)","South Hampshire","5","[c]","[c]","[c]"
"Leaver CS","2022","Declared non-disabled","Asian","South East (England)","Southampton","10","[c]","[c]","[c]"
"Leaver CS","2022","Declared non-disabled","Asian","South East (England)","West Kent","[c]","[c]","[c]","[c]"
"Leaver CS","2022","Declared non-disabled","Asian","South East (England)","West Surrey","15","[c]","[c]","[c]"
"Leaver CS","2022","Declared non-disabled","Asian","South East (England)","West Sussex (North East)","[c]","[c]","[c]","[c]"
"Leaver CS","2022","Declared non-disabled","Asian","South East (England)","West Sussex (South West)","[c]","[c]","[c]","[c]"
"Leaver CS","2022","Declared non-disabled","Asian","South West (England)","Bath and North East Somerset, North Somerset and South Gloucestershire","25","[c]","[c]","[c]"
"Leaver CS","2022","Declared non-disabled","Asian","South West (England)","Bournemouth, Christchurch and Poole","[c]","[c]","[c]","[c]"
"Leaver CS","2022","Declared non-disabled","Asian","South West (England)","Bristol, City of","10","[c]","[c]","[c]"
"Leaver CS","2022","Declared non-disabled","Asian","South West (England)","Cornwall and Isles of Scilly","[c]","[c]","[c]","[c]"
"Leaver CS","2022","Declared non-disabled","Asian","South West (England)","Devon CC","5","[c]","[c]","[c]"
"Leaver CS","2022","Declared non-disabled","Asian","South West (England)","Dorset","[c]","[c]","[c]","[c]"
"Leaver CS","2022","Declared non-disabled","Asian","South West (England)","Gloucestershire CC","[c]","[c]","[c]","[c]"
"Leaver CS","2022","Declared non-disabled","Asian","South West (England)","Plymouth","[c]","[c]","[c]","[c]"
"Leaver CS","2022","Declared non-disabled","Asian","South West (England)","Somerset CC","[c]","[c]","[c]","[c]"
"Leaver CS","2022","Declared non-disabled","Asian","South West (England)","Swindon","[c]","[c]","[c]","[c]"
"Leaver CS","2022","Declared non-disabled","Asian","South West (England)","Torbay","[c]","[c]","[c]","[c]"
"Leaver CS","2022","Declared non-disabled","Asian","South West (England)","Wiltshire","20","[c]","[c]","[c]"
"Leaver CS","2022","Declared non-disabled","Asian","Unknown","Unknown","25","[c]","[c]","[c]"
"Leaver CS","2022","Declared non-disabled","Asian","Wales","Bridgend and Neath Port Talbot","[c]","[c]","[c]","[c]"
"Leaver CS","2022","Declared non-disabled","Asian","Wales","Cardiff and Vale of Glamorgan","10","[c]","[c]","[c]"
"Leaver CS","2022","Declared non-disabled","Asian","Wales","Central Valleys","[c]","[c]","[c]","[c]"
"Leaver CS","2022","Declared non-disabled","Asian","Wales","Conwy and Denbighshire","[c]","[c]","[c]","[c]"
"Leaver CS","2022","Declared non-disabled","Asian","Wales","Flintshire and Wrexham","[c]","[c]","[c]","[c]"
"Leaver CS","2022","Declared non-disabled","Asian","Wales","Gwent Valleys","[c]","[c]","[c]","[c]"
"Leaver CS","2022","Declared non-disabled","Asian","Wales","Gwynedd","[c]","[c]","[c]","[c]"
"Leaver CS","2022","Declared non-disabled","Asian","Wales","Isle of Anglesey","[c]","[c]","[c]","[c]"
"Leaver CS","2022","Declared non-disabled","Asian","Wales","Monmouthshire and Newport","15","[c]","[c]","[c]"
"Leaver CS","2022","Declared non-disabled","Asian","Wales","Powys","[c]","[c]","[c]","[c]"
"Leaver CS","2022","Declared non-disabled","Asian","Wales","South West Wales","[c]","[c]","[c]","[c]"
"Leaver CS","2022","Declared non-disabled","Asian","Wales","Swansea","[c]","[c]","[c]","[c]"
"Leaver CS","2022","Declared non-disabled","Asian","West Midlands (England)","Birmingham","100","[c]","27470","27570"
"Leaver CS","2022","Declared non-disabled","Asian","West Midlands (England)","Coventry","20","[c]","[c]","[c]"
"Leaver CS","2022","Declared non-disabled","Asian","West Midlands (England)","Dudley","5","[c]","[c]","[c]"
"Leaver CS","2022","Declared non-disabled","Asian","West Midlands (England)","Herefordshire, County of","[c]","[c]","[c]","[c]"
"Leaver CS","2022","Declared non-disabled","Asian","West Midlands (England)","Sandwell","[c]","[c]","[c]","[c]"
"Leaver CS","2022","Declared non-disabled","Asian","West Midlands (England)","Shropshire","[c]","[c]","[c]","[c]"
"Leaver CS","2022","Declared non-disabled","Asian","West Midlands (England)","Solihull","10","[c]","[c]","[c]"
"Leaver CS","2022","Declared non-disabled","Asian","West Midlands (England)","Staffordshire CC","10","[c]","[c]","[c]"
"Leaver CS","2022","Declared non-disabled","Asian","West Midlands (England)","Stoke-on-Trent","[c]","[c]","[c]","[c]"
"Leaver CS","2022","Declared non-disabled","Asian","West Midlands (England)","Telford and Wrekin","5","[c]","[c]","[c]"
"Leaver CS","2022","Declared non-disabled","Asian","West Midlands (England)","Walsall","5","[c]","[c]","[c]"
"Leaver CS","2022","Declared non-disabled","Asian","West Midlands (England)","Warwickshire CC","10","[c]","[c]","[c]"
"Leaver CS","2022","Declared non-disabled","Asian","West Midlands (England)","Wolverhampton","[c]","[c]","[c]","[c]"
"Leaver CS","2022","Declared non-disabled","Asian","West Midlands (England)","Worcestershire CC","[c]","[c]","[c]","[c]"
"Leaver CS","2022","Declared non-disabled","Asian","Yorkshire and The Humber","Barnsley, Doncaster and Rotherham","[c]","[c]","[c]","[c]"
"Leaver CS","2022","Declared non-disabled","Asian","Yorkshire and The Humber","Bradford","40","[c]","[c]","[c]"
"Leaver CS","2022","Declared non-disabled","Asian","Yorkshire and The Humber","Calderdale and Kirklees","15","[c]","[c]","[c]"
"Leaver CS","2022","Declared non-disabled","Asian","Yorkshire and The Humber","East Riding of Yorkshire","[c]","[c]","[c]","[c]"
"Leaver CS","2022","Declared non-disabled","Asian","Yorkshire and The Humber","Kingston upon Hull, City of","[c]","[c]","[c]","[c]"
"Leaver CS","2022","Declared non-disabled","Asian","Yorkshire and The Humber","Leeds","65","[c]","29940","27570"
"Leaver CS","2022","Declared non-disabled","Asian","Yorkshire and The Humber","North and North East Lincolnshire","[c]","[c]","[c]","[c]"
"Leaver CS","2022","Declared non-disabled","Asian","Yorkshire and The Humber","North Yorkshire CC","[c]","[c]","[c]","[c]"
"Leaver CS","2022","Declared non-disabled","Asian","Yorkshire and The Humber","Sheffield","25","[c]","[c]","[c]"
"Leaver CS","2022","Declared non-disabled","Asian","Yorkshire and The Humber","Wakefield","[c]","[c]","[c]","[c]"
"Leaver CS","2022","Declared non-disabled","Asian","Yorkshire and The Humber","York","5","[c]","[c]","[c]"
"Leaver CS","2022","Declared non-disabled","Black","East Midlands (England)","Derby","[c]","[c]","[c]","[c]"
"Leaver CS","2022","Declared non-disabled","Black","East Midlands (England)","East Derbyshire","[c]","[c]","[c]","[c]"
"Leaver CS","2022","Declared non-disabled","Black","East Midlands (England)","Leicester","10","[c]","[c]","[c]"
"Leaver CS","2022","Declared non-disabled","Black","East Midlands (England)","Leicestershire CC and Rutland","5","[c]","[c]","[c]"
"Leaver CS","2022","Declared non-disabled","Black","East Midlands (England)","Lincolnshire CC","[c]","[c]","[c]","[c]"
"Leaver CS","2022","Declared non-disabled","Black","East Midlands (England)","North Northamptonshire","[c]","[c]","[c]","[c]"
"Leaver CS","2022","Declared non-disabled","Black","East Midlands (England)","North Nottinghamshire","[c]","[c]","[c]","[c]"
"Leaver CS","2022","Declared non-disabled","Black","East Midlands (England)","Nottingham","10","[c]","[c]","[c]"
"Leaver CS","2022","Declared non-disabled","Black","East Midlands (England)","South and West Derbyshire","[c]","[c]","[c]","[c]"
"Leaver CS","2022","Declared non-disabled","Black","East Midlands (England)","South Nottinghamshire","[c]","[c]","[c]","[c]"
"Leaver CS","2022","Declared non-disabled","Black","East Midlands (England)","West Northamptonshire","[c]","[c]","[c]","[c]"
"Leaver CS","2022","Declared non-disabled","Black","East of England","Bedford","[c]","[c]","[c]","[c]"
"Leaver CS","2022","Declared non-disabled","Black","East of England","Breckland and South Norfolk","[c]","[c]","[c]","[c]"
"Leaver CS","2022","Declared non-disabled","Black","East of England","Cambridgeshire CC","5","[c]","[c]","[c]"
"Leaver CS","2022","Declared non-disabled","Black","East of England","Central Bedfordshire","[c]","[c]","[c]","[c]"
"Leaver CS","2022","Declared non-disabled","Black","East of England","Essex Haven Gateway","[c]","[c]","[c]","[c]"
"Leaver CS","2022","Declared non-disabled","Black","East of England","Essex Thames Gateway","10","[c]","[c]","[c]"
"Leaver CS","2022","Declared non-disabled","Black","East of England","Heart of Essex","[c]","[c]","[c]","[c]"
"Leaver CS","2022","Declared non-disabled","Black","East of England","Hertfordshire CC","15","[c]","[c]","[c]"
"Leaver CS","2022","Declared non-disabled","Black","East of England","Luton","[c]","[c]","[c]","[c]"
"Leaver CS","2022","Declared non-disabled","Black","East of England","North and West Norfolk","[c]","[c]","[c]","[c]"
"Leaver CS","2022","Declared non-disabled","Black","East of England","Norwich and East Norfolk","[c]","[c]","[c]","[c]"
"Leaver CS","2022","Declared non-disabled","Black","East of England","Peterborough","5","[c]","[c]","[c]"
"Leaver CS","2022","Declared non-disabled","Black","East of England","Southend-on-Sea","[c]","[c]","[c]","[c]"
"Leaver CS","2022","Declared non-disabled","Black","East of England","Suffolk CC","5","[c]","[c]","[c]"
"Leaver CS","2022","Declared non-disabled","Black","East of England","Thurrock","[c]","[c]","[c]","[c]"
"Leaver CS","2022","Declared non-disabled","Black","East of England","West Essex","[c]","[c]","[c]","[c]"
"Leaver CS","2022","Declared non-disabled","Black","London","Barking & Dagenham and Havering","5","[c]","[c]","[c]"
"Leaver CS","2022","Declared non-disabled","Black","London","Barnet","30","[c]","[c]","[c]"
"Leaver CS","2022","Declared non-disabled","Black","London","Bexley and Greenwich","15","[c]","[c]","[c]"
"Leaver CS","2022","Declared non-disabled","Black","London","Brent","20","[c]","[c]","[c]"
"Leaver CS","2022","Declared non-disabled","Black","London","Bromley","10","[c]","[c]","[c]"
"Leaver CS","2022","Declared non-disabled","Black","London","Camden and City of London","15","[c]","[c]","[c]"
"Leaver CS","2022","Declared non-disabled","Black","London","Croydon","55","[c]","33240","31060"
"Leaver CS","2022","Declared non-disabled","Black","London","Ealing","10","[c]","[c]","[c]"
"Leaver CS","2022","Declared non-disabled","Black","London","Enfield","10","[c]","[c]","[c]"
"Leaver CS","2022","Declared non-disabled","Black","London","Hackney and Newham","25","[c]","[c]","[c]"
"Leaver CS","2022","Declared non-disabled","Black","London","Haringey and Islington","25","[c]","[c]","[c]"
"Leaver CS","2022","Declared non-disabled","Black","London","Harrow and Hillingdon","10","[c]","[c]","[c]"
"Leaver CS","2022","Declared non-disabled","Black","London","Hounslow and Richmond upon Thames","10","[c]","[c]","[c]"
"Leaver CS","2022","Declared non-disabled","Black","London","Kensington & Chelsea and Hammersmith & Fulham","20","[c]","[c]","[c]"
"Leaver CS","2022","Declared non-disabled","Black","London","Lambeth","90","[c]","36350","31060"
"Leaver CS","2022","Declared non-disabled","Black","London","Lewisham and Southwark","60","[c]","37330","31060"
"Leaver CS","2022","Declared non-disabled","Black","London","Merton, Kingston upon Thames and Sutton","10","[c]","[c]","[c]"
"Leaver CS","2022","Declared non-disabled","Black","London","Redbridge and Waltham Forest","10","[c]","[c]","[c]"
"Leaver CS","2022","Declared non-disabled","Black","London","Tower Hamlets","45","[c]","39350","35570"
"Leaver CS","2022","Declared non-disabled","Black","London","Wandsworth","10","[c]","[c]","[c]"
"Leaver CS","2022","Declared non-disabled","Black","London","Westminster","160","[c]","36470","31880"
"Leaver CS","2022","Declared non-disabled","Black","North East (England)","Darlington","[c]","[c]","[c]","[c]"
"Leaver CS","2022","Declared non-disabled","Black","North East (England)","Durham","[c]","[c]","[c]","[c]"
"Leaver CS","2022","Declared non-disabled","Black","North East (England)","Hartlepool and Stockton-on-Tees","[c]","[c]","[c]","[c]"
"Leaver CS","2022","Declared non-disabled","Black","North East (England)","Northumberland","[c]","[c]","[c]","[c]"
"Leaver CS","2022","Declared non-disabled","Black","North East (England)","South Teesside","[c]","[c]","[c]","[c]"
"Leaver CS","2022","Declared non-disabled","Black","North East (England)","Sunderland","[c]","[c]","[c]","[c]"
"Leaver CS","2022","Declared non-disabled","Black","North East (England)","Tyneside","15","[c]","[c]","[c]"
"Leaver CS","2022","Declared non-disabled","Black","North West (England)","Blackburn with Darwen","[c]","[c]","[c]","[c]"
"Leaver CS","2022","Declared non-disabled","Black","North West (England)","Blackpool","[c]","[c]","[c]","[c]"
"Leaver CS","2022","Declared non-disabled","Black","North West (England)","Cheshire East","[c]","[c]","[c]","[c]"
"Leaver CS","2022","Declared non-disabled","Black","North West (England)","Cheshire West and Chester","[c]","[c]","[c]","[c]"
"Leaver CS","2022","Declared non-disabled","Black","North West (England)","Chorley and West Lancashire","[c]","[c]","[c]","[c]"
"Leaver CS","2022","Declared non-disabled","Black","North West (England)","East Cumbria","[c]","[c]","[c]","[c]"
"Leaver CS","2022","Declared non-disabled","Black","North West (England)","East Lancashire","[c]","[c]","[c]","[c]"
"Leaver CS","2022","Declared non-disabled","Black","North West (England)","East Merseyside","[c]","[c]","[c]","[c]"
"Leaver CS","2022","Declared non-disabled","Black","North West (England)","Greater Manchester North East","[c]","[c]","[c]","[c]"
"Leaver CS","2022","Declared non-disabled","Black","North West (England)","Greater Manchester North West","[c]","[c]","[c]","[c]"
"Leaver CS","2022","Declared non-disabled","Black","North West (England)","Greater Manchester South East","5","[c]","[c]","[c]"
"Leaver CS","2022","Declared non-disabled","Black","North West (England)","Greater Manchester South West","10","[c]","[c]","[c]"
"Leaver CS","2022","Declared non-disabled","Black","North West (England)","Lancaster and Wyre","[c]","[c]","[c]","[c]"
"Leaver CS","2022","Declared non-disabled","Black","North West (England)","Liverpool","10","[c]","[c]","[c]"
"Leaver CS","2022","Declared non-disabled","Black","North West (England)","Manchester","25","[c]","[c]","[c]"
"Leaver CS","2022","Declared non-disabled","Black","North West (England)","Mid Lancashire","[c]","[c]","[c]","[c]"
"Leaver CS","2022","Declared non-disabled","Black","North West (England)","Sefton","[c]","[c]","[c]","[c]"
"Leaver CS","2022","Declared non-disabled","Black","North West (England)","Warrington","[c]","[c]","[c]","[c]"
"Leaver CS","2022","Declared non-disabled","Black","North West (England)","West Cumbria","[c]","[c]","[c]","[c]"
"Leaver CS","2022","Declared non-disabled","Black","North West (England)","Wirral","[c]","[c]","[c]","[c]"
"Leaver CS","2022","Declared non-disabled","Black","Northern Ireland","Antrim and Newtownabbey","[c]","[c]","[c]","[c]"
"Leaver CS","2022","Declared non-disabled","Black","Northern Ireland","Ards and North Down","[c]","[c]","[c]","[c]"
"Leaver CS","2022","Declared non-disabled","Black","Northern Ireland","Belfast","[c]","[c]","[c]","[c]"
"Leaver CS","2022","Declared non-disabled","Black","Northern Ireland","Causeway Coast and Glens","[c]","[c]","[c]","[c]"
"Leaver CS","2022","Declared non-disabled","Black","Northern Ireland","Derry City and Strabane","[c]","[c]","[c]","[c]"
"Leaver CS","2022","Declared non-disabled","Black","Northern Ireland","Fermanagh and Omagh","[c]","[c]","[c]","[c]"
"Leaver CS","2022","Declared non-disabled","Black","Northern Ireland","Lisburn and Castlereagh","[c]","[c]","[c]","[c]"
"Leaver CS","2022","Declared non-disabled","Black","Northern Ireland","Mid and East Antrim","[c]","[c]","[c]","[c]"
"Leaver CS","2022","Declared non-disabled","Black","Northern Ireland","Newry, Mourne and Down","[c]","[c]","[c]","[c]"
"Leaver CS","2022","Declared non-disabled","Black","Overseas","Overseas","[c]","[c]","[c]","[c]"
"Leaver CS","2022","Declared non-disabled","Black","Scotland","Aberdeen City and Aberdeenshire","[c]","[c]","[c]","[c]"
"Leaver CS","2022","Declared non-disabled","Black","Scotland","Angus and Dundee City","[c]","[c]","[c]","[c]"
"Leaver CS","2022","Declared non-disabled","Black","Scotland","Caithness and Sutherland, and Ross and Cromarty","[c]","[c]","[c]","[c]"
"Leaver CS","2022","Declared non-disabled","Black","Scotland","City of Edinburgh","5","[c]","[c]","[c]"
"Leaver CS","2022","Declared non-disabled","Black","Scotland","Clackmannanshire and Fife","[c]","[c]","[c]","[c]"
"Leaver CS","2022","Declared non-disabled","Black","Scotland","Dumfries and Galloway","[c]","[c]","[c]","[c]"
"Leaver CS","2022","Declared non-disabled","Black","Scotland","East Ayrshire and North Ayrshire mainland","[c]","[c]","[c]","[c]"
"Leaver CS","2022","Declared non-disabled","Black","Scotland","East Dunbartonshire, West Dunbartonshire, and Helensburgh and Lomond","[c]","[c]","[c]","[c]"
"Leaver CS","2022","Declared non-disabled","Black","Scotland","East Lothian and Midlothian","[c]","[c]","[c]","[c]"
"Leaver CS","2022","Declared non-disabled","Black","Scotland","Falkirk","[c]","[c]","[c]","[c]"
"Leaver CS","2022","Declared non-disabled","Black","Scotland","Glasgow City","[c]","[c]","[c]","[c]"
"Leaver CS","2022","Declared non-disabled","Black","Scotland","Inverclyde, East Renfrewshire, and Renfrewshire","[c]","[c]","[c]","[c]"
"Leaver CS","2022","Declared non-disabled","Black","Scotland","Inverness and Nairn, Moray, and Badenoch and Strathspey","[c]","[c]","[c]","[c]"
"Leaver CS","2022","Declared non-disabled","Black","Scotland","Lochaber, Skye and Lochalsh, Arran and Cumbrae, and Argyll and Bute","[c]","[c]","[c]","[c]"
"Leaver CS","2022","Declared non-disabled","Black","Scotland","Na h-Eileanan Siar","[c]","[c]","[c]","[c]"
"Leaver CS","2022","Declared non-disabled","Black","Scotland","North Lanarkshire","[c]","[c]","[c]","[c]"
"Leaver CS","2022","Declared non-disabled","Black","Scotland","Orkney Islands","[c]","[c]","[c]","[c]"
"Leaver CS","2022","Declared non-disabled","Black","Scotland","Perth and Kinross, and Stirling","[c]","[c]","[c]","[c]"
"Leaver CS","2022","Declared non-disabled","Black","Scotland","Scottish Borders","[c]","[c]","[c]","[c]"
"Leaver CS","2022","Declared non-disabled","Black","Scotland","Shetland Islands","[c]","[c]","[c]","[c]"
"Leaver CS","2022","Declared non-disabled","Black","Scotland","South Ayrshire","[c]","[c]","[c]","[c]"
"Leaver CS","2022","Declared non-disabled","Black","Scotland","South Lanarkshire","[c]","[c]","[c]","[c]"
"Leaver CS","2022","Declared non-disabled","Black","Scotland","West Lothian","[c]","[c]","[c]","[c]"
"Leaver CS","2022","Declared non-disabled","Black","South East (England)","Berkshire","5","[c]","[c]","[c]"
"Leaver CS","2022","Declared non-disabled","Black","South East (England)","Brighton and Hove","[c]","[c]","[c]","[c]"
"Leaver CS","2022","Declared non-disabled","Black","South East (England)","Buckinghamshire","5","[c]","[c]","[c]"
"Leaver CS","2022","Declared non-disabled","Black","South East (England)","Central Hampshire","[c]","[c]","[c]","[c]"
"Leaver CS","2022","Declared non-disabled","Black","South East (England)","East Kent","[c]","[c]","[c]","[c]"
"Leaver CS","2022","Declared non-disabled","Black","South East (England)","East Surrey","10","[c]","[c]","[c]"
"Leaver CS","2022","Declared non-disabled","Black","South East (England)","East Sussex CC","[c]","[c]","[c]","[c]"
"Leaver CS","2022","Declared non-disabled","Black","South East (England)","Isle of Wight","[c]","[c]","[c]","[c]"
"Leaver CS","2022","Declared non-disabled","Black","South East (England)","Kent Thames Gateway","5","[c]","[c]","[c]"
"Leaver CS","2022","Declared non-disabled","Black","South East (England)","Medway","5","[c]","[c]","[c]"
"Leaver CS","2022","Declared non-disabled","Black","South East (England)","Mid Kent","[c]","[c]","[c]","[c]"
"Leaver CS","2022","Declared non-disabled","Black","South East (England)","Milton Keynes","15","[c]","[c]","[c]"
"Leaver CS","2022","Declared non-disabled","Black","South East (England)","North Hampshire","[c]","[c]","[c]","[c]"
"Leaver CS","2022","Declared non-disabled","Black","South East (England)","Oxfordshire CC","5","[c]","[c]","[c]"
"Leaver CS","2022","Declared non-disabled","Black","South East (England)","Portsmouth","[c]","[c]","[c]","[c]"
"Leaver CS","2022","Declared non-disabled","Black","South East (England)","South Hampshire","[c]","[c]","[c]","[c]"
"Leaver CS","2022","Declared non-disabled","Black","South East (England)","Southampton","[c]","[c]","[c]","[c]"
"Leaver CS","2022","Declared non-disabled","Black","South East (England)","West Kent","[c]","[c]","[c]","[c]"
"Leaver CS","2022","Declared non-disabled","Black","South East (England)","West Surrey","5","[c]","[c]","[c]"
"Leaver CS","2022","Declared non-disabled","Black","South East (England)","West Sussex (North East)","[c]","[c]","[c]","[c]"
"Leaver CS","2022","Declared non-disabled","Black","South East (England)","West Sussex (South West)","[c]","[c]","[c]","[c]"
"Leaver CS","2022","Declared non-disabled","Black","South West (England)","Bath and North East Somerset, North Somerset and South Gloucestershire","20","[c]","[c]","[c]"
"Leaver CS","2022","Declared non-disabled","Black","South West (England)","Bournemouth, Christchurch and Poole","[c]","[c]","[c]","[c]"
"Leaver CS","2022","Declared non-disabled","Black","South West (England)","Bristol, City of","10","[c]","[c]","[c]"
"Leaver CS","2022","Declared non-disabled","Black","South West (England)","Cornwall and Isles of Scilly","[c]","[c]","[c]","[c]"
"Leaver CS","2022","Declared non-disabled","Black","South West (England)","Devon CC","[c]","[c]","[c]","[c]"
"Leaver CS","2022","Declared non-disabled","Black","South West (England)","Dorset","[c]","[c]","[c]","[c]"
"Leaver CS","2022","Declared non-disabled","Black","South West (England)","Gloucestershire CC","[c]","[c]","[c]","[c]"
"Leaver CS","2022","Declared non-disabled","Black","South West (England)","Plymouth","[c]","[c]","[c]","[c]"
"Leaver CS","2022","Declared non-disabled","Black","South West (England)","Somerset CC","[c]","[c]","[c]","[c]"
"Leaver CS","2022","Declared non-disabled","Black","South West (England)","Swindon","[c]","[c]","[c]","[c]"
"Leaver CS","2022","Declared non-disabled","Black","South West (England)","Torbay","[c]","[c]","[c]","[c]"
"Leaver CS","2022","Declared non-disabled","Black","South West (England)","Wiltshire","15","[c]","[c]","[c]"
"Leaver CS","2022","Declared non-disabled","Black","Unknown","Unknown","10","[c]","[c]","[c]"
"Leaver CS","2022","Declared non-disabled","Black","Wales","Bridgend and Neath Port Talbot","[c]","[c]","[c]","[c]"
"Leaver CS","2022","Declared non-disabled","Black","Wales","Cardiff and Vale of Glamorgan","10","[c]","[c]","[c]"
"Leaver CS","2022","Declared non-disabled","Black","Wales","Central Valleys","[c]","[c]","[c]","[c]"
"Leaver CS","2022","Declared non-disabled","Black","Wales","Conwy and Denbighshire","[c]","[c]","[c]","[c]"
"Leaver CS","2022","Declared non-disabled","Black","Wales","Flintshire and Wrexham","[c]","[c]","[c]","[c]"
"Leaver CS","2022","Declared non-disabled","Black","Wales","Gwent Valleys","[c]","[c]","[c]","[c]"
"Leaver CS","2022","Declared non-disabled","Black","Wales","Gwynedd","[c]","[c]","[c]","[c]"
"Leaver CS","2022","Declared non-disabled","Black","Wales","Isle of Anglesey","[c]","[c]","[c]","[c]"
"Leaver CS","2022","Declared non-disabled","Black","Wales","Monmouthshire and Newport","[c]","[c]","[c]","[c]"
"Leaver CS","2022","Declared non-disabled","Black","Wales","Powys","[c]","[c]","[c]","[c]"
"Leaver CS","2022","Declared non-disabled","Black","Wales","South West Wales","[c]","[c]","[c]","[c]"
"Leaver CS","2022","Declared non-disabled","Black","Wales","Swansea","[c]","[c]","[c]","[c]"
"Leaver CS","2022","Declared non-disabled","Black","West Midlands (England)","Birmingham","45","[c]","31530","27570"
"Leaver CS","2022","Declared non-disabled","Black","West Midlands (England)","Coventry","10","[c]","[c]","[c]"
"Leaver CS","2022","Declared non-disabled","Black","West Midlands (England)","Dudley","[c]","[c]","[c]","[c]"
"Leaver CS","2022","Declared non-disabled","Black","West Midlands (England)","Herefordshire, County of","[c]","[c]","[c]","[c]"
"Leaver CS","2022","Declared non-disabled","Black","West Midlands (England)","Sandwell","[c]","[c]","[c]","[c]"
"Leaver CS","2022","Declared non-disabled","Black","West Midlands (England)","Shropshire","[c]","[c]","[c]","[c]"
"Leaver CS","2022","Declared non-disabled","Black","West Midlands (England)","Solihull","[c]","[c]","[c]","[c]"
"Leaver CS","2022","Declared non-disabled","Black","West Midlands (England)","Staffordshire CC","[c]","[c]","[c]","[c]"
"Leaver CS","2022","Declared non-disabled","Black","West Midlands (England)","Stoke-on-Trent","[c]","[c]","[c]","[c]"
"Leaver CS","2022","Declared non-disabled","Black","West Midlands (England)","Telford and Wrekin","[c]","[c]","[c]","[c]"
"Leaver CS","2022","Declared non-disabled","Black","West Midlands (England)","Walsall","[c]","[c]","[c]","[c]"
"Leaver CS","2022","Declared non-disabled","Black","West Midlands (England)","Warwickshire CC","[c]","[c]","[c]","[c]"
"Leaver CS","2022","Declared non-disabled","Black","West Midlands (England)","Wolverhampton","[c]","[c]","[c]","[c]"
"Leaver CS","2022","Declared non-disabled","Black","West Midlands (England)","Worcestershire CC","[c]","[c]","[c]","[c]"
"Leaver CS","2022","Declared non-disabled","Black","Yorkshire and The Humber","Barnsley, Doncaster and Rotherham","[c]","[c]","[c]","[c]"
"Leaver CS","2022","Declared non-disabled","Black","Yorkshire and The Humber","Bradford","5","[c]","[c]","[c]"
"Leaver CS","2022","Declared non-disabled","Black","Yorkshire and The Humber","Calderdale and Kirklees","[c]","[c]","[c]","[c]"
"Leaver CS","2022","Declared non-disabled","Black","Yorkshire and The Humber","East Riding of Yorkshire","[c]","[c]","[c]","[c]"
"Leaver CS","2022","Declared non-disabled","Black","Yorkshire and The Humber","Kingston upon Hull, City of","[c]","[c]","[c]","[c]"
"Leaver CS","2022","Declared non-disabled","Black","Yorkshire and The Humber","Leeds","25","[c]","[c]","[c]"
"Leaver CS","2022","Declared non-disabled","Black","Yorkshire and The Humber","North and North East Lincolnshire","[c]","[c]","[c]","[c]"
"Leaver CS","2022","Declared non-disabled","Black","Yorkshire and The Humber","North Yorkshire CC","[c]","[c]","[c]","[c]"
"Leaver CS","2022","Declared non-disabled","Black","Yorkshire and The Humber","Sheffield","5","[c]","[c]","[c]"
"Leaver CS","2022","Declared non-disabled","Black","Yorkshire and The Humber","Wakefield","[c]","[c]","[c]","[c]"
"Leaver CS","2022","Declared non-disabled","Black","Yorkshire and The Humber","York","[c]","[c]","[c]","[c]"
"Leaver CS","2022","Declared non-disabled","Mixed","East Midlands (England)","Derby","5","[c]","[c]","[c]"
"Leaver CS","2022","Declared non-disabled","Mixed","East Midlands (England)","East Derbyshire","[c]","[c]","[c]","[c]"
"Leaver CS","2022","Declared non-disabled","Mixed","East Midlands (England)","Leicester","5","[c]","[c]","[c]"
"Leaver CS","2022","Declared non-disabled","Mixed","East Midlands (England)","Leicestershire CC and Rutland","[c]","[c]","[c]","[c]"
"Leaver CS","2022","Declared non-disabled","Mixed","East Midlands (England)","Lincolnshire CC","[c]","[c]","[c]","[c]"
"Leaver CS","2022","Declared non-disabled","Mixed","East Midlands (England)","North Northamptonshire","[c]","[c]","[c]","[c]"
"Leaver CS","2022","Declared non-disabled","Mixed","East Midlands (England)","North Nottinghamshire","[c]","[c]","[c]","[c]"
"Leaver CS","2022","Declared non-disabled","Mixed","East Midlands (England)","Nottingham","10","[c]","[c]","[c]"
"Leaver CS","2022","Declared non-disabled","Mixed","East Midlands (England)","South and West Derbyshire","[c]","[c]","[c]","[c]"
"Leaver CS","2022","Declared non-disabled","Mixed","East Midlands (England)","South Nottinghamshire","[c]","[c]","[c]","[c]"
"Leaver CS","2022","Declared non-disabled","Mixed","East Midlands (England)","West Northamptonshire","[c]","[c]","[c]","[c]"
"Leaver CS","2022","Declared non-disabled","Mixed","East of England","Bedford","[c]","[c]","[c]","[c]"
"Leaver CS","2022","Declared non-disabled","Mixed","East of England","Breckland and South Norfolk","[c]","[c]","[c]","[c]"
"Leaver CS","2022","Declared non-disabled","Mixed","East of England","Cambridgeshire CC","[c]","[c]","[c]","[c]"
"Leaver CS","2022","Declared non-disabled","Mixed","East of England","Central Bedfordshire","[c]","[c]","[c]","[c]"
"Leaver CS","2022","Declared non-disabled","Mixed","East of England","Essex Haven Gateway","[c]","[c]","[c]","[c]"
"Leaver CS","2022","Declared non-disabled","Mixed","East of England","Essex Thames Gateway","[c]","[c]","[c]","[c]"
"Leaver CS","2022","Declared non-disabled","Mixed","East of England","Heart of Essex","[c]","[c]","[c]","[c]"
"Leaver CS","2022","Declared non-disabled","Mixed","East of England","Hertfordshire CC","5","[c]","[c]","[c]"
"Leaver CS","2022","Declared non-disabled","Mixed","East of England","Luton","[c]","[c]","[c]","[c]"
"Leaver CS","2022","Declared non-disabled","Mixed","East of England","North and West Norfolk","[c]","[c]","[c]","[c]"
"Leaver CS","2022","Declared non-disabled","Mixed","East of England","Norwich and East Norfolk","[c]","[c]","[c]","[c]"
"Leaver CS","2022","Declared non-disabled","Mixed","East of England","Peterborough","[c]","[c]","[c]","[c]"
"Leaver CS","2022","Declared non-disabled","Mixed","East of England","Southend-on-Sea","[c]","[c]","[c]","[c]"
"Leaver CS","2022","Declared non-disabled","Mixed","East of England","Suffolk CC","[c]","[c]","[c]","[c]"
"Leaver CS","2022","Declared non-disabled","Mixed","East of England","Thurrock","[c]","[c]","[c]","[c]"
"Leaver CS","2022","Declared non-disabled","Mixed","East of England","West Essex","[c]","[c]","[c]","[c]"
"Leaver CS","2022","Declared non-disabled","Mixed","London","Barking & Dagenham and Havering","[c]","[c]","[c]","[c]"
"Leaver CS","2022","Declared non-disabled","Mixed","London","Barnet","5","[c]","[c]","[c]"
"Leaver CS","2022","Declared non-disabled","Mixed","London","Bexley and Greenwich","10","[c]","[c]","[c]"
"Leaver CS","2022","Declared non-disabled","Mixed","London","Brent","5","[c]","[c]","[c]"
"Leaver CS","2022","Declared non-disabled","Mixed","London","Bromley","[c]","[c]","[c]","[c]"
"Leaver CS","2022","Declared non-disabled","Mixed","London","Camden and City of London","5","[c]","[c]","[c]"
"Leaver CS","2022","Declared non-disabled","Mixed","London","Croydon","10","[c]","[c]","[c]"
"Leaver CS","2022","Declared non-disabled","Mixed","London","Ealing","[c]","[c]","[c]","[c]"
"Leaver CS","2022","Declared non-disabled","Mixed","London","Enfield","[c]","[c]","[c]","[c]"
"Leaver CS","2022","Declared non-disabled","Mixed","London","Hackney and Newham","5","[c]","[c]","[c]"
"Leaver CS","2022","Declared non-disabled","Mixed","London","Haringey and Islington","10","[c]","[c]","[c]"
"Leaver CS","2022","Declared non-disabled","Mixed","London","Harrow and Hillingdon","[c]","[c]","[c]","[c]"
"Leaver CS","2022","Declared non-disabled","Mixed","London","Hounslow and Richmond upon Thames","5","[c]","[c]","[c]"
"Leaver CS","2022","Declared non-disabled","Mixed","London","Kensington & Chelsea and Hammersmith & Fulham","5","[c]","[c]","[c]"
"Leaver CS","2022","Declared non-disabled","Mixed","London","Lambeth","25","[c]","[c]","[c]"
"Leaver CS","2022","Declared non-disabled","Mixed","London","Lewisham and Southwark","10","[c]","[c]","[c]"
"Leaver CS","2022","Declared non-disabled","Mixed","London","Merton, Kingston upon Thames and Sutton","[c]","[c]","[c]","[c]"
"Leaver CS","2022","Declared non-disabled","Mixed","London","Redbridge and Waltham Forest","5","[c]","[c]","[c]"
"Leaver CS","2022","Declared non-disabled","Mixed","London","Tower Hamlets","25","[c]","[c]","[c]"
"Leaver CS","2022","Declared non-disabled","Mixed","London","Wandsworth","[c]","[c]","[c]","[c]"
"Leaver CS","2022","Declared non-disabled","Mixed","London","Westminster","110","[c]","41430","36810"
"Leaver CS","2022","Declared non-disabled","Mixed","North East (England)","Darlington","[c]","[c]","[c]","[c]"
"Leaver CS","2022","Declared non-disabled","Mixed","North East (England)","Durham","[c]","[c]","[c]","[c]"
"Leaver CS","2022","Declared non-disabled","Mixed","North East (England)","Hartlepool and Stockton-on-Tees","[c]","[c]","[c]","[c]"
"Leaver CS","2022","Declared non-disabled","Mixed","North East (England)","Northumberland","[c]","[c]","[c]","[c]"
"Leaver CS","2022","Declared non-disabled","Mixed","North East (England)","South Teesside","[c]","[c]","[c]","[c]"
"Leaver CS","2022","Declared non-disabled","Mixed","North East (England)","Sunderland","[c]","[c]","[c]","[c]"
"Leaver CS","2022","Declared non-disabled","Mixed","North East (England)","Tyneside","15","[c]","[c]","[c]"
"Leaver CS","2022","Declared non-disabled","Mixed","North West (England)","Blackburn with Darwen","[c]","[c]","[c]","[c]"
"Leaver CS","2022","Declared non-disabled","Mixed","North West (England)","Blackpool","[c]","[c]","[c]","[c]"
"Leaver CS","2022","Declared non-disabled","Mixed","North West (England)","Cheshire East","[c]","[c]","[c]","[c]"
"Leaver CS","2022","Declared non-disabled","Mixed","North West (England)","Cheshire West and Chester","[c]","[c]","[c]","[c]"
"Leaver CS","2022","Declared non-disabled","Mixed","North West (England)","Chorley and West Lancashire","[c]","[c]","[c]","[c]"
"Leaver CS","2022","Declared non-disabled","Mixed","North West (England)","East Cumbria","[c]","[c]","[c]","[c]"
"Leaver CS","2022","Declared non-disabled","Mixed","North West (England)","East Lancashire","[c]","[c]","[c]","[c]"
"Leaver CS","2022","Declared non-disabled","Mixed","North West (England)","East Merseyside","[c]","[c]","[c]","[c]"
"Leaver CS","2022","Declared non-disabled","Mixed","North West (England)","Greater Manchester North East","[c]","[c]","[c]","[c]"
"Leaver CS","2022","Declared non-disabled","Mixed","North West (England)","Greater Manchester North West","[c]","[c]","[c]","[c]"
"Leaver CS","2022","Declared non-disabled","Mixed","North West (England)","Greater Manchester South East","[c]","[c]","[c]","[c]"
"Leaver CS","2022","Declared non-disabled","Mixed","North West (England)","Greater Manchester South West","10","[c]","[c]","[c]"
"Leaver CS","2022","Declared non-disabled","Mixed","North West (England)","Lancaster and Wyre","[c]","[c]","[c]","[c]"
"Leaver CS","2022","Declared non-disabled","Mixed","North West (England)","Liverpool","5","[c]","[c]","[c]"
"Leaver CS","2022","Declared non-disabled","Mixed","North West (England)","Manchester","10","[c]","[c]","[c]"
"Leaver CS","2022","Declared non-disabled","Mixed","North West (England)","Mid Lancashire","[c]","[c]","[c]","[c]"
"Leaver CS","2022","Declared non-disabled","Mixed","North West (England)","Sefton","[c]","[c]","[c]","[c]"
"Leaver CS","2022","Declared non-disabled","Mixed","North West (England)","Warrington","[c]","[c]","[c]","[c]"
"Leaver CS","2022","Declared non-disabled","Mixed","North West (England)","West Cumbria","[c]","[c]","[c]","[c]"
"Leaver CS","2022","Declared non-disabled","Mixed","North West (England)","Wirral","5","[c]","[c]","[c]"
"Leaver CS","2022","Declared non-disabled","Mixed","Northern Ireland","Antrim and Newtownabbey","[c]","[c]","[c]","[c]"
"Leaver CS","2022","Declared non-disabled","Mixed","Northern Ireland","Ards and North Down","[c]","[c]","[c]","[c]"
"Leaver CS","2022","Declared non-disabled","Mixed","Northern Ireland","Belfast","[c]","[c]","[c]","[c]"
"Leaver CS","2022","Declared non-disabled","Mixed","Northern Ireland","Causeway Coast and Glens","[c]","[c]","[c]","[c]"
"Leaver CS","2022","Declared non-disabled","Mixed","Northern Ireland","Derry City and Strabane","[c]","[c]","[c]","[c]"
"Leaver CS","2022","Declared non-disabled","Mixed","Northern Ireland","Fermanagh and Omagh","[c]","[c]","[c]","[c]"
"Leaver CS","2022","Declared non-disabled","Mixed","Northern Ireland","Lisburn and Castlereagh","[c]","[c]","[c]","[c]"
"Leaver CS","2022","Declared non-disabled","Mixed","Northern Ireland","Mid and East Antrim","[c]","[c]","[c]","[c]"
"Leaver CS","2022","Declared non-disabled","Mixed","Northern Ireland","Newry, Mourne and Down","[c]","[c]","[c]","[c]"
"Leaver CS","2022","Declared non-disabled","Mixed","Overseas","Overseas","[c]","[c]","[c]","[c]"
"Leaver CS","2022","Declared non-disabled","Mixed","Scotland","Aberdeen City and Aberdeenshire","[c]","[c]","[c]","[c]"
"Leaver CS","2022","Declared non-disabled","Mixed","Scotland","Angus and Dundee City","[c]","[c]","[c]","[c]"
"Leaver CS","2022","Declared non-disabled","Mixed","Scotland","Caithness and Sutherland, and Ross and Cromarty","[c]","[c]","[c]","[c]"
"Leaver CS","2022","Declared non-disabled","Mixed","Scotland","City of Edinburgh","[c]","[c]","[c]","[c]"
"Leaver CS","2022","Declared non-disabled","Mixed","Scotland","Clackmannanshire and Fife","[c]","[c]","[c]","[c]"
"Leaver CS","2022","Declared non-disabled","Mixed","Scotland","Dumfries and Galloway","[c]","[c]","[c]","[c]"
"Leaver CS","2022","Declared non-disabled","Mixed","Scotland","East Ayrshire and North Ayrshire mainland","[c]","[c]","[c]","[c]"
"Leaver CS","2022","Declared non-disabled","Mixed","Scotland","East Dunbartonshire, West Dunbartonshire, and Helensburgh and Lomond","[c]","[c]","[c]","[c]"
"Leaver CS","2022","Declared non-disabled","Mixed","Scotland","East Lothian and Midlothian","[c]","[c]","[c]","[c]"
"Leaver CS","2022","Declared non-disabled","Mixed","Scotland","Falkirk","[c]","[c]","[c]","[c]"
"Leaver CS","2022","Declared non-disabled","Mixed","Scotland","Glasgow City","10","[c]","[c]","[c]"
"Leaver CS","2022","Declared non-disabled","Mixed","Scotland","Inverclyde, East Renfrewshire, and Renfrewshire","[c]","[c]","[c]","[c]"
"Leaver CS","2022","Declared non-disabled","Mixed","Scotland","Inverness and Nairn, Moray, and Badenoch and Strathspey","[c]","[c]","[c]","[c]"
"Leaver CS","2022","Declared non-disabled","Mixed","Scotland","Lochaber, Skye and Lochalsh, Arran and Cumbrae, and Argyll and Bute","[c]","[c]","[c]","[c]"
"Leaver CS","2022","Declared non-disabled","Mixed","Scotland","Na h-Eileanan Siar","[c]","[c]","[c]","[c]"
"Leaver CS","2022","Declared non-disabled","Mixed","Scotland","North Lanarkshire","[c]","[c]","[c]","[c]"
"Leaver CS","2022","Declared non-disabled","Mixed","Scotland","Orkney Islands","[c]","[c]","[c]","[c]"
"Leaver CS","2022","Declared non-disabled","Mixed","Scotland","Perth and Kinross, and Stirling","[c]","[c]","[c]","[c]"
"Leaver CS","2022","Declared non-disabled","Mixed","Scotland","Scottish Borders","[c]","[c]","[c]","[c]"
"Leaver CS","2022","Declared non-disabled","Mixed","Scotland","Shetland Islands","[c]","[c]","[c]","[c]"
"Leaver CS","2022","Declared non-disabled","Mixed","Scotland","South Ayrshire","[c]","[c]","[c]","[c]"
"Leaver CS","2022","Declared non-disabled","Mixed","Scotland","South Lanarkshire","[c]","[c]","[c]","[c]"
"Leaver CS","2022","Declared non-disabled","Mixed","Scotland","West Lothian","[c]","[c]","[c]","[c]"
"Leaver CS","2022","Declared non-disabled","Mixed","South East (England)","Berkshire","5","[c]","[c]","[c]"
"Leaver CS","2022","Declared non-disabled","Mixed","South East (England)","Brighton and Hove","[c]","[c]","[c]","[c]"
"Leaver CS","2022","Declared non-disabled","Mixed","South East (England)","Buckinghamshire","5","[c]","[c]","[c]"
"Leaver CS","2022","Declared non-disabled","Mixed","South East (England)","Central Hampshire","[c]","[c]","[c]","[c]"
"Leaver CS","2022","Declared non-disabled","Mixed","South East (England)","East Kent","[c]","[c]","[c]","[c]"
"Leaver CS","2022","Declared non-disabled","Mixed","South East (England)","East Surrey","[c]","[c]","[c]","[c]"
"Leaver CS","2022","Declared non-disabled","Mixed","South East (England)","East Sussex CC","5","[c]","[c]","[c]"
"Leaver CS","2022","Declared non-disabled","Mixed","South East (England)","Isle of Wight","[c]","[c]","[c]","[c]"
"Leaver CS","2022","Declared non-disabled","Mixed","South East (England)","Kent Thames Gateway","[c]","[c]","[c]","[c]"
"Leaver CS","2022","Declared non-disabled","Mixed","South East (England)","Medway","[c]","[c]","[c]","[c]"
"Leaver CS","2022","Declared non-disabled","Mixed","South East (England)","Mid Kent","[c]","[c]","[c]","[c]"
"Leaver CS","2022","Declared non-disabled","Mixed","South East (England)","Milton Keynes","5","[c]","[c]","[c]"
"Leaver CS","2022","Declared non-disabled","Mixed","South East (England)","North Hampshire","[c]","[c]","[c]","[c]"
"Leaver CS","2022","Declared non-disabled","Mixed","South East (England)","Oxfordshire CC","5","[c]","[c]","[c]"
"Leaver CS","2022","Declared non-disabled","Mixed","South East (England)","Portsmouth","[c]","[c]","[c]","[c]"
"Leaver CS","2022","Declared non-disabled","Mixed","South East (England)","South Hampshire","[c]","[c]","[c]","[c]"
"Leaver CS","2022","Declared non-disabled","Mixed","South East (England)","Southampton","[c]","[c]","[c]","[c]"
"Leaver CS","2022","Declared non-disabled","Mixed","South East (England)","West Kent","[c]","[c]","[c]","[c]"
"Leaver CS","2022","Declared non-disabled","Mixed","South East (England)","West Surrey","5","[c]","[c]","[c]"
"Leaver CS","2022","Declared non-disabled","Mixed","South East (England)","West Sussex (North East)","[c]","[c]","[c]","[c]"
"Leaver CS","2022","Declared non-disabled","Mixed","South East (England)","West Sussex (South West)","[c]","[c]","[c]","[c]"
"Leaver CS","2022","Declared non-disabled","Mixed","South West (England)","Bath and North East Somerset, North Somerset and South Gloucestershire","20","[c]","[c]","[c]"
"Leaver CS","2022","Declared non-disabled","Mixed","South West (England)","Bournemouth, Christchurch and Poole","[c]","[c]","[c]","[c]"
"Leaver CS","2022","Declared non-disabled","Mixed","South West (England)","Bristol, City of","10","[c]","[c]","[c]"
"Leaver CS","2022","Declared non-disabled","Mixed","South West (England)","Cornwall and Isles of Scilly","[c]","[c]","[c]","[c]"
"Leaver CS","2022","Declared non-disabled","Mixed","South West (England)","Devon CC","5","[c]","[c]","[c]"
"Leaver CS","2022","Declared non-disabled","Mixed","South West (England)","Dorset","[c]","[c]","[c]","[c]"
"Leaver CS","2022","Declared non-disabled","Mixed","South West (England)","Gloucestershire CC","[c]","[c]","[c]","[c]"
"Leaver CS","2022","Declared non-disabled","Mixed","South West (England)","Plymouth","[c]","[c]","[c]","[c]"
"Leaver CS","2022","Declared non-disabled","Mixed","South West (England)","Somerset CC","[c]","[c]","[c]","[c]"
"Leaver CS","2022","Declared non-disabled","Mixed","South West (England)","Swindon","[c]","[c]","[c]","[c]"
"Leaver CS","2022","Declared non-disabled","Mixed","South West (England)","Torbay","[c]","[c]","[c]","[c]"
"Leaver CS","2022","Declared non-disabled","Mixed","South West (England)","Wiltshire","10","[c]","[c]","[c]"
"Leaver CS","2022","Declared non-disabled","Mixed","Unknown","Unknown","10","[c]","[c]","[c]"
"Leaver CS","2022","Declared non-disabled","Mixed","Wales","Bridgend and Neath Port Talbot","[c]","[c]","[c]","[c]"
"Leaver CS","2022","Declared non-disabled","Mixed","Wales","Cardiff and Vale of Glamorgan","10","[c]","[c]","[c]"
"Leaver CS","2022","Declared non-disabled","Mixed","Wales","Central Valleys","[c]","[c]","[c]","[c]"
"Leaver CS","2022","Declared non-disabled","Mixed","Wales","Conwy and Denbighshire","[c]","[c]","[c]","[c]"
"Leaver CS","2022","Declared non-disabled","Mixed","Wales","Flintshire and Wrexham","[c]","[c]","[c]","[c]"
"Leaver CS","2022","Declared non-disabled","Mixed","Wales","Gwent Valleys","[c]","[c]","[c]","[c]"
"Leaver CS","2022","Declared non-disabled","Mixed","Wales","Gwynedd","[c]","[c]","[c]","[c]"
"Leaver CS","2022","Declared non-disabled","Mixed","Wales","Isle of Anglesey","[c]","[c]","[c]","[c]"
"Leaver CS","2022","Declared non-disabled","Mixed","Wales","Monmouthshire and Newport","[c]","[c]","[c]","[c]"
"Leaver CS","2022","Declared non-disabled","Mixed","Wales","Powys","[c]","[c]","[c]","[c]"
"Leaver CS","2022","Declared non-disabled","Mixed","Wales","South West Wales","[c]","[c]","[c]","[c]"
"Leaver CS","2022","Declared non-disabled","Mixed","Wales","Swansea","[c]","[c]","[c]","[c]"
"Leaver CS","2022","Declared non-disabled","Mixed","West Midlands (England)","Birmingham","15","[c]","[c]","[c]"
"Leaver CS","2022","Declared non-disabled","Mixed","West Midlands (England)","Coventry","[c]","[c]","[c]","[c]"
"Leaver CS","2022","Declared non-disabled","Mixed","West Midlands (England)","Dudley","[c]","[c]","[c]","[c]"
"Leaver CS","2022","Declared non-disabled","Mixed","West Midlands (England)","Herefordshire, County of","[c]","[c]","[c]","[c]"
"Leaver CS","2022","Declared non-disabled","Mixed","West Midlands (England)","Sandwell","[c]","[c]","[c]","[c]"
"Leaver CS","2022","Declared non-disabled","Mixed","West Midlands (England)","Shropshire","[c]","[c]","[c]","[c]"
"Leaver CS","2022","Declared non-disabled","Mixed","West Midlands (England)","Solihull","[c]","[c]","[c]","[c]"
"Leaver CS","2022","Declared non-disabled","Mixed","West Midlands (England)","Staffordshire CC","[c]","[c]","[c]","[c]"
"Leaver CS","2022","Declared non-disabled","Mixed","West Midlands (England)","Stoke-on-Trent","[c]","[c]","[c]","[c]"
"Leaver CS","2022","Declared non-disabled","Mixed","West Midlands (England)","Telford and Wrekin","[c]","[c]","[c]","[c]"
"Leaver CS","2022","Declared non-disabled","Mixed","West Midlands (England)","Walsall","[c]","[c]","[c]","[c]"
"Leaver CS","2022","Declared non-disabled","Mixed","West Midlands (England)","Warwickshire CC","[c]","[c]","[c]","[c]"
"Leaver CS","2022","Declared non-disabled","Mixed","West Midlands (England)","Wolverhampton","[c]","[c]","[c]","[c]"
"Leaver CS","2022","Declared non-disabled","Mixed","West Midlands (England)","Worcestershire CC","[c]","[c]","[c]","[c]"
"Leaver CS","2022","Declared non-disabled","Mixed","Yorkshire and The Humber","Barnsley, Doncaster and Rotherham","[c]","[c]","[c]","[c]"
"Leaver CS","2022","Declared non-disabled","Mixed","Yorkshire and The Humber","Bradford","[c]","[c]","[c]","[c]"
"Leaver CS","2022","Declared non-disabled","Mixed","Yorkshire and The Humber","Calderdale and Kirklees","[c]","[c]","[c]","[c]"
"Leaver CS","2022","Declared non-disabled","Mixed","Yorkshire and The Humber","East Riding of Yorkshire","[c]","[c]","[c]","[c]"
"Leaver CS","2022","Declared non-disabled","Mixed","Yorkshire and The Humber","Kingston upon Hull, City of","[c]","[c]","[c]","[c]"
"Leaver CS","2022","Declared non-disabled","Mixed","Yorkshire and The Humber","Leeds","20","[c]","[c]","[c]"
"Leaver CS","2022","Declared non-disabled","Mixed","Yorkshire and The Humber","North and North East Lincolnshire","[c]","[c]","[c]","[c]"
"Leaver CS","2022","Declared non-disabled","Mixed","Yorkshire and The Humber","North Yorkshire CC","[c]","[c]","[c]","[c]"
"Leaver CS","2022","Declared non-disabled","Mixed","Yorkshire and The Humber","Sheffield","5","[c]","[c]","[c]"
"Leaver CS","2022","Declared non-disabled","Mixed","Yorkshire and The Humber","Wakefield","[c]","[c]","[c]","[c]"
"Leaver CS","2022","Declared non-disabled","Mixed","Yorkshire and The Humber","York","[c]","[c]","[c]","[c]"
"Leaver CS","2022","Declared non-disabled","Other ethnicity","East Midlands (England)","Derby","[c]","[c]","[c]","[c]"
"Leaver CS","2022","Declared non-disabled","Other ethnicity","East Midlands (England)","East Derbyshire","[c]","[c]","[c]","[c]"
"Leaver CS","2022","Declared non-disabled","Other ethnicity","East Midlands (England)","Leicester","[c]","[c]","[c]","[c]"
"Leaver CS","2022","Declared non-disabled","Other ethnicity","East Midlands (England)","Leicestershire CC and Rutland","[c]","[c]","[c]","[c]"
"Leaver CS","2022","Declared non-disabled","Other ethnicity","East Midlands (England)","Lincolnshire CC","[c]","[c]","[c]","[c]"
"Leaver CS","2022","Declared non-disabled","Other ethnicity","East Midlands (England)","North Northamptonshire","[c]","[c]","[c]","[c]"
"Leaver CS","2022","Declared non-disabled","Other ethnicity","East Midlands (England)","North Nottinghamshire","[c]","[c]","[c]","[c]"
"Leaver CS","2022","Declared non-disabled","Other ethnicity","East Midlands (England)","Nottingham","[c]","[c]","[c]","[c]"
"Leaver CS","2022","Declared non-disabled","Other ethnicity","East Midlands (England)","South and West Derbyshire","[c]","[c]","[c]","[c]"
"Leaver CS","2022","Declared non-disabled","Other ethnicity","East Midlands (England)","South Nottinghamshire","[c]","[c]","[c]","[c]"
"Leaver CS","2022","Declared non-disabled","Other ethnicity","East Midlands (England)","West Northamptonshire","[c]","[c]","[c]","[c]"
"Leaver CS","2022","Declared non-disabled","Other ethnicity","East of England","Bedford","[c]","[c]","[c]","[c]"
"Leaver CS","2022","Declared non-disabled","Other ethnicity","East of England","Breckland and South Norfolk","[c]","[c]","[c]","[c]"
"Leaver CS","2022","Declared non-disabled","Other ethnicity","East of England","Cambridgeshire CC","[c]","[c]","[c]","[c]"
"Leaver CS","2022","Declared non-disabled","Other ethnicity","East of England","Central Bedfordshire","[c]","[c]","[c]","[c]"
"Leaver CS","2022","Declared non-disabled","Other ethnicity","East of England","Essex Haven Gateway","[c]","[c]","[c]","[c]"
"Leaver CS","2022","Declared non-disabled","Other ethnicity","East of England","Essex Thames Gateway","[c]","[c]","[c]","[c]"
"Leaver CS","2022","Declared non-disabled","Other ethnicity","East of England","Heart of Essex","[c]","[c]","[c]","[c]"
"Leaver CS","2022","Declared non-disabled","Other ethnicity","East of England","Hertfordshire CC","[c]","[c]","[c]","[c]"
"Leaver CS","2022","Declared non-disabled","Other ethnicity","East of England","Luton","[c]","[c]","[c]","[c]"
"Leaver CS","2022","Declared non-disabled","Other ethnicity","East of England","North and West Norfolk","[c]","[c]","[c]","[c]"
"Leaver CS","2022","Declared non-disabled","Other ethnicity","East of England","Norwich and East Norfolk","[c]","[c]","[c]","[c]"
"Leaver CS","2022","Declared non-disabled","Other ethnicity","East of England","Peterborough","[c]","[c]","[c]","[c]"
"Leaver CS","2022","Declared non-disabled","Other ethnicity","East of England","Southend-on-Sea","[c]","[c]","[c]","[c]"
"Leaver CS","2022","Declared non-disabled","Other ethnicity","East of England","Suffolk CC","[c]","[c]","[c]","[c]"
"Leaver CS","2022","Declared non-disabled","Other ethnicity","East of England","Thurrock","[c]","[c]","[c]","[c]"
"Leaver CS","2022","Declared non-disabled","Other ethnicity","East of England","West Essex","[c]","[c]","[c]","[c]"
"Leaver CS","2022","Declared non-disabled","Other ethnicity","London","Barking & Dagenham and Havering","[c]","[c]","[c]","[c]"
"Leaver CS","2022","Declared non-disabled","Other ethnicity","London","Barnet","[c]","[c]","[c]","[c]"
"Leaver CS","2022","Declared non-disabled","Other ethnicity","London","Bexley and Greenwich","5","[c]","[c]","[c]"
"Leaver CS","2022","Declared non-disabled","Other ethnicity","London","Brent","[c]","[c]","[c]","[c]"
"Leaver CS","2022","Declared non-disabled","Other ethnicity","London","Bromley","[c]","[c]","[c]","[c]"
"Leaver CS","2022","Declared non-disabled","Other ethnicity","London","Camden and City of London","[c]","[c]","[c]","[c]"
"Leaver CS","2022","Declared non-disabled","Other ethnicity","London","Croydon","[c]","[c]","[c]","[c]"
"Leaver CS","2022","Declared non-disabled","Other ethnicity","London","Ealing","[c]","[c]","[c]","[c]"
"Leaver CS","2022","Declared non-disabled","Other ethnicity","London","Enfield","[c]","[c]","[c]","[c]"
"Leaver CS","2022","Declared non-disabled","Other ethnicity","London","Hackney and Newham","[c]","[c]","[c]","[c]"
"Leaver CS","2022","Declared non-disabled","Other ethnicity","London","Haringey and Islington","[c]","[c]","[c]","[c]"
"Leaver CS","2022","Declared non-disabled","Other ethnicity","London","Harrow and Hillingdon","[c]","[c]","[c]","[c]"
"Leaver CS","2022","Declared non-disabled","Other ethnicity","London","Hounslow and Richmond upon Thames","[c]","[c]","[c]","[c]"
"Leaver CS","2022","Declared non-disabled","Other ethnicity","London","Kensington & Chelsea and Hammersmith & Fulham","[c]","[c]","[c]","[c]"
"Leaver CS","2022","Declared non-disabled","Other ethnicity","London","Lambeth","10","[c]","[c]","[c]"
"Leaver CS","2022","Declared non-disabled","Other ethnicity","London","Lewisham and Southwark","[c]","[c]","[c]","[c]"
"Leaver CS","2022","Declared non-disabled","Other ethnicity","London","Merton, Kingston upon Thames and Sutton","[c]","[c]","[c]","[c]"
"Leaver CS","2022","Declared non-disabled","Other ethnicity","London","Redbridge and Waltham Forest","[c]","[c]","[c]","[c]"
"Leaver CS","2022","Declared non-disabled","Other ethnicity","London","Tower Hamlets","[c]","[c]","[c]","[c]"
"Leaver CS","2022","Declared non-disabled","Other ethnicity","London","Wandsworth","[c]","[c]","[c]","[c]"
"Leaver CS","2022","Declared non-disabled","Other ethnicity","London","Westminster","30","[c]","[c]","[c]"
"Leaver CS","2022","Declared non-disabled","Other ethnicity","North East (England)","Darlington","[c]","[c]","[c]","[c]"
"Leaver CS","2022","Declared non-disabled","Other ethnicity","North East (England)","Durham","[c]","[c]","[c]","[c]"
"Leaver CS","2022","Declared non-disabled","Other ethnicity","North East (England)","Hartlepool and Stockton-on-Tees","[c]","[c]","[c]","[c]"
"Leaver CS","2022","Declared non-disabled","Other ethnicity","North East (England)","Northumberland","[c]","[c]","[c]","[c]"
"Leaver CS","2022","Declared non-disabled","Other ethnicity","North East (England)","South Teesside","[c]","[c]","[c]","[c]"
"Leaver CS","2022","Declared non-disabled","Other ethnicity","North East (England)","Sunderland","[c]","[c]","[c]","[c]"
"Leaver CS","2022","Declared non-disabled","Other ethnicity","North East (England)","Tyneside","5","[c]","[c]","[c]"
"Leaver CS","2022","Declared non-disabled","Other ethnicity","North West (England)","Blackburn with Darwen","[c]","[c]","[c]","[c]"
"Leaver CS","2022","Declared non-disabled","Other ethnicity","North West (England)","Blackpool","[c]","[c]","[c]","[c]"
"Leaver CS","2022","Declared non-disabled","Other ethnicity","North West (England)","Cheshire East","[c]","[c]","[c]","[c]"
"Leaver CS","2022","Declared non-disabled","Other ethnicity","North West (England)","Cheshire West and Chester","[c]","[c]","[c]","[c]"
"Leaver CS","2022","Declared non-disabled","Other ethnicity","North West (England)","Chorley and West Lancashire","[c]","[c]","[c]","[c]"
"Leaver CS","2022","Declared non-disabled","Other ethnicity","North West (England)","East Cumbria","[c]","[c]","[c]","[c]"
"Leaver CS","2022","Declared non-disabled","Other ethnicity","North West (England)","East Lancashire","[c]","[c]","[c]","[c]"
"Leaver CS","2022","Declared non-disabled","Other ethnicity","North West (England)","East Merseyside","[c]","[c]","[c]","[c]"
"Leaver CS","2022","Declared non-disabled","Other ethnicity","North West (England)","Greater Manchester North East","[c]","[c]","[c]","[c]"
"Leaver CS","2022","Declared non-disabled","Other ethnicity","North West (England)","Greater Manchester North West","[c]","[c]","[c]","[c]"
"Leaver CS","2022","Declared non-disabled","Other ethnicity","North West (England)","Greater Manchester South East","[c]","[c]","[c]","[c]"
"Leaver CS","2022","Declared non-disabled","Other ethnicity","North West (England)","Greater Manchester South West","[c]","[c]","[c]","[c]"
"Leaver CS","2022","Declared non-disabled","Other ethnicity","North West (England)","Lancaster and Wyre","[c]","[c]","[c]","[c]"
"Leaver CS","2022","Declared non-disabled","Other ethnicity","North West (England)","Liverpool","[c]","[c]","[c]","[c]"
"Leaver CS","2022","Declared non-disabled","Other ethnicity","North West (England)","Manchester","[c]","[c]","[c]","[c]"
"Leaver CS","2022","Declared non-disabled","Other ethnicity","North West (England)","Mid Lancashire","[c]","[c]","[c]","[c]"
"Leaver CS","2022","Declared non-disabled","Other ethnicity","North West (England)","Sefton","[c]","[c]","[c]","[c]"
"Leaver CS","2022","Declared non-disabled","Other ethnicity","North West (England)","Warrington","[c]","[c]","[c]","[c]"
"Leaver CS","2022","Declared non-disabled","Other ethnicity","North West (England)","West Cumbria","[c]","[c]","[c]","[c]"
"Leaver CS","2022","Declared non-disabled","Other ethnicity","North West (England)","Wirral","[c]","[c]","[c]","[c]"
"Leaver CS","2022","Declared non-disabled","Other ethnicity","Northern Ireland","Antrim and Newtownabbey","[c]","[c]","[c]","[c]"
"Leaver CS","2022","Declared non-disabled","Other ethnicity","Northern Ireland","Ards and North Down","[c]","[c]","[c]","[c]"
"Leaver CS","2022","Declared non-disabled","Other ethnicity","Northern Ireland","Belfast","[c]","[c]","[c]","[c]"
"Leaver CS","2022","Declared non-disabled","Other ethnicity","Northern Ireland","Causeway Coast and Glens","[c]","[c]","[c]","[c]"
"Leaver CS","2022","Declared non-disabled","Other ethnicity","Northern Ireland","Derry City and Strabane","[c]","[c]","[c]","[c]"
"Leaver CS","2022","Declared non-disabled","Other ethnicity","Northern Ireland","Fermanagh and Omagh","[c]","[c]","[c]","[c]"
"Leaver CS","2022","Declared non-disabled","Other ethnicity","Northern Ireland","Lisburn and Castlereagh","[c]","[c]","[c]","[c]"
"Leaver CS","2022","Declared non-disabled","Other ethnicity","Northern Ireland","Mid and East Antrim","[c]","[c]","[c]","[c]"
"Leaver CS","2022","Declared non-disabled","Other ethnicity","Northern Ireland","Newry, Mourne and Down","[c]","[c]","[c]","[c]"
"Leaver CS","2022","Declared non-disabled","Other ethnicity","Overseas","Overseas","[c]","[c]","[c]","[c]"
"Leaver CS","2022","Declared non-disabled","Other ethnicity","Scotland","Aberdeen City and Aberdeenshire","[c]","[c]","[c]","[c]"
"Leaver CS","2022","Declared non-disabled","Other ethnicity","Scotland","Angus and Dundee City","[c]","[c]","[c]","[c]"
"Leaver CS","2022","Declared non-disabled","Other ethnicity","Scotland","Caithness and Sutherland, and Ross and Cromarty","[c]","[c]","[c]","[c]"
"Leaver CS","2022","Declared non-disabled","Other ethnicity","Scotland","City of Edinburgh","[c]","[c]","[c]","[c]"
"Leaver CS","2022","Declared non-disabled","Other ethnicity","Scotland","Clackmannanshire and Fife","[c]","[c]","[c]","[c]"
"Leaver CS","2022","Declared non-disabled","Other ethnicity","Scotland","Dumfries and Galloway","[c]","[c]","[c]","[c]"
"Leaver CS","2022","Declared non-disabled","Other ethnicity","Scotland","East Ayrshire and North Ayrshire mainland","[c]","[c]","[c]","[c]"
"Leaver CS","2022","Declared non-disabled","Other ethnicity","Scotland","East Dunbartonshire, West Dunbartonshire, and Helensburgh and Lomond","[c]","[c]","[c]","[c]"
"Leaver CS","2022","Declared non-disabled","Other ethnicity","Scotland","East Lothian and Midlothian","[c]","[c]","[c]","[c]"
"Leaver CS","2022","Declared non-disabled","Other ethnicity","Scotland","Falkirk","[c]","[c]","[c]","[c]"
"Leaver CS","2022","Declared non-disabled","Other ethnicity","Scotland","Glasgow City","[c]","[c]","[c]","[c]"
"Leaver CS","2022","Declared non-disabled","Other ethnicity","Scotland","Inverclyde, East Renfrewshire, and Renfrewshire","[c]","[c]","[c]","[c]"
"Leaver CS","2022","Declared non-disabled","Other ethnicity","Scotland","Inverness and Nairn, Moray, and Badenoch and Strathspey","[c]","[c]","[c]","[c]"
"Leaver CS","2022","Declared non-disabled","Other ethnicity","Scotland","Lochaber, Skye and Lochalsh, Arran and Cumbrae, and Argyll and Bute","[c]","[c]","[c]","[c]"
"Leaver CS","2022","Declared non-disabled","Other ethnicity","Scotland","Na h-Eileanan Siar","[c]","[c]","[c]","[c]"
"Leaver CS","2022","Declared non-disabled","Other ethnicity","Scotland","North Lanarkshire","[c]","[c]","[c]","[c]"
"Leaver CS","2022","Declared non-disabled","Other ethnicity","Scotland","Orkney Islands","[c]","[c]","[c]","[c]"
"Leaver CS","2022","Declared non-disabled","Other ethnicity","Scotland","Perth and Kinross, and Stirling","[c]","[c]","[c]","[c]"
"Leaver CS","2022","Declared non-disabled","Other ethnicity","Scotland","Scottish Borders","[c]","[c]","[c]","[c]"
"Leaver CS","2022","Declared non-disabled","Other ethnicity","Scotland","Shetland Islands","[c]","[c]","[c]","[c]"
"Leaver CS","2022","Declared non-disabled","Other ethnicity","Scotland","South Ayrshire","[c]","[c]","[c]","[c]"
"Leaver CS","2022","Declared non-disabled","Other ethnicity","Scotland","South Lanarkshire","[c]","[c]","[c]","[c]"
"Leaver CS","2022","Declared non-disabled","Other ethnicity","Scotland","West Lothian","[c]","[c]","[c]","[c]"
"Leaver CS","2022","Declared non-disabled","Other ethnicity","South East (England)","Berkshire","[c]","[c]","[c]","[c]"
"Leaver CS","2022","Declared non-disabled","Other ethnicity","South East (England)","Brighton and Hove","[c]","[c]","[c]","[c]"
"Leaver CS","2022","Declared non-disabled","Other ethnicity","South East (England)","Buckinghamshire","[c]","[c]","[c]","[c]"
"Leaver CS","2022","Declared non-disabled","Other ethnicity","South East (England)","Central Hampshire","[c]","[c]","[c]","[c]"
"Leaver CS","2022","Declared non-disabled","Other ethnicity","South East (England)","East Kent","[c]","[c]","[c]","[c]"
"Leaver CS","2022","Declared non-disabled","Other ethnicity","South East (England)","East Surrey","[c]","[c]","[c]","[c]"
"Leaver CS","2022","Declared non-disabled","Other ethnicity","South East (England)","East Sussex CC","[c]","[c]","[c]","[c]"
"Leaver CS","2022","Declared non-disabled","Other ethnicity","South East (England)","Isle of Wight","[c]","[c]","[c]","[c]"
"Leaver CS","2022","Declared non-disabled","Other ethnicity","South East (England)","Kent Thames Gateway","[c]","[c]","[c]","[c]"
"Leaver CS","2022","Declared non-disabled","Other ethnicity","South East (England)","Medway","[c]","[c]","[c]","[c]"
"Leaver CS","2022","Declared non-disabled","Other ethnicity","South East (England)","Mid Kent","[c]","[c]","[c]","[c]"
"Leaver CS","2022","Declared non-disabled","Other ethnicity","South East (England)","Milton Keynes","[c]","[c]","[c]","[c]"
"Leaver CS","2022","Declared non-disabled","Other ethnicity","South East (England)","North Hampshire","[c]","[c]","[c]","[c]"
"Leaver CS","2022","Declared non-disabled","Other ethnicity","South East (England)","Oxfordshire CC","[c]","[c]","[c]","[c]"
"Leaver CS","2022","Declared non-disabled","Other ethnicity","South East (England)","Portsmouth","[c]","[c]","[c]","[c]"
"Leaver CS","2022","Declared non-disabled","Other ethnicity","South East (England)","South Hampshire","[c]","[c]","[c]","[c]"
"Leaver CS","2022","Declared non-disabled","Other ethnicity","South East (England)","Southampton","[c]","[c]","[c]","[c]"
"Leaver CS","2022","Declared non-disabled","Other ethnicity","South East (England)","West Kent","[c]","[c]","[c]","[c]"
"Leaver CS","2022","Declared non-disabled","Other ethnicity","South East (England)","West Surrey","[c]","[c]","[c]","[c]"
"Leaver CS","2022","Declared non-disabled","Other ethnicity","South East (England)","West Sussex (North East)","[c]","[c]","[c]","[c]"
"Leaver CS","2022","Declared non-disabled","Other ethnicity","South East (England)","West Sussex (South West)","[c]","[c]","[c]","[c]"
"Leaver CS","2022","Declared non-disabled","Other ethnicity","South West (England)","Bath and North East Somerset, North Somerset and South Gloucestershire","[c]","[c]","[c]","[c]"
"Leaver CS","2022","Declared non-disabled","Other ethnicity","South West (England)","Bournemouth, Christchurch and Poole","[c]","[c]","[c]","[c]"
"Leaver CS","2022","Declared non-disabled","Other ethnicity","South West (England)","Bristol, City of","[c]","[c]","[c]","[c]"
"Leaver CS","2022","Declared non-disabled","Other ethnicity","South West (England)","Cornwall and Isles of Scilly","[c]","[c]","[c]","[c]"
"Leaver CS","2022","Declared non-disabled","Other ethnicity","South West (England)","Devon CC","[c]","[c]","[c]","[c]"
"Leaver CS","2022","Declared non-disabled","Other ethnicity","South West (England)","Dorset","[c]","[c]","[c]","[c]"
"Leaver CS","2022","Declared non-disabled","Other ethnicity","South West (England)","Gloucestershire CC","[c]","[c]","[c]","[c]"
"Leaver CS","2022","Declared non-disabled","Other ethnicity","South West (England)","Plymouth","[c]","[c]","[c]","[c]"
"Leaver CS","2022","Declared non-disabled","Other ethnicity","South West (England)","Somerset CC","[c]","[c]","[c]","[c]"
"Leaver CS","2022","Declared non-disabled","Other ethnicity","South West (England)","Swindon","[c]","[c]","[c]","[c]"
"Leaver CS","2022","Declared non-disabled","Other ethnicity","South West (England)","Torbay","[c]","[c]","[c]","[c]"
"Leaver CS","2022","Declared non-disabled","Other ethnicity","South West (England)","Wiltshire","[c]","[c]","[c]","[c]"
"Leaver CS","2022","Declared non-disabled","Other ethnicity","Unknown","Unknown","[c]","[c]","[c]","[c]"
"Leaver CS","2022","Declared non-disabled","Other ethnicity","Wales","Bridgend and Neath Port Talbot","[c]","[c]","[c]","[c]"
"Leaver CS","2022","Declared non-disabled","Other ethnicity","Wales","Cardiff and Vale of Glamorgan","[c]","[c]","[c]","[c]"
"Leaver CS","2022","Declared non-disabled","Other ethnicity","Wales","Central Valleys","[c]","[c]","[c]","[c]"
"Leaver CS","2022","Declared non-disabled","Other ethnicity","Wales","Conwy and Denbighshire","[c]","[c]","[c]","[c]"
"Leaver CS","2022","Declared non-disabled","Other ethnicity","Wales","Flintshire and Wrexham","[c]","[c]","[c]","[c]"
"Leaver CS","2022","Declared non-disabled","Other ethnicity","Wales","Gwent Valleys","[c]","[c]","[c]","[c]"
"Leaver CS","2022","Declared non-disabled","Other ethnicity","Wales","Gwynedd","[c]","[c]","[c]","[c]"
"Leaver CS","2022","Declared non-disabled","Other ethnicity","Wales","Isle of Anglesey","[c]","[c]","[c]","[c]"
"Leaver CS","2022","Declared non-disabled","Other ethnicity","Wales","Monmouthshire and Newport","[c]","[c]","[c]","[c]"
"Leaver CS","2022","Declared non-disabled","Other ethnicity","Wales","Powys","[c]","[c]","[c]","[c]"
"Leaver CS","2022","Declared non-disabled","Other ethnicity","Wales","South West Wales","[c]","[c]","[c]","[c]"
"Leaver CS","2022","Declared non-disabled","Other ethnicity","Wales","Swansea","[c]","[c]","[c]","[c]"
"Leaver CS","2022","Declared non-disabled","Other ethnicity","West Midlands (England)","Birmingham","[c]","[c]","[c]","[c]"
"Leaver CS","2022","Declared non-disabled","Other ethnicity","West Midlands (England)","Coventry","[c]","[c]","[c]","[c]"
"Leaver CS","2022","Declared non-disabled","Other ethnicity","West Midlands (England)","Dudley","[c]","[c]","[c]","[c]"
"Leaver CS","2022","Declared non-disabled","Other ethnicity","West Midlands (England)","Herefordshire, County of","[c]","[c]","[c]","[c]"
"Leaver CS","2022","Declared non-disabled","Other ethnicity","West Midlands (England)","Sandwell","[c]","[c]","[c]","[c]"
"Leaver CS","2022","Declared non-disabled","Other ethnicity","West Midlands (England)","Shropshire","[c]","[c]","[c]","[c]"
"Leaver CS","2022","Declared non-disabled","Other ethnicity","West Midlands (England)","Solihull","[c]","[c]","[c]","[c]"
"Leaver CS","2022","Declared non-disabled","Other ethnicity","West Midlands (England)","Staffordshire CC","[c]","[c]","[c]","[c]"
"Leaver CS","2022","Declared non-disabled","Other ethnicity","West Midlands (England)","Stoke-on-Trent","[c]","[c]","[c]","[c]"
"Leaver CS","2022","Declared non-disabled","Other ethnicity","West Midlands (England)","Telford and Wrekin","[c]","[c]","[c]","[c]"
"Leaver CS","2022","Declared non-disabled","Other ethnicity","West Midlands (England)","Walsall","[c]","[c]","[c]","[c]"
"Leaver CS","2022","Declared non-disabled","Other ethnicity","West Midlands (England)","Warwickshire CC","[c]","[c]","[c]","[c]"
"Leaver CS","2022","Declared non-disabled","Other ethnicity","West Midlands (England)","Wolverhampton","[c]","[c]","[c]","[c]"
"Leaver CS","2022","Declared non-disabled","Other ethnicity","West Midlands (England)","Worcestershire CC","[c]","[c]","[c]","[c]"
"Leaver CS","2022","Declared non-disabled","Other ethnicity","Yorkshire and The Humber","Barnsley, Doncaster and Rotherham","[c]","[c]","[c]","[c]"
"Leaver CS","2022","Declared non-disabled","Other ethnicity","Yorkshire and The Humber","Bradford","[c]","[c]","[c]","[c]"
"Leaver CS","2022","Declared non-disabled","Other ethnicity","Yorkshire and The Humber","Calderdale and Kirklees","[c]","[c]","[c]","[c]"
"Leaver CS","2022","Declared non-disabled","Other ethnicity","Yorkshire and The Humber","East Riding of Yorkshire","[c]","[c]","[c]","[c]"
"Leaver CS","2022","Declared non-disabled","Other ethnicity","Yorkshire and The Humber","Kingston upon Hull, City of","[c]","[c]","[c]","[c]"
"Leaver CS","2022","Declared non-disabled","Other ethnicity","Yorkshire and The Humber","Leeds","[c]","[c]","[c]","[c]"
"Leaver CS","2022","Declared non-disabled","Other ethnicity","Yorkshire and The Humber","North and North East Lincolnshire","[c]","[c]","[c]","[c]"
"Leaver CS","2022","Declared non-disabled","Other ethnicity","Yorkshire and The Humber","North Yorkshire CC","[c]","[c]","[c]","[c]"
"Leaver CS","2022","Declared non-disabled","Other ethnicity","Yorkshire and The Humber","Sheffield","[c]","[c]","[c]","[c]"
"Leaver CS","2022","Declared non-disabled","Other ethnicity","Yorkshire and The Humber","Wakefield","[c]","[c]","[c]","[c]"
"Leaver CS","2022","Declared non-disabled","Other ethnicity","Yorkshire and The Humber","York","[c]","[c]","[c]","[c]"
"Leaver CS","2022","Declared non-disabled","Undeclared","East Midlands (England)","Derby","[c]","[c]","[c]","[c]"
"Leaver CS","2022","Declared non-disabled","Undeclared","East Midlands (England)","East Derbyshire","[c]","[c]","[c]","[c]"
"Leaver CS","2022","Declared non-disabled","Undeclared","East Midlands (England)","Leicester","5","[c]","[c]","[c]"
"Leaver CS","2022","Declared non-disabled","Undeclared","East Midlands (England)","Leicestershire CC and Rutland","5","[c]","[c]","[c]"
"Leaver CS","2022","Declared non-disabled","Undeclared","East Midlands (England)","Lincolnshire CC","5","[c]","[c]","[c]"
"Leaver CS","2022","Declared non-disabled","Undeclared","East Midlands (England)","North Northamptonshire","[c]","[c]","[c]","[c]"
"Leaver CS","2022","Declared non-disabled","Undeclared","East Midlands (England)","North Nottinghamshire","[c]","[c]","[c]","[c]"
"Leaver CS","2022","Declared non-disabled","Undeclared","East Midlands (England)","Nottingham","15","[c]","[c]","[c]"
"Leaver CS","2022","Declared non-disabled","Undeclared","East Midlands (England)","South and West Derbyshire","[c]","[c]","[c]","[c]"
"Leaver CS","2022","Declared non-disabled","Undeclared","East Midlands (England)","South Nottinghamshire","[c]","[c]","[c]","[c]"
"Leaver CS","2022","Declared non-disabled","Undeclared","East Midlands (England)","West Northamptonshire","[c]","[c]","[c]","[c]"
"Leaver CS","2022","Declared non-disabled","Undeclared","East of England","Bedford","[c]","[c]","[c]","[c]"
"Leaver CS","2022","Declared non-disabled","Undeclared","East of England","Breckland and South Norfolk","[c]","[c]","[c]","[c]"
"Leaver CS","2022","Declared non-disabled","Undeclared","East of England","Cambridgeshire CC","[c]","[c]","[c]","[c]"
"Leaver CS","2022","Declared non-disabled","Undeclared","East of England","Central Bedfordshire","[c]","[c]","[c]","[c]"
"Leaver CS","2022","Declared non-disabled","Undeclared","East of England","Essex Haven Gateway","5","[c]","[c]","[c]"
"Leaver CS","2022","Declared non-disabled","Undeclared","East of England","Essex Thames Gateway","[c]","[c]","[c]","[c]"
"Leaver CS","2022","Declared non-disabled","Undeclared","East of England","Heart of Essex","[c]","[c]","[c]","[c]"
"Leaver CS","2022","Declared non-disabled","Undeclared","East of England","Hertfordshire CC","5","[c]","[c]","[c]"
"Leaver CS","2022","Declared non-disabled","Undeclared","East of England","Luton","5","[c]","[c]","[c]"
"Leaver CS","2022","Declared non-disabled","Undeclared","East of England","North and West Norfolk","[c]","[c]","[c]","[c]"
"Leaver CS","2022","Declared non-disabled","Undeclared","East of England","Norwich and East Norfolk","10","[c]","[c]","[c]"
"Leaver CS","2022","Declared non-disabled","Undeclared","East of England","Peterborough","[c]","[c]","[c]","[c]"
"Leaver CS","2022","Declared non-disabled","Undeclared","East of England","Southend-on-Sea","[c]","[c]","[c]","[c]"
"Leaver CS","2022","Declared non-disabled","Undeclared","East of England","Suffolk CC","5","[c]","[c]","[c]"
"Leaver CS","2022","Declared non-disabled","Undeclared","East of England","Thurrock","[c]","[c]","[c]","[c]"
"Leaver CS","2022","Declared non-disabled","Undeclared","East of England","West Essex","[c]","[c]","[c]","[c]"
"Leaver CS","2022","Declared non-disabled","Undeclared","London","Barking & Dagenham and Havering","[c]","[c]","[c]","[c]"
"Leaver CS","2022","Declared non-disabled","Undeclared","London","Barnet","[c]","[c]","[c]","[c]"
"Leaver CS","2022","Declared non-disabled","Undeclared","London","Bexley and Greenwich","5","[c]","[c]","[c]"
"Leaver CS","2022","Declared non-disabled","Undeclared","London","Brent","[c]","[c]","[c]","[c]"
"Leaver CS","2022","Declared non-disabled","Undeclared","London","Bromley","[c]","[c]","[c]","[c]"
"Leaver CS","2022","Declared non-disabled","Undeclared","London","Camden and City of London","[c]","[c]","[c]","[c]"
"Leaver CS","2022","Declared non-disabled","Undeclared","London","Croydon","20","[c]","[c]","[c]"
"Leaver CS","2022","Declared non-disabled","Undeclared","London","Ealing","[c]","[c]","[c]","[c]"
"Leaver CS","2022","Declared non-disabled","Undeclared","London","Enfield","[c]","[c]","[c]","[c]"
"Leaver CS","2022","Declared non-disabled","Undeclared","London","Hackney and Newham","5","[c]","[c]","[c]"
"Leaver CS","2022","Declared non-disabled","Undeclared","London","Haringey and Islington","[c]","[c]","[c]","[c]"
"Leaver CS","2022","Declared non-disabled","Undeclared","London","Harrow and Hillingdon","10","[c]","[c]","[c]"
"Leaver CS","2022","Declared non-disabled","Undeclared","London","Hounslow and Richmond upon Thames","5","[c]","[c]","[c]"
"Leaver CS","2022","Declared non-disabled","Undeclared","London","Kensington & Chelsea and Hammersmith & Fulham","[c]","[c]","[c]","[c]"
"Leaver CS","2022","Declared non-disabled","Undeclared","London","Lambeth","10","[c]","[c]","[c]"
"Leaver CS","2022","Declared non-disabled","Undeclared","London","Lewisham and Southwark","[c]","[c]","[c]","[c]"
"Leaver CS","2022","Declared non-disabled","Undeclared","London","Merton, Kingston upon Thames and Sutton","[c]","[c]","[c]","[c]"
"Leaver CS","2022","Declared non-disabled","Undeclared","London","Redbridge and Waltham Forest","5","[c]","[c]","[c]"
"Leaver CS","2022","Declared non-disabled","Undeclared","London","Tower Hamlets","5","[c]","[c]","[c]"
"Leaver CS","2022","Declared non-disabled","Undeclared","London","Wandsworth","[c]","[c]","[c]","[c]"
"Leaver CS","2022","Declared non-disabled","Undeclared","London","Westminster","55","[c]","47850","42330"
"Leaver CS","2022","Declared non-disabled","Undeclared","North East (England)","Darlington","[c]","[c]","[c]","[c]"
"Leaver CS","2022","Declared non-disabled","Undeclared","North East (England)","Durham","5","[c]","[c]","[c]"
"Leaver CS","2022","Declared non-disabled","Undeclared","North East (England)","Hartlepool and Stockton-on-Tees","[c]","[c]","[c]","[c]"
"Leaver CS","2022","Declared non-disabled","Undeclared","North East (England)","Northumberland","[c]","[c]","[c]","[c]"
"Leaver CS","2022","Declared non-disabled","Undeclared","North East (England)","South Teesside","[c]","[c]","[c]","[c]"
"Leaver CS","2022","Declared non-disabled","Undeclared","North East (England)","Sunderland","[c]","[c]","[c]","[c]"
"Leaver CS","2022","Declared non-disabled","Undeclared","North East (England)","Tyneside","15","[c]","[c]","[c]"
"Leaver CS","2022","Declared non-disabled","Undeclared","North West (England)","Blackburn with Darwen","[c]","[c]","[c]","[c]"
"Leaver CS","2022","Declared non-disabled","Undeclared","North West (England)","Blackpool","[c]","[c]","[c]","[c]"
"Leaver CS","2022","Declared non-disabled","Undeclared","North West (England)","Cheshire East","[c]","[c]","[c]","[c]"
"Leaver CS","2022","Declared non-disabled","Undeclared","North West (England)","Cheshire West and Chester","[c]","[c]","[c]","[c]"
"Leaver CS","2022","Declared non-disabled","Undeclared","North West (England)","Chorley and West Lancashire","[c]","[c]","[c]","[c]"
"Leaver CS","2022","Declared non-disabled","Undeclared","North West (England)","East Cumbria","[c]","[c]","[c]","[c]"
"Leaver CS","2022","Declared non-disabled","Undeclared","North West (England)","East Lancashire","[c]","[c]","[c]","[c]"
"Leaver CS","2022","Declared non-disabled","Undeclared","North West (England)","East Merseyside","[c]","[c]","[c]","[c]"
"Leaver CS","2022","Declared non-disabled","Undeclared","North West (England)","Greater Manchester North East","[c]","[c]","[c]","[c]"
"Leaver CS","2022","Declared non-disabled","Undeclared","North West (England)","Greater Manchester North West","5","[c]","[c]","[c]"
"Leaver CS","2022","Declared non-disabled","Undeclared","North West (England)","Greater Manchester South East","[c]","[c]","[c]","[c]"
"Leaver CS","2022","Declared non-disabled","Undeclared","North West (England)","Greater Manchester South West","5","[c]","[c]","[c]"
"Leaver CS","2022","Declared non-disabled","Undeclared","North West (England)","Lancaster and Wyre","[c]","[c]","[c]","[c]"
"Leaver CS","2022","Declared non-disabled","Undeclared","North West (England)","Liverpool","10","[c]","[c]","[c]"
"Leaver CS","2022","Declared non-disabled","Undeclared","North West (England)","Manchester","5","[c]","[c]","[c]"
"Leaver CS","2022","Declared non-disabled","Undeclared","North West (England)","Mid Lancashire","5","[c]","[c]","[c]"
"Leaver CS","2022","Declared non-disabled","Undeclared","North West (England)","Sefton","10","[c]","[c]","[c]"
"Leaver CS","2022","Declared non-disabled","Undeclared","North West (England)","Warrington","[c]","[c]","[c]","[c]"
"Leaver CS","2022","Declared non-disabled","Undeclared","North West (England)","West Cumbria","[c]","[c]","[c]","[c]"
"Leaver CS","2022","Declared non-disabled","Undeclared","North West (England)","Wirral","5","[c]","[c]","[c]"
"Leaver CS","2022","Declared non-disabled","Undeclared","Northern Ireland","Antrim and Newtownabbey","[c]","[c]","[c]","[c]"
"Leaver CS","2022","Declared non-disabled","Undeclared","Northern Ireland","Ards and North Down","[c]","[c]","[c]","[c]"
"Leaver CS","2022","Declared non-disabled","Undeclared","Northern Ireland","Belfast","[c]","[c]","[c]","[c]"
"Leaver CS","2022","Declared non-disabled","Undeclared","Northern Ireland","Causeway Coast and Glens","[c]","[c]","[c]","[c]"
"Leaver CS","2022","Declared non-disabled","Undeclared","Northern Ireland","Derry City and Strabane","[c]","[c]","[c]","[c]"
"Leaver CS","2022","Declared non-disabled","Undeclared","Northern Ireland","Fermanagh and Omagh","[c]","[c]","[c]","[c]"
"Leaver CS","2022","Declared non-disabled","Undeclared","Northern Ireland","Lisburn and Castlereagh","[c]","[c]","[c]","[c]"
"Leaver CS","2022","Declared non-disabled","Undeclared","Northern Ireland","Mid and East Antrim","[c]","[c]","[c]","[c]"
"Leaver CS","2022","Declared non-disabled","Undeclared","Northern Ireland","Newry, Mourne and Down","[c]","[c]","[c]","[c]"
"Leaver CS","2022","Declared non-disabled","Undeclared","Overseas","Overseas","[c]","[c]","[c]","[c]"
"Leaver CS","2022","Declared non-disabled","Undeclared","Scotland","Aberdeen City and Aberdeenshire","[c]","[c]","[c]","[c]"
"Leaver CS","2022","Declared non-disabled","Undeclared","Scotland","Angus and Dundee City","[c]","[c]","[c]","[c]"
"Leaver CS","2022","Declared non-disabled","Undeclared","Scotland","Caithness and Sutherland, and Ross and Cromarty","[c]","[c]","[c]","[c]"
"Leaver CS","2022","Declared non-disabled","Undeclared","Scotland","City of Edinburgh","5","[c]","[c]","[c]"
"Leaver CS","2022","Declared non-disabled","Undeclared","Scotland","Clackmannanshire and Fife","[c]","[c]","[c]","[c]"
"Leaver CS","2022","Declared non-disabled","Undeclared","Scotland","Dumfries and Galloway","[c]","[c]","[c]","[c]"
"Leaver CS","2022","Declared non-disabled","Undeclared","Scotland","East Ayrshire and North Ayrshire mainland","[c]","[c]","[c]","[c]"
"Leaver CS","2022","Declared non-disabled","Undeclared","Scotland","East Dunbartonshire, West Dunbartonshire, and Helensburgh and Lomond","5","[c]","[c]","[c]"
"Leaver CS","2022","Declared non-disabled","Undeclared","Scotland","East Lothian and Midlothian","[c]","[c]","[c]","[c]"
"Leaver CS","2022","Declared non-disabled","Undeclared","Scotland","Falkirk","[c]","[c]","[c]","[c]"
"Leaver CS","2022","Declared non-disabled","Undeclared","Scotland","Glasgow City","[c]","[c]","[c]","[c]"
"Leaver CS","2022","Declared non-disabled","Undeclared","Scotland","Inverclyde, East Renfrewshire, and Renfrewshire","[c]","[c]","[c]","[c]"
"Leaver CS","2022","Declared non-disabled","Undeclared","Scotland","Inverness and Nairn, Moray, and Badenoch and Strathspey","[c]","[c]","[c]","[c]"
"Leaver CS","2022","Declared non-disabled","Undeclared","Scotland","Lochaber, Skye and Lochalsh, Arran and Cumbrae, and Argyll and Bute","[c]","[c]","[c]","[c]"
"Leaver CS","2022","Declared non-disabled","Undeclared","Scotland","Na h-Eileanan Siar","[c]","[c]","[c]","[c]"
"Leaver CS","2022","Declared non-disabled","Undeclared","Scotland","North Lanarkshire","5","[c]","[c]","[c]"
"Leaver CS","2022","Declared non-disabled","Undeclared","Scotland","Orkney Islands","[c]","[c]","[c]","[c]"
"Leaver CS","2022","Declared non-disabled","Undeclared","Scotland","Perth and Kinross, and Stirling","[c]","[c]","[c]","[c]"
"Leaver CS","2022","Declared non-disabled","Undeclared","Scotland","Scottish Borders","[c]","[c]","[c]","[c]"
"Leaver CS","2022","Declared non-disabled","Undeclared","Scotland","Shetland Islands","[c]","[c]","[c]","[c]"
"Leaver CS","2022","Declared non-disabled","Undeclared","Scotland","South Ayrshire","[c]","[c]","[c]","[c]"
"Leaver CS","2022","Declared non-disabled","Undeclared","Scotland","South Lanarkshire","[c]","[c]","[c]","[c]"
"Leaver CS","2022","Declared non-disabled","Undeclared","Scotland","West Lothian","[c]","[c]","[c]","[c]"
"Leaver CS","2022","Declared non-disabled","Undeclared","South East (England)","Berkshire","5","[c]","[c]","[c]"
"Leaver CS","2022","Declared non-disabled","Undeclared","South East (England)","Brighton and Hove","[c]","[c]","[c]","[c]"
"Leaver CS","2022","Declared non-disabled","Undeclared","South East (England)","Buckinghamshire","[c]","[c]","[c]","[c]"
"Leaver CS","2022","Declared non-disabled","Undeclared","South East (England)","Central Hampshire","10","[c]","[c]","[c]"
"Leaver CS","2022","Declared non-disabled","Undeclared","South East (England)","East Kent","[c]","[c]","[c]","[c]"
"Leaver CS","2022","Declared non-disabled","Undeclared","South East (England)","East Surrey","[c]","[c]","[c]","[c]"
"Leaver CS","2022","Declared non-disabled","Undeclared","South East (England)","East Sussex CC","[c]","[c]","[c]","[c]"
"Leaver CS","2022","Declared non-disabled","Undeclared","South East (England)","Isle of Wight","[c]","[c]","[c]","[c]"
"Leaver CS","2022","Declared non-disabled","Undeclared","South East (England)","Kent Thames Gateway","[c]","[c]","[c]","[c]"
"Leaver CS","2022","Declared non-disabled","Undeclared","South East (England)","Medway","[c]","[c]","[c]","[c]"
"Leaver CS","2022","Declared non-disabled","Undeclared","South East (England)","Mid Kent","[c]","[c]","[c]","[c]"
"Leaver CS","2022","Declared non-disabled","Undeclared","South East (England)","Milton Keynes","5","[c]","[c]","[c]"
"Leaver CS","2022","Declared non-disabled","Undeclared","South East (England)","North Hampshire","[c]","[c]","[c]","[c]"
"Leaver CS","2022","Declared non-disabled","Undeclared","South East (England)","Oxfordshire CC","10","[c]","[c]","[c]"
"Leaver CS","2022","Declared non-disabled","Undeclared","South East (England)","Portsmouth","5","[c]","[c]","[c]"
"Leaver CS","2022","Declared non-disabled","Undeclared","South East (England)","South Hampshire","10","[c]","[c]","[c]"
"Leaver CS","2022","Declared non-disabled","Undeclared","South East (England)","Southampton","[c]","[c]","[c]","[c]"
"Leaver CS","2022","Declared non-disabled","Undeclared","South East (England)","West Kent","[c]","[c]","[c]","[c]"
"Leaver CS","2022","Declared non-disabled","Undeclared","South East (England)","West Surrey","5","[c]","[c]","[c]"
"Leaver CS","2022","Declared non-disabled","Undeclared","South East (England)","West Sussex (North East)","5","[c]","[c]","[c]"
"Leaver CS","2022","Declared non-disabled","Undeclared","South East (England)","West Sussex (South West)","[c]","[c]","[c]","[c]"
"Leaver CS","2022","Declared non-disabled","Undeclared","South West (England)","Bath and North East Somerset, North Somerset and South Gloucestershire","20","[c]","[c]","[c]"
"Leaver CS","2022","Declared non-disabled","Undeclared","South West (England)","Bournemouth, Christchurch and Poole","[c]","[c]","[c]","[c]"
"Leaver CS","2022","Declared non-disabled","Undeclared","South West (England)","Bristol, City of","5","[c]","[c]","[c]"
"Leaver CS","2022","Declared non-disabled","Undeclared","South West (England)","Cornwall and Isles of Scilly","[c]","[c]","[c]","[c]"
"Leaver CS","2022","Declared non-disabled","Undeclared","South West (England)","Devon CC","20","[c]","[c]","[c]"
"Leaver CS","2022","Declared non-disabled","Undeclared","South West (England)","Dorset","5","[c]","[c]","[c]"
"Leaver CS","2022","Declared non-disabled","Undeclared","South West (England)","Gloucestershire CC","[c]","[c]","[c]","[c]"
"Leaver CS","2022","Declared non-disabled","Undeclared","South West (England)","Plymouth","[c]","[c]","[c]","[c]"
"Leaver CS","2022","Declared non-disabled","Undeclared","South West (England)","Somerset CC","[c]","[c]","[c]","[c]"
"Leaver CS","2022","Declared non-disabled","Undeclared","South West (England)","Swindon","[c]","[c]","[c]","[c]"
"Leaver CS","2022","Declared non-disabled","Undeclared","South West (England)","Torbay","[c]","[c]","[c]","[c]"
"Leaver CS","2022","Declared non-disabled","Undeclared","South West (England)","Wiltshire","25","[c]","[c]","[c]"
"Leaver CS","2022","Declared non-disabled","Undeclared","Unknown","Unknown","5","[c]","[c]","[c]"
"Leaver CS","2022","Declared non-disabled","Undeclared","Wales","Bridgend and Neath Port Talbot","[c]","[c]","[c]","[c]"
"Leaver CS","2022","Declared non-disabled","Undeclared","Wales","Cardiff and Vale of Glamorgan","10","[c]","[c]","[c]"
"Leaver CS","2022","Declared non-disabled","Undeclared","Wales","Central Valleys","[c]","[c]","[c]","[c]"
"Leaver CS","2022","Declared non-disabled","Undeclared","Wales","Conwy and Denbighshire","[c]","[c]","[c]","[c]"
"Leaver CS","2022","Declared non-disabled","Undeclared","Wales","Flintshire and Wrexham","5","[c]","[c]","[c]"
"Leaver CS","2022","Declared non-disabled","Undeclared","Wales","Gwent Valleys","[c]","[c]","[c]","[c]"
"Leaver CS","2022","Declared non-disabled","Undeclared","Wales","Gwynedd","[c]","[c]","[c]","[c]"
"Leaver CS","2022","Declared non-disabled","Undeclared","Wales","Isle of Anglesey","[c]","[c]","[c]","[c]"
"Leaver CS","2022","Declared non-disabled","Undeclared","Wales","Monmouthshire and Newport","5","[c]","[c]","[c]"
"Leaver CS","2022","Declared non-disabled","Undeclared","Wales","Powys","[c]","[c]","[c]","[c]"
"Leaver CS","2022","Declared non-disabled","Undeclared","Wales","South West Wales","[c]","[c]","[c]","[c]"
"Leaver CS","2022","Declared non-disabled","Undeclared","Wales","Swansea","[c]","[c]","[c]","[c]"
"Leaver CS","2022","Declared non-disabled","Undeclared","West Midlands (England)","Birmingham","20","[c]","[c]","[c]"
"Leaver CS","2022","Declared non-disabled","Undeclared","West Midlands (England)","Coventry","[c]","[c]","[c]","[c]"
"Leaver CS","2022","Declared non-disabled","Undeclared","West Midlands (England)","Dudley","5","[c]","[c]","[c]"
"Leaver CS","2022","Declared non-disabled","Undeclared","West Midlands (England)","Herefordshire, County of","[c]","[c]","[c]","[c]"
"Leaver CS","2022","Declared non-disabled","Undeclared","West Midlands (England)","Sandwell","[c]","[c]","[c]","[c]"
"Leaver CS","2022","Declared non-disabled","Undeclared","West Midlands (England)","Shropshire","[c]","[c]","[c]","[c]"
"Leaver CS","2022","Declared non-disabled","Undeclared","West Midlands (England)","Solihull","[c]","[c]","[c]","[c]"
"Leaver CS","2022","Declared non-disabled","Undeclared","West Midlands (England)","Staffordshire CC","[c]","[c]","[c]","[c]"
"Leaver CS","2022","Declared non-disabled","Undeclared","West Midlands (England)","Stoke-on-Trent","[c]","[c]","[c]","[c]"
"Leaver CS","2022","Declared non-disabled","Undeclared","West Midlands (England)","Telford and Wrekin","[c]","[c]","[c]","[c]"
"Leaver CS","2022","Declared non-disabled","Undeclared","West Midlands (England)","Walsall","[c]","[c]","[c]","[c]"
"Leaver CS","2022","Declared non-disabled","Undeclared","West Midlands (England)","Warwickshire CC","[c]","[c]","[c]","[c]"
"Leaver CS","2022","Declared non-disabled","Undeclared","West Midlands (England)","Wolverhampton","[c]","[c]","[c]","[c]"
"Leaver CS","2022","Declared non-disabled","Undeclared","West Midlands (England)","Worcestershire CC","5","[c]","[c]","[c]"
"Leaver CS","2022","Declared non-disabled","Undeclared","Yorkshire and The Humber","Barnsley, Doncaster and Rotherham","[c]","[c]","[c]","[c]"
"Leaver CS","2022","Declared non-disabled","Undeclared","Yorkshire and The Humber","Bradford","5","[c]","[c]","[c]"
"Leaver CS","2022","Declared non-disabled","Undeclared","Yorkshire and The Humber","Calderdale and Kirklees","5","[c]","[c]","[c]"
"Leaver CS","2022","Declared non-disabled","Undeclared","Yorkshire and The Humber","East Riding of Yorkshire","[c]","[c]","[c]","[c]"
"Leaver CS","2022","Declared non-disabled","Undeclared","Yorkshire and The Humber","Kingston upon Hull, City of","[c]","[c]","[c]","[c]"
"Leaver CS","2022","Declared non-disabled","Undeclared","Yorkshire and The Humber","Leeds","20","[c]","[c]","[c]"
"Leaver CS","2022","Declared non-disabled","Undeclared","Yorkshire and The Humber","North and North East Lincolnshire","[c]","[c]","[c]","[c]"
"Leaver CS","2022","Declared non-disabled","Undeclared","Yorkshire and The Humber","North Yorkshire CC","10","[c]","[c]","[c]"
"Leaver CS","2022","Declared non-disabled","Undeclared","Yorkshire and The Humber","Sheffield","5","[c]","[c]","[c]"
"Leaver CS","2022","Declared non-disabled","Undeclared","Yorkshire and The Humber","Wakefield","[c]","[c]","[c]","[c]"
"Leaver CS","2022","Declared non-disabled","Undeclared","Yorkshire and The Humber","York","[c]","[c]","[c]","[c]"
"Leaver CS","2022","Declared non-disabled","Unknown","East Midlands (England)","Derby","[c]","[c]","[c]","[c]"
"Leaver CS","2022","Declared non-disabled","Unknown","East Midlands (England)","East Derbyshire","[c]","[c]","[c]","[c]"
"Leaver CS","2022","Declared non-disabled","Unknown","East Midlands (England)","Leicester","5","[c]","[c]","[c]"
"Leaver CS","2022","Declared non-disabled","Unknown","East Midlands (England)","Leicestershire CC and Rutland","[c]","[c]","[c]","[c]"
"Leaver CS","2022","Declared non-disabled","Unknown","East Midlands (England)","Lincolnshire CC","[c]","[c]","[c]","[c]"
"Leaver CS","2022","Declared non-disabled","Unknown","East Midlands (England)","North Northamptonshire","[c]","[c]","[c]","[c]"
"Leaver CS","2022","Declared non-disabled","Unknown","East Midlands (England)","North Nottinghamshire","[c]","[c]","[c]","[c]"
"Leaver CS","2022","Declared non-disabled","Unknown","East Midlands (England)","Nottingham","10","[c]","[c]","[c]"
"Leaver CS","2022","Declared non-disabled","Unknown","East Midlands (England)","South and West Derbyshire","[c]","[c]","[c]","[c]"
"Leaver CS","2022","Declared non-disabled","Unknown","East Midlands (England)","South Nottinghamshire","[c]","[c]","[c]","[c]"
"Leaver CS","2022","Declared non-disabled","Unknown","East Midlands (England)","West Northamptonshire","[c]","[c]","[c]","[c]"
"Leaver CS","2022","Declared non-disabled","Unknown","East of England","Bedford","[c]","[c]","[c]","[c]"
"Leaver CS","2022","Declared non-disabled","Unknown","East of England","Breckland and South Norfolk","[c]","[c]","[c]","[c]"
"Leaver CS","2022","Declared non-disabled","Unknown","East of England","Cambridgeshire CC","10","[c]","[c]","[c]"
"Leaver CS","2022","Declared non-disabled","Unknown","East of England","Central Bedfordshire","[c]","[c]","[c]","[c]"
"Leaver CS","2022","Declared non-disabled","Unknown","East of England","Essex Haven Gateway","[c]","[c]","[c]","[c]"
"Leaver CS","2022","Declared non-disabled","Unknown","East of England","Essex Thames Gateway","[c]","[c]","[c]","[c]"
"Leaver CS","2022","Declared non-disabled","Unknown","East of England","Heart of Essex","[c]","[c]","[c]","[c]"
"Leaver CS","2022","Declared non-disabled","Unknown","East of England","Hertfordshire CC","[c]","[c]","[c]","[c]"
"Leaver CS","2022","Declared non-disabled","Unknown","East of England","Luton","[c]","[c]","[c]","[c]"
"Leaver CS","2022","Declared non-disabled","Unknown","East of England","North and West Norfolk","[c]","[c]","[c]","[c]"
"Leaver CS","2022","Declared non-disabled","Unknown","East of England","Norwich and East Norfolk","[c]","[c]","[c]","[c]"
"Leaver CS","2022","Declared non-disabled","Unknown","East of England","Peterborough","[c]","[c]","[c]","[c]"
"Leaver CS","2022","Declared non-disabled","Unknown","East of England","Southend-on-Sea","[c]","[c]","[c]","[c]"
"Leaver CS","2022","Declared non-disabled","Unknown","East of England","Suffolk CC","10","[c]","[c]","[c]"
"Leaver CS","2022","Declared non-disabled","Unknown","East of England","Thurrock","[c]","[c]","[c]","[c]"
"Leaver CS","2022","Declared non-disabled","Unknown","East of England","West Essex","[c]","[c]","[c]","[c]"
"Leaver CS","2022","Declared non-disabled","Unknown","London","Barking & Dagenham and Havering","[c]","[c]","[c]","[c]"
"Leaver CS","2022","Declared non-disabled","Unknown","London","Barnet","5","[c]","[c]","[c]"
"Leaver CS","2022","Declared non-disabled","Unknown","London","Bexley and Greenwich","5","[c]","[c]","[c]"
"Leaver CS","2022","Declared non-disabled","Unknown","London","Brent","[c]","[c]","[c]","[c]"
"Leaver CS","2022","Declared non-disabled","Unknown","London","Bromley","[c]","[c]","[c]","[c]"
"Leaver CS","2022","Declared non-disabled","Unknown","London","Camden and City of London","[c]","[c]","[c]","[c]"
"Leaver CS","2022","Declared non-disabled","Unknown","London","Croydon","5","[c]","[c]","[c]"
"Leaver CS","2022","Declared non-disabled","Unknown","London","Ealing","[c]","[c]","[c]","[c]"
"Leaver CS","2022","Declared non-disabled","Unknown","London","Enfield","[c]","[c]","[c]","[c]"
"Leaver CS","2022","Declared non-disabled","Unknown","London","Hackney and Newham","5","[c]","[c]","[c]"
"Leaver CS","2022","Declared non-disabled","Unknown","London","Haringey and Islington","[c]","[c]","[c]","[c]"
"Leaver CS","2022","Declared non-disabled","Unknown","London","Harrow and Hillingdon","[c]","[c]","[c]","[c]"
"Leaver CS","2022","Declared non-disabled","Unknown","London","Hounslow and Richmond upon Thames","5","[c]","[c]","[c]"
"Leaver CS","2022","Declared non-disabled","Unknown","London","Kensington & Chelsea and Hammersmith & Fulham","[c]","[c]","[c]","[c]"
"Leaver CS","2022","Declared non-disabled","Unknown","London","Lambeth","[c]","[c]","[c]","[c]"
"Leaver CS","2022","Declared non-disabled","Unknown","London","Lewisham and Southwark","[c]","[c]","[c]","[c]"
"Leaver CS","2022","Declared non-disabled","Unknown","London","Merton, Kingston upon Thames and Sutton","[c]","[c]","[c]","[c]"
"Leaver CS","2022","Declared non-disabled","Unknown","London","Redbridge and Waltham Forest","[c]","[c]","[c]","[c]"
"Leaver CS","2022","Declared non-disabled","Unknown","London","Tower Hamlets","20","[c]","[c]","[c]"
"Leaver CS","2022","Declared non-disabled","Unknown","London","Wandsworth","[c]","[c]","[c]","[c]"
"Leaver CS","2022","Declared non-disabled","Unknown","London","Westminster","60","[c]","51100","46020"
"Leaver CS","2022","Declared non-disabled","Unknown","North East (England)","Darlington","[c]","[c]","[c]","[c]"
"Leaver CS","2022","Declared non-disabled","Unknown","North East (England)","Durham","10","[c]","[c]","[c]"
"Leaver CS","2022","Declared non-disabled","Unknown","North East (England)","Hartlepool and Stockton-on-Tees","[c]","[c]","[c]","[c]"
"Leaver CS","2022","Declared non-disabled","Unknown","North East (England)","Northumberland","[c]","[c]","[c]","[c]"
"Leaver CS","2022","Declared non-disabled","Unknown","North East (England)","South Teesside","[c]","[c]","[c]","[c]"
"Leaver CS","2022","Declared non-disabled","Unknown","North East (England)","Sunderland","5","[c]","[c]","[c]"
"Leaver CS","2022","Declared non-disabled","Unknown","North East (England)","Tyneside","35","[c]","[c]","[c]"
"Leaver CS","2022","Declared non-disabled","Unknown","North West (England)","Blackburn with Darwen","[c]","[c]","[c]","[c]"
"Leaver CS","2022","Declared non-disabled","Unknown","North West (England)","Blackpool","15","[c]","[c]","[c]"
"Leaver CS","2022","Declared non-disabled","Unknown","North West (England)","Cheshire East","5","[c]","[c]","[c]"
"Leaver CS","2022","Declared non-disabled","Unknown","North West (England)","Cheshire West and Chester","[c]","[c]","[c]","[c]"
"Leaver CS","2022","Declared non-disabled","Unknown","North West (England)","Chorley and West Lancashire","[c]","[c]","[c]","[c]"
"Leaver CS","2022","Declared non-disabled","Unknown","North West (England)","East Cumbria","[c]","[c]","[c]","[c]"
"Leaver CS","2022","Declared non-disabled","Unknown","North West (England)","East Lancashire","[c]","[c]","[c]","[c]"
"Leaver CS","2022","Declared non-disabled","Unknown","North West (England)","East Merseyside","[c]","[c]","[c]","[c]"
"Leaver CS","2022","Declared non-disabled","Unknown","North West (England)","Greater Manchester North East","[c]","[c]","[c]","[c]"
"Leaver CS","2022","Declared non-disabled","Unknown","North West (England)","Greater Manchester North West","[c]","[c]","[c]","[c]"
"Leaver CS","2022","Declared non-disabled","Unknown","North West (England)","Greater Manchester South East","[c]","[c]","[c]","[c]"
"Leaver CS","2022","Declared non-disabled","Unknown","North West (England)","Greater Manchester South West","5","[c]","[c]","[c]"
"Leaver CS","2022","Declared non-disabled","Unknown","North West (England)","Lancaster and Wyre","[c]","[c]","[c]","[c]"
"Leaver CS","2022","Declared non-disabled","Unknown","North West (England)","Liverpool","[c]","[c]","[c]","[c]"
"Leaver CS","2022","Declared non-disabled","Unknown","North West (England)","Manchester","10","[c]","[c]","[c]"
"Leaver CS","2022","Declared non-disabled","Unknown","North West (England)","Mid Lancashire","[c]","[c]","[c]","[c]"
"Leaver CS","2022","Declared non-disabled","Unknown","North West (England)","Sefton","10","[c]","[c]","[c]"
"Leaver CS","2022","Declared non-disabled","Unknown","North West (England)","Warrington","5","[c]","[c]","[c]"
"Leaver CS","2022","Declared non-disabled","Unknown","North West (England)","West Cumbria","15","[c]","[c]","[c]"
"Leaver CS","2022","Declared non-disabled","Unknown","North West (England)","Wirral","5","[c]","[c]","[c]"
"Leaver CS","2022","Declared non-disabled","Unknown","Northern Ireland","Antrim and Newtownabbey","[c]","[c]","[c]","[c]"
"Leaver CS","2022","Declared non-disabled","Unknown","Northern Ireland","Ards and North Down","[c]","[c]","[c]","[c]"
"Leaver CS","2022","Declared non-disabled","Unknown","Northern Ireland","Belfast","[c]","[c]","[c]","[c]"
"Leaver CS","2022","Declared non-disabled","Unknown","Northern Ireland","Causeway Coast and Glens","[c]","[c]","[c]","[c]"
"Leaver CS","2022","Declared non-disabled","Unknown","Northern Ireland","Derry City and Strabane","[c]","[c]","[c]","[c]"
"Leaver CS","2022","Declared non-disabled","Unknown","Northern Ireland","Fermanagh and Omagh","[c]","[c]","[c]","[c]"
"Leaver CS","2022","Declared non-disabled","Unknown","Northern Ireland","Lisburn and Castlereagh","[c]","[c]","[c]","[c]"
"Leaver CS","2022","Declared non-disabled","Unknown","Northern Ireland","Mid and East Antrim","[c]","[c]","[c]","[c]"
"Leaver CS","2022","Declared non-disabled","Unknown","Northern Ireland","Newry, Mourne and Down","[c]","[c]","[c]","[c]"
"Leaver CS","2022","Declared non-disabled","Unknown","Overseas","Overseas","[c]","[c]","[c]","[c]"
"Leaver CS","2022","Declared non-disabled","Unknown","Scotland","Aberdeen City and Aberdeenshire","[c]","[c]","[c]","[c]"
"Leaver CS","2022","Declared non-disabled","Unknown","Scotland","Angus and Dundee City","5","[c]","[c]","[c]"
"Leaver CS","2022","Declared non-disabled","Unknown","Scotland","Caithness and Sutherland, and Ross and Cromarty","[c]","[c]","[c]","[c]"
"Leaver CS","2022","Declared non-disabled","Unknown","Scotland","City of Edinburgh","10","[c]","[c]","[c]"
"Leaver CS","2022","Declared non-disabled","Unknown","Scotland","Clackmannanshire and Fife","[c]","[c]","[c]","[c]"
"Leaver CS","2022","Declared non-disabled","Unknown","Scotland","Dumfries and Galloway","[c]","[c]","[c]","[c]"
"Leaver CS","2022","Declared non-disabled","Unknown","Scotland","East Ayrshire and North Ayrshire mainland","[c]","[c]","[c]","[c]"
"Leaver CS","2022","Declared non-disabled","Unknown","Scotland","East Dunbartonshire, West Dunbartonshire, and Helensburgh and Lomond","[c]","[c]","[c]","[c]"
"Leaver CS","2022","Declared non-disabled","Unknown","Scotland","East Lothian and Midlothian","[c]","[c]","[c]","[c]"
"Leaver CS","2022","Declared non-disabled","Unknown","Scotland","Falkirk","[c]","[c]","[c]","[c]"
"Leaver CS","2022","Declared non-disabled","Unknown","Scotland","Glasgow City","10","[c]","[c]","[c]"
"Leaver CS","2022","Declared non-disabled","Unknown","Scotland","Inverclyde, East Renfrewshire, and Renfrewshire","[c]","[c]","[c]","[c]"
"Leaver CS","2022","Declared non-disabled","Unknown","Scotland","Inverness and Nairn, Moray, and Badenoch and Strathspey","[c]","[c]","[c]","[c]"
"Leaver CS","2022","Declared non-disabled","Unknown","Scotland","Lochaber, Skye and Lochalsh, Arran and Cumbrae, and Argyll and Bute","[c]","[c]","[c]","[c]"
"Leaver CS","2022","Declared non-disabled","Unknown","Scotland","Na h-Eileanan Siar","[c]","[c]","[c]","[c]"
"Leaver CS","2022","Declared non-disabled","Unknown","Scotland","North Lanarkshire","[c]","[c]","[c]","[c]"
"Leaver CS","2022","Declared non-disabled","Unknown","Scotland","Orkney Islands","[c]","[c]","[c]","[c]"
"Leaver CS","2022","Declared non-disabled","Unknown","Scotland","Perth and Kinross, and Stirling","[c]","[c]","[c]","[c]"
"Leaver CS","2022","Declared non-disabled","Unknown","Scotland","Scottish Borders","[c]","[c]","[c]","[c]"
"Leaver CS","2022","Declared non-disabled","Unknown","Scotland","Shetland Islands","[c]","[c]","[c]","[c]"
"Leaver CS","2022","Declared non-disabled","Unknown","Scotland","South Ayrshire","[c]","[c]","[c]","[c]"
"Leaver CS","2022","Declared non-disabled","Unknown","Scotland","South Lanarkshire","5","[c]","[c]","[c]"
"Leaver CS","2022","Declared non-disabled","Unknown","Scotland","West Lothian","[c]","[c]","[c]","[c]"
"Leaver CS","2022","Declared non-disabled","Unknown","South East (England)","Berkshire","10","[c]","[c]","[c]"
"Leaver CS","2022","Declared non-disabled","Unknown","South East (England)","Brighton and Hove","[c]","[c]","[c]","[c]"
"Leaver CS","2022","Declared non-disabled","Unknown","South East (England)","Buckinghamshire","[c]","[c]","[c]","[c]"
"Leaver CS","2022","Declared non-disabled","Unknown","South East (England)","Central Hampshire","10","[c]","[c]","[c]"
"Leaver CS","2022","Declared non-disabled","Unknown","South East (England)","East Kent","[c]","[c]","[c]","[c]"
"Leaver CS","2022","Declared non-disabled","Unknown","South East (England)","East Surrey","5","[c]","[c]","[c]"
"Leaver CS","2022","Declared non-disabled","Unknown","South East (England)","East Sussex CC","5","[c]","[c]","[c]"
"Leaver CS","2022","Declared non-disabled","Unknown","South East (England)","Isle of Wight","[c]","[c]","[c]","[c]"
"Leaver CS","2022","Declared non-disabled","Unknown","South East (England)","Kent Thames Gateway","[c]","[c]","[c]","[c]"
"Leaver CS","2022","Declared non-disabled","Unknown","South East (England)","Medway","[c]","[c]","[c]","[c]"
"Leaver CS","2022","Declared non-disabled","Unknown","South East (England)","Mid Kent","[c]","[c]","[c]","[c]"
"Leaver CS","2022","Declared non-disabled","Unknown","South East (England)","Milton Keynes","[c]","[c]","[c]","[c]"
"Leaver CS","2022","Declared non-disabled","Unknown","South East (England)","North Hampshire","[c]","[c]","[c]","[c]"
"Leaver CS","2022","Declared non-disabled","Unknown","South East (England)","Oxfordshire CC","5","[c]","[c]","[c]"
"Leaver CS","2022","Declared non-disabled","Unknown","South East (England)","Portsmouth","10","[c]","[c]","[c]"
"Leaver CS","2022","Declared non-disabled","Unknown","South East (England)","South Hampshire","[c]","[c]","[c]","[c]"
"Leaver CS","2022","Declared non-disabled","Unknown","South East (England)","Southampton","[c]","[c]","[c]","[c]"
"Leaver CS","2022","Declared non-disabled","Unknown","South East (England)","West Kent","[c]","[c]","[c]","[c]"
"Leaver CS","2022","Declared non-disabled","Unknown","South East (England)","West Surrey","[c]","[c]","[c]","[c]"
"Leaver CS","2022","Declared non-disabled","Unknown","South East (England)","West Sussex (North East)","[c]","[c]","[c]","[c]"
"Leaver CS","2022","Declared non-disabled","Unknown","South East (England)","West Sussex (South West)","[c]","[c]","[c]","[c]"
"Leaver CS","2022","Declared non-disabled","Unknown","South West (England)","Bath and North East Somerset, North Somerset and South Gloucestershire","25","[c]","[c]","[c]"
"Leaver CS","2022","Declared non-disabled","Unknown","South West (England)","Bournemouth, Christchurch and Poole","[c]","[c]","[c]","[c]"
"Leaver CS","2022","Declared non-disabled","Unknown","South West (England)","Bristol, City of","[c]","[c]","[c]","[c]"
"Leaver CS","2022","Declared non-disabled","Unknown","South West (England)","Cornwall and Isles of Scilly","5","[c]","[c]","[c]"
"Leaver CS","2022","Declared non-disabled","Unknown","South West (England)","Devon CC","30","[c]","29550","27820"
"Leaver CS","2022","Declared non-disabled","Unknown","South West (England)","Dorset","[c]","[c]","[c]","[c]"
"Leaver CS","2022","Declared non-disabled","Unknown","South West (England)","Gloucestershire CC","5","[c]","[c]","[c]"
"Leaver CS","2022","Declared non-disabled","Unknown","South West (England)","Plymouth","[c]","[c]","[c]","[c]"
"Leaver CS","2022","Declared non-disabled","Unknown","South West (England)","Somerset CC","[c]","[c]","[c]","[c]"
"Leaver CS","2022","Declared non-disabled","Unknown","South West (England)","Swindon","[c]","[c]","[c]","[c]"
"Leaver CS","2022","Declared non-disabled","Unknown","South West (England)","Torbay","[c]","[c]","[c]","[c]"
"Leaver CS","2022","Declared non-disabled","Unknown","South West (England)","Wiltshire","40","[c]","29190","22100"
"Leaver CS","2022","Declared non-disabled","Unknown","Unknown","Unknown","5","[c]","[c]","[c]"
"Leaver CS","2022","Declared non-disabled","Unknown","Wales","Bridgend and Neath Port Talbot","[c]","[c]","[c]","[c]"
"Leaver CS","2022","Declared non-disabled","Unknown","Wales","Cardiff and Vale of Glamorgan","10","[c]","[c]","[c]"
"Leaver CS","2022","Declared non-disabled","Unknown","Wales","Central Valleys","[c]","[c]","[c]","[c]"
"Leaver CS","2022","Declared non-disabled","Unknown","Wales","Conwy and Denbighshire","[c]","[c]","[c]","[c]"
"Leaver CS","2022","Declared non-disabled","Unknown","Wales","Flintshire and Wrexham","5","[c]","[c]","[c]"
"Leaver CS","2022","Declared non-disabled","Unknown","Wales","Gwent Valleys","[c]","[c]","[c]","[c]"
"Leaver CS","2022","Declared non-disabled","Unknown","Wales","Gwynedd","[c]","[c]","[c]","[c]"
"Leaver CS","2022","Declared non-disabled","Unknown","Wales","Isle of Anglesey","[c]","[c]","[c]","[c]"
"Leaver CS","2022","Declared non-disabled","Unknown","Wales","Monmouthshire and Newport","[c]","[c]","[c]","[c]"
"Leaver CS","2022","Declared non-disabled","Unknown","Wales","Powys","[c]","[c]","[c]","[c]"
"Leaver CS","2022","Declared non-disabled","Unknown","Wales","South West Wales","[c]","[c]","[c]","[c]"
"Leaver CS","2022","Declared non-disabled","Unknown","Wales","Swansea","5","[c]","[c]","[c]"
"Leaver CS","2022","Declared non-disabled","Unknown","West Midlands (England)","Birmingham","10","[c]","[c]","[c]"
"Leaver CS","2022","Declared non-disabled","Unknown","West Midlands (England)","Coventry","5","[c]","[c]","[c]"
"Leaver CS","2022","Declared non-disabled","Unknown","West Midlands (England)","Dudley","5","[c]","[c]","[c]"
"Leaver CS","2022","Declared non-disabled","Unknown","West Midlands (England)","Herefordshire, County of","[c]","[c]","[c]","[c]"
"Leaver CS","2022","Declared non-disabled","Unknown","West Midlands (England)","Sandwell","[c]","[c]","[c]","[c]"
"Leaver CS","2022","Declared non-disabled","Unknown","West Midlands (England)","Shropshire","[c]","[c]","[c]","[c]"
"Leaver CS","2022","Declared non-disabled","Unknown","West Midlands (England)","Solihull","[c]","[c]","[c]","[c]"
"Leaver CS","2022","Declared non-disabled","Unknown","West Midlands (England)","Staffordshire CC","5","[c]","[c]","[c]"
"Leaver CS","2022","Declared non-disabled","Unknown","West Midlands (England)","Stoke-on-Trent","[c]","[c]","[c]","[c]"
"Leaver CS","2022","Declared non-disabled","Unknown","West Midlands (England)","Telford and Wrekin","[c]","[c]","[c]","[c]"
"Leaver CS","2022","Declared non-disabled","Unknown","West Midlands (England)","Walsall","[c]","[c]","[c]","[c]"
"Leaver CS","2022","Declared non-disabled","Unknown","West Midlands (England)","Warwickshire CC","[c]","[c]","[c]","[c]"
"Leaver CS","2022","Declared non-disabled","Unknown","West Midlands (England)","Wolverhampton","[c]","[c]","[c]","[c]"
"Leaver CS","2022","Declared non-disabled","Unknown","West Midlands (England)","Worcestershire CC","10","[c]","[c]","[c]"
"Leaver CS","2022","Declared non-disabled","Unknown","Yorkshire and The Humber","Barnsley, Doncaster and Rotherham","[c]","[c]","[c]","[c]"
"Leaver CS","2022","Declared non-disabled","Unknown","Yorkshire and The Humber","Bradford","[c]","[c]","[c]","[c]"
"Leaver CS","2022","Declared non-disabled","Unknown","Yorkshire and The Humber","Calderdale and Kirklees","[c]","[c]","[c]","[c]"
"Leaver CS","2022","Declared non-disabled","Unknown","Yorkshire and The Humber","East Riding of Yorkshire","[c]","[c]","[c]","[c]"
"Leaver CS","2022","Declared non-disabled","Unknown","Yorkshire and The Humber","Kingston upon Hull, City of","[c]","[c]","[c]","[c]"
"Leaver CS","2022","Declared non-disabled","Unknown","Yorkshire and The Humber","Leeds","25","[c]","[c]","[c]"
"Leaver CS","2022","Declared non-disabled","Unknown","Yorkshire and The Humber","North and North East Lincolnshire","[c]","[c]","[c]","[c]"
"Leaver CS","2022","Declared non-disabled","Unknown","Yorkshire and The Humber","North Yorkshire CC","[c]","[c]","[c]","[c]"
"Leaver CS","2022","Declared non-disabled","Unknown","Yorkshire and The Humber","Sheffield","[c]","[c]","[c]","[c]"
"Leaver CS","2022","Declared non-disabled","Unknown","Yorkshire and The Humber","Wakefield","[c]","[c]","[c]","[c]"
"Leaver CS","2022","Declared non-disabled","Unknown","Yorkshire and The Humber","York","15","[c]","[c]","[c]"
"Leaver CS","2022","Declared non-disabled","White","East Midlands (England)","Derby","50","[c]","25670","21260"
"Leaver CS","2022","Declared non-disabled","White","East Midlands (England)","East Derbyshire","30","[c]","[c]","[c]"
"Leaver CS","2022","Declared non-disabled","White","East Midlands (England)","Leicester","105","[c]","27090","25840"
"Leaver CS","2022","Declared non-disabled","White","East Midlands (England)","Leicestershire CC and Rutland","145","[c]","37810","29580"
"Leaver CS","2022","Declared non-disabled","White","East Midlands (England)","Lincolnshire CC","185","[c]","29100","27470"
"Leaver CS","2022","Declared non-disabled","White","East Midlands (England)","North Northamptonshire","35","[c]","27900","27570"
"Leaver CS","2022","Declared non-disabled","White","East Midlands (England)","North Nottinghamshire","55","[c]","[c]","[c]"
"Leaver CS","2022","Declared non-disabled","White","East Midlands (England)","Nottingham","250","[c]","29710","26780"
"Leaver CS","2022","Declared non-disabled","White","East Midlands (England)","South and West Derbyshire","80","[c]","33630","27570"
"Leaver CS","2022","Declared non-disabled","White","East Midlands (England)","South Nottinghamshire","55","[c]","[c]","[c]"
"Leaver CS","2022","Declared non-disabled","White","East Midlands (England)","West Northamptonshire","95","[c]","27510","27570"
"Leaver CS","2022","Declared non-disabled","White","East of England","Bedford","70","[c]","[c]","[c]"
"Leaver CS","2022","Declared non-disabled","White","East of England","Breckland and South Norfolk","65","[c]","[c]","[c]"
"Leaver CS","2022","Declared non-disabled","White","East of England","Cambridgeshire CC","245","[c]","37170","30460"
"Leaver CS","2022","Declared non-disabled","White","East of England","Central Bedfordshire","30","[c]","29970","26930"
"Leaver CS","2022","Declared non-disabled","White","East of England","Essex Haven Gateway","85","[c]","29910","29290"
"Leaver CS","2022","Declared non-disabled","White","East of England","Essex Thames Gateway","55","[c]","27980","25110"
"Leaver CS","2022","Declared non-disabled","White","East of England","Heart of Essex","90","[c]","36030","30110"
"Leaver CS","2022","Declared non-disabled","White","East of England","Hertfordshire CC","130","[c]","34020","29290"
"Leaver CS","2022","Declared non-disabled","White","East of England","Luton","30","[c]","[c]","[c]"
"Leaver CS","2022","Declared non-disabled","White","East of England","North and West Norfolk","60","[c]","28460","25000"
"Leaver CS","2022","Declared non-disabled","White","East of England","Norwich and East Norfolk","135","[c]","28250","27570"
"Leaver CS","2022","Declared non-disabled","White","East of England","Peterborough","60","[c]","27470","22750"
"Leaver CS","2022","Declared non-disabled","White","East of England","Southend-on-Sea","55","[c]","[c]","[c]"
"Leaver CS","2022","Declared non-disabled","White","East of England","Suffolk CC","265","[c]","26690","24920"
"Leaver CS","2022","Declared non-disabled","White","East of England","Thurrock","25","[c]","[c]","[c]"
"Leaver CS","2022","Declared non-disabled","White","East of England","West Essex","35","[c]","29750","29290"
"Leaver CS","2022","Declared non-disabled","White","London","Barking & Dagenham and Havering","15","[c]","[c]","[c]"
"Leaver CS","2022","Declared non-disabled","White","London","Barnet","70","[c]","36740","31520"
"Leaver CS","2022","Declared non-disabled","White","London","Bexley and Greenwich","65","[c]","[c]","[c]"
"Leaver CS","2022","Declared non-disabled","White","London","Brent","20","[c]","[c]","[c]"
"Leaver CS","2022","Declared non-disabled","White","London","Bromley","25","[c]","[c]","[c]"
"Leaver CS","2022","Declared non-disabled","White","London","Camden and City of London","50","[c]","39150","35760"
"Leaver CS","2022","Declared non-disabled","White","London","Croydon","220","[c]","39190","34710"
"Leaver CS","2022","Declared non-disabled","White","London","Ealing","15","[c]","[c]","[c]"
"Leaver CS","2022","Declared non-disabled","White","London","Enfield","10","[c]","[c]","[c]"
"Leaver CS","2022","Declared non-disabled","White","London","Hackney and Newham","110","[c]","[c]","[c]"
"Leaver CS","2022","Declared non-disabled","White","London","Haringey and Islington","55","[c]","[c]","[c]"
"Leaver CS","2022","Declared non-disabled","White","London","Harrow and Hillingdon","85","[c]","31760","31060"
"Leaver CS","2022","Declared non-disabled","White","London","Hounslow and Richmond upon Thames","100","[c]","31760","29250"
"Leaver CS","2022","Declared non-disabled","White","London","Kensington & Chelsea and Hammersmith & Fulham","40","[c]","[c]","[c]"
"Leaver CS","2022","Declared non-disabled","White","London","Lambeth","405","[c]","42330","38200"
"Leaver CS","2022","Declared non-disabled","White","London","Lewisham and Southwark","140","[c]","47990","46000"
"Leaver CS","2022","Declared non-disabled","White","London","Merton, Kingston upon Thames and Sutton","40","[c]","31950","31060"
"Leaver CS","2022","Declared non-disabled","White","London","Redbridge and Waltham Forest","30","[c]","[c]","[c]"
"Leaver CS","2022","Declared non-disabled","White","London","Tower Hamlets","315","[c]","53530","52460"
"Leaver CS","2022","Declared non-disabled","White","London","Wandsworth","30","[c]","[c]","[c]"
"Leaver CS","2022","Declared non-disabled","White","London","Westminster","1575","[c]","49170","45020"
"Leaver CS","2022","Declared non-disabled","White","North East (England)","Darlington","30","[c]","[c]","[c]"
"Leaver CS","2022","Declared non-disabled","White","North East (England)","Durham","255","[c]","25660","21680"
"Leaver CS","2022","Declared non-disabled","White","North East (England)","Hartlepool and Stockton-on-Tees","80","[c]","28920","27570"
"Leaver CS","2022","Declared non-disabled","White","North East (England)","Northumberland","25","[c]","[c]","[c]"
"Leaver CS","2022","Declared non-disabled","White","North East (England)","South Teesside","50","[c]","27520","24160"
"Leaver CS","2022","Declared non-disabled","White","North East (England)","Sunderland","205","[c]","25380","27570"
"Leaver CS","2022","Declared non-disabled","White","North East (England)","Tyneside","755","[c]","28260","21260"
"Leaver CS","2022","Declared non-disabled","White","North West (England)","Blackburn with Darwen","10","[c]","[c]","[c]"
"Leaver CS","2022","Declared non-disabled","White","North West (England)","Blackpool","255","[c]","27010","21260"
"Leaver CS","2022","Declared non-disabled","White","North West (England)","Cheshire East","70","[c]","27830","26670"
"Leaver CS","2022","Declared non-disabled","White","North West (England)","Cheshire West and Chester","30","[c]","27190","27570"
"Leaver CS","2022","Declared non-disabled","White","North West (England)","Chorley and West Lancashire","65","[c]","[c]","[c]"
"Leaver CS","2022","Declared non-disabled","White","North West (England)","East Cumbria","55","[c]","29320","22310"
"Leaver CS","2022","Declared non-disabled","White","North West (England)","East Lancashire","15","[c]","[c]","[c]"
"Leaver CS","2022","Declared non-disabled","White","North West (England)","East Merseyside","45","[c]","28720","26120"
"Leaver CS","2022","Declared non-disabled","White","North West (England)","Greater Manchester North East","55","[c]","30890","27570"
"Leaver CS","2022","Declared non-disabled","White","North West (England)","Greater Manchester North West","100","[c]","24730","21260"
"Leaver CS","2022","Declared non-disabled","White","North West (England)","Greater Manchester South East","75","[c]","25060","21260"
"Leaver CS","2022","Declared non-disabled","White","North West (England)","Greater Manchester South West","225","[c]","31140","27570"
"Leaver CS","2022","Declared non-disabled","White","North West (England)","Lancaster and Wyre","65","[c]","24470","21260"
"Leaver CS","2022","Declared non-disabled","White","North West (England)","Liverpool","425","[c]","27790","24890"
"Leaver CS","2022","Declared non-disabled","White","North West (England)","Manchester","325","[c]","35790","27570"
"Leaver CS","2022","Declared non-disabled","White","North West (England)","Mid Lancashire","200","[c]","27140","22330"
"Leaver CS","2022","Declared non-disabled","White","North West (England)","Sefton","200","[c]","29650","27470"
"Leaver CS","2022","Declared non-disabled","White","North West (England)","Warrington","80","[c]","36940","29600"
"Leaver CS","2022","Declared non-disabled","White","North West (England)","West Cumbria","75","[c]","31830","27570"
"Leaver CS","2022","Declared non-disabled","White","North West (England)","Wirral","90","[c]","25710","23070"
"Leaver CS","2022","Declared non-disabled","White","Northern Ireland","Antrim and Newtownabbey","5","[c]","[c]","[c]"
"Leaver CS","2022","Declared non-disabled","White","Northern Ireland","Ards and North Down","10","[c]","[c]","[c]"
"Leaver CS","2022","Declared non-disabled","White","Northern Ireland","Belfast","95","[c]","26880","22580"
"Leaver CS","2022","Declared non-disabled","White","Northern Ireland","Causeway Coast and Glens","[c]","[c]","[c]","[c]"
"Leaver CS","2022","Declared non-disabled","White","Northern Ireland","Derry City and Strabane","[c]","[c]","[c]","[c]"
"Leaver CS","2022","Declared non-disabled","White","Northern Ireland","Fermanagh and Omagh","[c]","[c]","[c]","[c]"
"Leaver CS","2022","Declared non-disabled","White","Northern Ireland","Lisburn and Castlereagh","15","[c]","[c]","[c]"
"Leaver CS","2022","Declared non-disabled","White","Northern Ireland","Mid and East Antrim","[c]","[c]","[c]","[c]"
"Leaver CS","2022","Declared non-disabled","White","Northern Ireland","Newry, Mourne and Down","[c]","[c]","[c]","[c]"
"Leaver CS","2022","Declared non-disabled","White","Overseas","Overseas","65","[c]","54160","51270"
"Leaver CS","2022","Declared non-disabled","White","Scotland","Aberdeen City and Aberdeenshire","70","[c]","33170","27570"
"Leaver CS","2022","Declared non-disabled","White","Scotland","Angus and Dundee City","120","[c]","27100","21260"
"Leaver CS","2022","Declared non-disabled","White","Scotland","Caithness and Sutherland, and Ross and Cromarty","15","[c]","[c]","[c]"
"Leaver CS","2022","Declared non-disabled","White","Scotland","City of Edinburgh","370","[c]","42910","36130"
"Leaver CS","2022","Declared non-disabled","White","Scotland","Clackmannanshire and Fife","70","[c]","27430","27570"
"Leaver CS","2022","Declared non-disabled","White","Scotland","Dumfries and Galloway","20","[c]","[c]","[c]"
"Leaver CS","2022","Declared non-disabled","White","Scotland","East Ayrshire and North Ayrshire mainland","50","[c]","26060","26470"
"Leaver CS","2022","Declared non-disabled","White","Scotland","East Dunbartonshire, West Dunbartonshire, and Helensburgh and Lomond","105","[c]","31950","27570"
"Leaver CS","2022","Declared non-disabled","White","Scotland","East Lothian and Midlothian","10","[c]","[c]","[c]"
"Leaver CS","2022","Declared non-disabled","White","Scotland","Falkirk","50","[c]","23830","21260"
"Leaver CS","2022","Declared non-disabled","White","Scotland","Glasgow City","390","[c]","30530","26670"
"Leaver CS","2022","Declared non-disabled","White","Scotland","Inverclyde, East Renfrewshire, and Renfrewshire","30","[c]","[c]","[c]"
"Leaver CS","2022","Declared non-disabled","White","Scotland","Inverness and Nairn, Moray, and Badenoch and Strathspey","70","[c]","28120","26670"
"Leaver CS","2022","Declared non-disabled","White","Scotland","Lochaber, Skye and Lochalsh, Arran and Cumbrae, and Argyll and Bute","15","[c]","[c]","[c]"
"Leaver CS","2022","Declared non-disabled","White","Scotland","Na h-Eileanan Siar","20","[c]","[c]","[c]"
"Leaver CS","2022","Declared non-disabled","White","Scotland","North Lanarkshire","115","[c]","25090","21260"
"Leaver CS","2022","Declared non-disabled","White","Scotland","Orkney Islands","[c]","[c]","[c]","[c]"
"Leaver CS","2022","Declared non-disabled","White","Scotland","Perth and Kinross, and Stirling","35","[c]","29730","27570"
"Leaver CS","2022","Declared non-disabled","White","Scotland","Scottish Borders","25","[c]","[c]","[c]"
"Leaver CS","2022","Declared non-disabled","White","Scotland","Shetland Islands","[c]","[c]","[c]","[c]"
"Leaver CS","2022","Declared non-disabled","White","Scotland","South Ayrshire","25","[c]","[c]","[c]"
"Leaver CS","2022","Declared non-disabled","White","Scotland","South Lanarkshire","160","[c]","35050","27570"
"Leaver CS","2022","Declared non-disabled","White","Scotland","West Lothian","45","[c]","29250","23230"
"Leaver CS","2022","Declared non-disabled","White","South East (England)","Berkshire","140","[c]","32220","29290"
"Leaver CS","2022","Declared non-disabled","White","South East (England)","Brighton and Hove","40","[c]","27230","26340"
"Leaver CS","2022","Declared non-disabled","White","South East (England)","Buckinghamshire","110","[c]","31840","27570"
"Leaver CS","2022","Declared non-disabled","White","South East (England)","Central Hampshire","205","[c]","34620","32950"
"Leaver CS","2022","Declared non-disabled","White","South East (England)","East Kent","130","[c]","29500","26590"
"Leaver CS","2022","Declared non-disabled","White","South East (England)","East Surrey","70","[c]","41130","40060"
"Leaver CS","2022","Declared non-disabled","White","South East (England)","East Sussex CC","140","[c]","24510","21260"
"Leaver CS","2022","Declared non-disabled","White","South East (England)","Isle of Wight","55","[c]","[c]","[c]"
"Leaver CS","2022","Declared non-disabled","White","South East (England)","Kent Thames Gateway","90","[c]","[c]","[c]"
"Leaver CS","2022","Declared non-disabled","White","South East (England)","Medway","95","[c]","[c]","[c]"
"Leaver CS","2022","Declared non-disabled","White","South East (England)","Mid Kent","80","[c]","38280","29290"
"Leaver CS","2022","Declared non-disabled","White","South East (England)","Milton Keynes","145","[c]","36580","27570"
"Leaver CS","2022","Declared non-disabled","White","South East (England)","North Hampshire","45","[c]","29780","27570"
"Leaver CS","2022","Declared non-disabled","White","South East (England)","Oxfordshire CC","275","[c]","26980","21490"
"Leaver CS","2022","Declared non-disabled","White","South East (England)","Portsmouth","205","[c]","32000","27570"
"Leaver CS","2022","Declared non-disabled","White","South East (England)","South Hampshire","215","[c]","29180","25220"
"Leaver CS","2022","Declared non-disabled","White","South East (England)","Southampton","70","[c]","36710","27570"
"Leaver CS","2022","Declared non-disabled","White","South East (England)","West Kent","40","[c]","33030","29290"
"Leaver CS","2022","Declared non-disabled","White","South East (England)","West Surrey","155","[c]","34720","29290"
"Leaver CS","2022","Declared non-disabled","White","South East (England)","West Sussex (North East)","60","[c]","28620","27570"
"Leaver CS","2022","Declared non-disabled","White","South East (England)","West Sussex (South West)","60","[c]","27770","27570"
"Leaver CS","2022","Declared non-disabled","White","South West (England)","Bath and North East Somerset, North Somerset and South Gloucestershire","585","[c]","36750","33300"
"Leaver CS","2022","Declared non-disabled","White","South West (England)","Bournemouth, Christchurch and Poole","50","[c]","27400","27570"
"Leaver CS","2022","Declared non-disabled","White","South West (England)","Bristol, City of","290","[c]","33480","27570"
"Leaver CS","2022","Declared non-disabled","White","South West (England)","Cornwall and Isles of Scilly","105","[c]","26120","21260"
"Leaver CS","2022","Declared non-disabled","White","South West (England)","Devon CC","305","[c]","30320","27570"
"Leaver CS","2022","Declared non-disabled","White","South West (England)","Dorset","135","[c]","30690","27130"
"Leaver CS","2022","Declared non-disabled","White","South West (England)","Gloucestershire CC","80","[c]","32190","27570"
"Leaver CS","2022","Declared non-disabled","White","South West (England)","Plymouth","125","[c]","31580","27130"
"Leaver CS","2022","Declared non-disabled","White","South West (England)","Somerset CC","130","[c]","30920","27570"
"Leaver CS","2022","Declared non-disabled","White","South West (England)","Swindon","30","[c]","[c]","[c]"
"Leaver CS","2022","Declared non-disabled","White","South West (England)","Torbay","15","[c]","[c]","[c]"
"Leaver CS","2022","Declared non-disabled","White","South West (England)","Wiltshire","445","[c]","33330","29260"
"Leaver CS","2022","Declared non-disabled","White","Unknown","Unknown","365","[c]","27640","21840"
"Leaver CS","2022","Declared non-disabled","White","Wales","Bridgend and Neath Port Talbot","30","[c]","[c]","[c]"
"Leaver CS","2022","Declared non-disabled","White","Wales","Cardiff and Vale of Glamorgan","450","[c]","35270","27570"
"Leaver CS","2022","Declared non-disabled","White","Wales","Central Valleys","70","[c]","30610","27570"
"Leaver CS","2022","Declared non-disabled","White","Wales","Conwy and Denbighshire","40","[c]","[c]","[c]"
"Leaver CS","2022","Declared non-disabled","White","Wales","Flintshire and Wrexham","205","[c]","27440","21260"
"Leaver CS","2022","Declared non-disabled","White","Wales","Gwent Valleys","35","[c]","29630","27570"
"Leaver CS","2022","Declared non-disabled","White","Wales","Gwynedd","35","[c]","[c]","[c]"
"Leaver CS","2022","Declared non-disabled","White","Wales","Isle of Anglesey","10","[c]","[c]","[c]"
"Leaver CS","2022","Declared non-disabled","White","Wales","Monmouthshire and Newport","155","[c]","31860","27570"
"Leaver CS","2022","Declared non-disabled","White","Wales","Powys","20","[c]","[c]","[c]"
"Leaver CS","2022","Declared non-disabled","White","Wales","South West Wales","75","[c]","30290","24230"
"Leaver CS","2022","Declared non-disabled","White","Wales","Swansea","85","[c]","33560","27130"
"Leaver CS","2022","Declared non-disabled","White","West Midlands (England)","Birmingham","400","[c]","36960","28430"
"Leaver CS","2022","Declared non-disabled","White","West Midlands (England)","Coventry","75","[c]","41560","33840"
"Leaver CS","2022","Declared non-disabled","White","West Midlands (England)","Dudley","40","[c]","24330","22080"
"Leaver CS","2022","Declared non-disabled","White","West Midlands (England)","Herefordshire, County of","30","[c]","31530","27570"
"Leaver CS","2022","Declared non-disabled","White","West Midlands (England)","Sandwell","15","[c]","[c]","[c]"
"Leaver CS","2022","Declared non-disabled","White","West Midlands (England)","Shropshire","65","[c]","31590","27570"
"Leaver CS","2022","Declared non-disabled","White","West Midlands (England)","Solihull","25","[c]","[c]","[c]"
"Leaver CS","2022","Declared non-disabled","White","West Midlands (England)","Staffordshire CC","205","[c]","31220","27570"
"Leaver CS","2022","Declared non-disabled","White","West Midlands (England)","Stoke-on-Trent","85","[c]","23940","20970"
"Leaver CS","2022","Declared non-disabled","White","West Midlands (England)","Telford and Wrekin","75","[c]","30040","27570"
"Leaver CS","2022","Declared non-disabled","White","West Midlands (England)","Walsall","15","[c]","[c]","[c]"
"Leaver CS","2022","Declared non-disabled","White","West Midlands (England)","Warwickshire CC","75","[c]","25080","23630"
"Leaver CS","2022","Declared non-disabled","White","West Midlands (England)","Wolverhampton","25","[c]","[c]","[c]"
"Leaver CS","2022","Declared non-disabled","White","West Midlands (England)","Worcestershire CC","130","[c]","30310","27570"
"Leaver CS","2022","Declared non-disabled","White","Yorkshire and The Humber","Barnsley, Doncaster and Rotherham","180","[c]","26430","26120"
"Leaver CS","2022","Declared non-disabled","White","Yorkshire and The Humber","Bradford","95","[c]","25550","27570"
"Leaver CS","2022","Declared non-disabled","White","Yorkshire and The Humber","Calderdale and Kirklees","70","[c]","27940","27570"
"Leaver CS","2022","Declared non-disabled","White","Yorkshire and The Humber","East Riding of Yorkshire","135","[c]","30380","27570"
"Leaver CS","2022","Declared non-disabled","White","Yorkshire and The Humber","Kingston upon Hull, City of","100","[c]","26670","27130"
"Leaver CS","2022","Declared non-disabled","White","Yorkshire and The Humber","Leeds","550","[c]","32960","27570"
"Leaver CS","2022","Declared non-disabled","White","Yorkshire and The Humber","North and North East Lincolnshire","40","[c]","28030","26780"
"Leaver CS","2022","Declared non-disabled","White","Yorkshire and The Humber","North Yorkshire CC","125","[c]","30260","27570"
"Leaver CS","2022","Declared non-disabled","White","Yorkshire and The Humber","Sheffield","225","[c]","31920","27470"
"Leaver CS","2022","Declared non-disabled","White","Yorkshire and The Humber","Wakefield","105","[c]","30170","27570"
"Leaver CS","2022","Declared non-disabled","White","Yorkshire and The Humber","York","105","[c]","36280","27570"
"Leaver CS","2022","Undeclared","Asian","East Midlands (England)","Derby","[c]","[c]","[c]","[c]"
"Leaver CS","2022","Undeclared","Asian","East Midlands (England)","East Derbyshire","[c]","[c]","[c]","[c]"
"Leaver CS","2022","Undeclared","Asian","East Midlands (England)","Leicester","[c]","[c]","[c]","[c]"
"Leaver CS","2022","Undeclared","Asian","East Midlands (England)","Leicestershire CC and Rutland","[c]","[c]","[c]","[c]"
"Leaver CS","2022","Undeclared","Asian","East Midlands (England)","Lincolnshire CC","[c]","[c]","[c]","[c]"
"Leaver CS","2022","Undeclared","Asian","East Midlands (England)","North Northamptonshire","[c]","[c]","[c]","[c]"
"Leaver CS","2022","Undeclared","Asian","East Midlands (England)","North Nottinghamshire","[c]","[c]","[c]","[c]"
"Leaver CS","2022","Undeclared","Asian","East Midlands (England)","Nottingham","[c]","[c]","[c]","[c]"
"Leaver CS","2022","Undeclared","Asian","East Midlands (England)","South and West Derbyshire","[c]","[c]","[c]","[c]"
"Leaver CS","2022","Undeclared","Asian","East Midlands (England)","South Nottinghamshire","[c]","[c]","[c]","[c]"
"Leaver CS","2022","Undeclared","Asian","East Midlands (England)","West Northamptonshire","[c]","[c]","[c]","[c]"
"Leaver CS","2022","Undeclared","Asian","East of England","Bedford","[c]","[c]","[c]","[c]"
"Leaver CS","2022","Undeclared","Asian","East of England","Breckland and South Norfolk","[c]","[c]","[c]","[c]"
"Leaver CS","2022","Undeclared","Asian","East of England","Cambridgeshire CC","[c]","[c]","[c]","[c]"
"Leaver CS","2022","Undeclared","Asian","East of England","Central Bedfordshire","[c]","[c]","[c]","[c]"
"Leaver CS","2022","Undeclared","Asian","East of England","Essex Haven Gateway","[c]","[c]","[c]","[c]"
"Leaver CS","2022","Undeclared","Asian","East of England","Essex Thames Gateway","[c]","[c]","[c]","[c]"
"Leaver CS","2022","Undeclared","Asian","East of England","Heart of Essex","[c]","[c]","[c]","[c]"
"Leaver CS","2022","Undeclared","Asian","East of England","Hertfordshire CC","[c]","[c]","[c]","[c]"
"Leaver CS","2022","Undeclared","Asian","East of England","Luton","[c]","[c]","[c]","[c]"
"Leaver CS","2022","Undeclared","Asian","East of England","North and West Norfolk","[c]","[c]","[c]","[c]"
"Leaver CS","2022","Undeclared","Asian","East of England","Norwich and East Norfolk","[c]","[c]","[c]","[c]"
"Leaver CS","2022","Undeclared","Asian","East of England","Peterborough","[c]","[c]","[c]","[c]"
"Leaver CS","2022","Undeclared","Asian","East of England","Southend-on-Sea","[c]","[c]","[c]","[c]"
"Leaver CS","2022","Undeclared","Asian","East of England","Suffolk CC","[c]","[c]","[c]","[c]"
"Leaver CS","2022","Undeclared","Asian","East of England","Thurrock","[c]","[c]","[c]","[c]"
"Leaver CS","2022","Undeclared","Asian","East of England","West Essex","[c]","[c]","[c]","[c]"
"Leaver CS","2022","Undeclared","Asian","London","Barking & Dagenham and Havering","[c]","[c]","[c]","[c]"
"Leaver CS","2022","Undeclared","Asian","London","Barnet","[c]","[c]","[c]","[c]"
"Leaver CS","2022","Undeclared","Asian","London","Bexley and Greenwich","[c]","[c]","[c]","[c]"
"Leaver CS","2022","Undeclared","Asian","London","Brent","[c]","[c]","[c]","[c]"
"Leaver CS","2022","Undeclared","Asian","London","Bromley","[c]","[c]","[c]","[c]"
"Leaver CS","2022","Undeclared","Asian","London","Camden and City of London","[c]","[c]","[c]","[c]"
"Leaver CS","2022","Undeclared","Asian","London","Croydon","[c]","[c]","[c]","[c]"
"Leaver CS","2022","Undeclared","Asian","London","Ealing","[c]","[c]","[c]","[c]"
"Leaver CS","2022","Undeclared","Asian","London","Enfield","[c]","[c]","[c]","[c]"
"Leaver CS","2022","Undeclared","Asian","London","Hackney and Newham","[c]","[c]","[c]","[c]"
"Leaver CS","2022","Undeclared","Asian","London","Haringey and Islington","[c]","[c]","[c]","[c]"
"Leaver CS","2022","Undeclared","Asian","London","Harrow and Hillingdon","[c]","[c]","[c]","[c]"
"Leaver CS","2022","Undeclared","Asian","London","Hounslow and Richmond upon Thames","[c]","[c]","[c]","[c]"
"Leaver CS","2022","Undeclared","Asian","London","Kensington & Chelsea and Hammersmith & Fulham","[c]","[c]","[c]","[c]"
"Leaver CS","2022","Undeclared","Asian","London","Lambeth","[c]","[c]","[c]","[c]"
"Leaver CS","2022","Undeclared","Asian","London","Lewisham and Southwark","[c]","[c]","[c]","[c]"
"Leaver CS","2022","Undeclared","Asian","London","Merton, Kingston upon Thames and Sutton","[c]","[c]","[c]","[c]"
"Leaver CS","2022","Undeclared","Asian","London","Redbridge and Waltham Forest","[c]","[c]","[c]","[c]"
"Leaver CS","2022","Undeclared","Asian","London","Tower Hamlets","[c]","[c]","[c]","[c]"
"Leaver CS","2022","Undeclared","Asian","London","Wandsworth","[c]","[c]","[c]","[c]"
"Leaver CS","2022","Undeclared","Asian","London","Westminster","15","[c]","[c]","[c]"
"Leaver CS","2022","Undeclared","Asian","North East (England)","Darlington","[c]","[c]","[c]","[c]"
"Leaver CS","2022","Undeclared","Asian","North East (England)","Durham","[c]","[c]","[c]","[c]"
"Leaver CS","2022","Undeclared","Asian","North East (England)","Hartlepool and Stockton-on-Tees","[c]","[c]","[c]","[c]"
"Leaver CS","2022","Undeclared","Asian","North East (England)","Northumberland","[c]","[c]","[c]","[c]"
"Leaver CS","2022","Undeclared","Asian","North East (England)","South Teesside","[c]","[c]","[c]","[c]"
"Leaver CS","2022","Undeclared","Asian","North East (England)","Sunderland","[c]","[c]","[c]","[c]"
"Leaver CS","2022","Undeclared","Asian","North East (England)","Tyneside","[c]","[c]","[c]","[c]"
"Leaver CS","2022","Undeclared","Asian","North West (England)","Blackburn with Darwen","[c]","[c]","[c]","[c]"
"Leaver CS","2022","Undeclared","Asian","North West (England)","Blackpool","[c]","[c]","[c]","[c]"
"Leaver CS","2022","Undeclared","Asian","North West (England)","Cheshire East","[c]","[c]","[c]","[c]"
"Leaver CS","2022","Undeclared","Asian","North West (England)","Cheshire West and Chester","[c]","[c]","[c]","[c]"
"Leaver CS","2022","Undeclared","Asian","North West (England)","Chorley and West Lancashire","[c]","[c]","[c]","[c]"
"Leaver CS","2022","Undeclared","Asian","North West (England)","East Cumbria","[c]","[c]","[c]","[c]"
"Leaver CS","2022","Undeclared","Asian","North West (England)","East Lancashire","[c]","[c]","[c]","[c]"
"Leaver CS","2022","Undeclared","Asian","North West (England)","East Merseyside","[c]","[c]","[c]","[c]"
"Leaver CS","2022","Undeclared","Asian","North West (England)","Greater Manchester North East","[c]","[c]","[c]","[c]"
"Leaver CS","2022","Undeclared","Asian","North West (England)","Greater Manchester North West","[c]","[c]","[c]","[c]"
"Leaver CS","2022","Undeclared","Asian","North West (England)","Greater Manchester South East","[c]","[c]","[c]","[c]"
"Leaver CS","2022","Undeclared","Asian","North West (England)","Greater Manchester South West","[c]","[c]","[c]","[c]"
"Leaver CS","2022","Undeclared","Asian","North West (England)","Lancaster and Wyre","[c]","[c]","[c]","[c]"
"Leaver CS","2022","Undeclared","Asian","North West (England)","Liverpool","[c]","[c]","[c]","[c]"
"Leaver CS","2022","Undeclared","Asian","North West (England)","Manchester","[c]","[c]","[c]","[c]"
"Leaver CS","2022","Undeclared","Asian","North West (England)","Mid Lancashire","[c]","[c]","[c]","[c]"
"Leaver CS","2022","Undeclared","Asian","North West (England)","Sefton","[c]","[c]","[c]","[c]"
"Leaver CS","2022","Undeclared","Asian","North West (England)","Warrington","[c]","[c]","[c]","[c]"
"Leaver CS","2022","Undeclared","Asian","North West (England)","West Cumbria","[c]","[c]","[c]","[c]"
"Leaver CS","2022","Undeclared","Asian","North West (England)","Wirral","[c]","[c]","[c]","[c]"
"Leaver CS","2022","Undeclared","Asian","Northern Ireland","Antrim and Newtownabbey","[c]","[c]","[c]","[c]"
"Leaver CS","2022","Undeclared","Asian","Northern Ireland","Ards and North Down","[c]","[c]","[c]","[c]"
"Leaver CS","2022","Undeclared","Asian","Northern Ireland","Belfast","[c]","[c]","[c]","[c]"
"Leaver CS","2022","Undeclared","Asian","Northern Ireland","Causeway Coast and Glens","[c]","[c]","[c]","[c]"
"Leaver CS","2022","Undeclared","Asian","Northern Ireland","Derry City and Strabane","[c]","[c]","[c]","[c]"
"Leaver CS","2022","Undeclared","Asian","Northern Ireland","Fermanagh and Omagh","[c]","[c]","[c]","[c]"
"Leaver CS","2022","Undeclared","Asian","Northern Ireland","Lisburn and Castlereagh","[c]","[c]","[c]","[c]"
"Leaver CS","2022","Undeclared","Asian","Northern Ireland","Mid and East Antrim","[c]","[c]","[c]","[c]"
"Leaver CS","2022","Undeclared","Asian","Northern Ireland","Newry, Mourne and Down","[c]","[c]","[c]","[c]"
"Leaver CS","2022","Undeclared","Asian","Overseas","Overseas","[c]","[c]","[c]","[c]"
"Leaver CS","2022","Undeclared","Asian","Scotland","Aberdeen City and Aberdeenshire","[c]","[c]","[c]","[c]"
"Leaver CS","2022","Undeclared","Asian","Scotland","Angus and Dundee City","[c]","[c]","[c]","[c]"
"Leaver CS","2022","Undeclared","Asian","Scotland","Caithness and Sutherland, and Ross and Cromarty","[c]","[c]","[c]","[c]"
"Leaver CS","2022","Undeclared","Asian","Scotland","City of Edinburgh","[c]","[c]","[c]","[c]"
"Leaver CS","2022","Undeclared","Asian","Scotland","Clackmannanshire and Fife","[c]","[c]","[c]","[c]"
"Leaver CS","2022","Undeclared","Asian","Scotland","Dumfries and Galloway","[c]","[c]","[c]","[c]"
"Leaver CS","2022","Undeclared","Asian","Scotland","East Ayrshire and North Ayrshire mainland","[c]","[c]","[c]","[c]"
"Leaver CS","2022","Undeclared","Asian","Scotland","East Dunbartonshire, West Dunbartonshire, and Helensburgh and Lomond","[c]","[c]","[c]","[c]"
"Leaver CS","2022","Undeclared","Asian","Scotland","East Lothian and Midlothian","[c]","[c]","[c]","[c]"
"Leaver CS","2022","Undeclared","Asian","Scotland","Falkirk","[c]","[c]","[c]","[c]"
"Leaver CS","2022","Undeclared","Asian","Scotland","Glasgow City","[c]","[c]","[c]","[c]"
"Leaver CS","2022","Undeclared","Asian","Scotland","Inverclyde, East Renfrewshire, and Renfrewshire","[c]","[c]","[c]","[c]"
"Leaver CS","2022","Undeclared","Asian","Scotland","Inverness and Nairn, Moray, and Badenoch and Strathspey","[c]","[c]","[c]","[c]"
"Leaver CS","2022","Undeclared","Asian","Scotland","Lochaber, Skye and Lochalsh, Arran and Cumbrae, and Argyll and Bute","[c]","[c]","[c]","[c]"
"Leaver CS","2022","Undeclared","Asian","Scotland","Na h-Eileanan Siar","[c]","[c]","[c]","[c]"
"Leaver CS","2022","Undeclared","Asian","Scotland","North Lanarkshire","[c]","[c]","[c]","[c]"
"Leaver CS","2022","Undeclared","Asian","Scotland","Orkney Islands","[c]","[c]","[c]","[c]"
"Leaver CS","2022","Undeclared","Asian","Scotland","Perth and Kinross, and Stirling","[c]","[c]","[c]","[c]"
"Leaver CS","2022","Undeclared","Asian","Scotland","Scottish Borders","[c]","[c]","[c]","[c]"
"Leaver CS","2022","Undeclared","Asian","Scotland","Shetland Islands","[c]","[c]","[c]","[c]"
"Leaver CS","2022","Undeclared","Asian","Scotland","South Ayrshire","[c]","[c]","[c]","[c]"
"Leaver CS","2022","Undeclared","Asian","Scotland","South Lanarkshire","[c]","[c]","[c]","[c]"
"Leaver CS","2022","Undeclared","Asian","Scotland","West Lothian","[c]","[c]","[c]","[c]"
"Leaver CS","2022","Undeclared","Asian","South East (England)","Berkshire","[c]","[c]","[c]","[c]"
"Leaver CS","2022","Undeclared","Asian","South East (England)","Brighton and Hove","[c]","[c]","[c]","[c]"
"Leaver CS","2022","Undeclared","Asian","South East (England)","Buckinghamshire","[c]","[c]","[c]","[c]"
"Leaver CS","2022","Undeclared","Asian","South East (England)","Central Hampshire","[c]","[c]","[c]","[c]"
"Leaver CS","2022","Undeclared","Asian","South East (England)","East Kent","[c]","[c]","[c]","[c]"
"Leaver CS","2022","Undeclared","Asian","South East (England)","East Surrey","[c]","[c]","[c]","[c]"
"Leaver CS","2022","Undeclared","Asian","South East (England)","East Sussex CC","[c]","[c]","[c]","[c]"
"Leaver CS","2022","Undeclared","Asian","South East (England)","Isle of Wight","[c]","[c]","[c]","[c]"
"Leaver CS","2022","Undeclared","Asian","South East (England)","Kent Thames Gateway","[c]","[c]","[c]","[c]"
"Leaver CS","2022","Undeclared","Asian","South East (England)","Medway","[c]","[c]","[c]","[c]"
"Leaver CS","2022","Undeclared","Asian","South East (England)","Mid Kent","[c]","[c]","[c]","[c]"
"Leaver CS","2022","Undeclared","Asian","South East (England)","Milton Keynes","[c]","[c]","[c]","[c]"
"Leaver CS","2022","Undeclared","Asian","South East (England)","North Hampshire","[c]","[c]","[c]","[c]"
"Leaver CS","2022","Undeclared","Asian","South East (England)","Oxfordshire CC","[c]","[c]","[c]","[c]"
"Leaver CS","2022","Undeclared","Asian","South East (England)","Portsmouth","[c]","[c]","[c]","[c]"
"Leaver CS","2022","Undeclared","Asian","South East (England)","South Hampshire","[c]","[c]","[c]","[c]"
"Leaver CS","2022","Undeclared","Asian","South East (England)","Southampton","[c]","[c]","[c]","[c]"
"Leaver CS","2022","Undeclared","Asian","South East (England)","West Kent","[c]","[c]","[c]","[c]"
"Leaver CS","2022","Undeclared","Asian","South East (England)","West Surrey","[c]","[c]","[c]","[c]"
"Leaver CS","2022","Undeclared","Asian","South East (England)","West Sussex (North East)","[c]","[c]","[c]","[c]"
"Leaver CS","2022","Undeclared","Asian","South East (England)","West Sussex (South West)","[c]","[c]","[c]","[c]"
"Leaver CS","2022","Undeclared","Asian","South West (England)","Bath and North East Somerset, North Somerset and South Gloucestershire","[c]","[c]","[c]","[c]"
"Leaver CS","2022","Undeclared","Asian","South West (England)","Bournemouth, Christchurch and Poole","[c]","[c]","[c]","[c]"
"Leaver CS","2022","Undeclared","Asian","South West (England)","Bristol, City of","[c]","[c]","[c]","[c]"
"Leaver CS","2022","Undeclared","Asian","South West (England)","Cornwall and Isles of Scilly","[c]","[c]","[c]","[c]"
"Leaver CS","2022","Undeclared","Asian","South West (England)","Devon CC","[c]","[c]","[c]","[c]"
"Leaver CS","2022","Undeclared","Asian","South West (England)","Dorset","[c]","[c]","[c]","[c]"
"Leaver CS","2022","Undeclared","Asian","South West (England)","Gloucestershire CC","[c]","[c]","[c]","[c]"
"Leaver CS","2022","Undeclared","Asian","South West (England)","Plymouth","[c]","[c]","[c]","[c]"
"Leaver CS","2022","Undeclared","Asian","South West (England)","Somerset CC","[c]","[c]","[c]","[c]"
"Leaver CS","2022","Undeclared","Asian","South West (England)","Swindon","[c]","[c]","[c]","[c]"
"Leaver CS","2022","Undeclared","Asian","South West (England)","Torbay","[c]","[c]","[c]","[c]"
"Leaver CS","2022","Undeclared","Asian","South West (England)","Wiltshire","[c]","[c]","[c]","[c]"
"Leaver CS","2022","Undeclared","Asian","Unknown","Unknown","[c]","[c]","[c]","[c]"
"Leaver CS","2022","Undeclared","Asian","Wales","Bridgend and Neath Port Talbot","[c]","[c]","[c]","[c]"
"Leaver CS","2022","Undeclared","Asian","Wales","Cardiff and Vale of Glamorgan","[c]","[c]","[c]","[c]"
"Leaver CS","2022","Undeclared","Asian","Wales","Central Valleys","[c]","[c]","[c]","[c]"
"Leaver CS","2022","Undeclared","Asian","Wales","Conwy and Denbighshire","[c]","[c]","[c]","[c]"
"Leaver CS","2022","Undeclared","Asian","Wales","Flintshire and Wrexham","[c]","[c]","[c]","[c]"
"Leaver CS","2022","Undeclared","Asian","Wales","Gwent Valleys","[c]","[c]","[c]","[c]"
"Leaver CS","2022","Undeclared","Asian","Wales","Gwynedd","[c]","[c]","[c]","[c]"
"Leaver CS","2022","Undeclared","Asian","Wales","Isle of Anglesey","[c]","[c]","[c]","[c]"
"Leaver CS","2022","Undeclared","Asian","Wales","Monmouthshire and Newport","[c]","[c]","[c]","[c]"
"Leaver CS","2022","Undeclared","Asian","Wales","Powys","[c]","[c]","[c]","[c]"
"Leaver CS","2022","Undeclared","Asian","Wales","South West Wales","[c]","[c]","[c]","[c]"
"Leaver CS","2022","Undeclared","Asian","Wales","Swansea","[c]","[c]","[c]","[c]"
"Leaver CS","2022","Undeclared","Asian","West Midlands (England)","Birmingham","5","[c]","[c]","[c]"
"Leaver CS","2022","Undeclared","Asian","West Midlands (England)","Coventry","[c]","[c]","[c]","[c]"
"Leaver CS","2022","Undeclared","Asian","West Midlands (England)","Dudley","[c]","[c]","[c]","[c]"
"Leaver CS","2022","Undeclared","Asian","West Midlands (England)","Herefordshire, County of","[c]","[c]","[c]","[c]"
"Leaver CS","2022","Undeclared","Asian","West Midlands (England)","Sandwell","[c]","[c]","[c]","[c]"
"Leaver CS","2022","Undeclared","Asian","West Midlands (England)","Shropshire","[c]","[c]","[c]","[c]"
"Leaver CS","2022","Undeclared","Asian","West Midlands (England)","Solihull","[c]","[c]","[c]","[c]"
"Leaver CS","2022","Undeclared","Asian","West Midlands (England)","Staffordshire CC","[c]","[c]","[c]","[c]"
"Leaver CS","2022","Undeclared","Asian","West Midlands (England)","Stoke-on-Trent","[c]","[c]","[c]","[c]"
"Leaver CS","2022","Undeclared","Asian","West Midlands (England)","Telford and Wrekin","[c]","[c]","[c]","[c]"
"Leaver CS","2022","Undeclared","Asian","West Midlands (England)","Walsall","[c]","[c]","[c]","[c]"
"Leaver CS","2022","Undeclared","Asian","West Midlands (England)","Warwickshire CC","[c]","[c]","[c]","[c]"
"Leaver CS","2022","Undeclared","Asian","West Midlands (England)","Wolverhampton","[c]","[c]","[c]","[c]"
"Leaver CS","2022","Undeclared","Asian","West Midlands (England)","Worcestershire CC","[c]","[c]","[c]","[c]"
"Leaver CS","2022","Undeclared","Asian","Yorkshire and The Humber","Barnsley, Doncaster and Rotherham","[c]","[c]","[c]","[c]"
"Leaver CS","2022","Undeclared","Asian","Yorkshire and The Humber","Bradford","[c]","[c]","[c]","[c]"
"Leaver CS","2022","Undeclared","Asian","Yorkshire and The Humber","Calderdale and Kirklees","[c]","[c]","[c]","[c]"
"Leaver CS","2022","Undeclared","Asian","Yorkshire and The Humber","East Riding of Yorkshire","[c]","[c]","[c]","[c]"
"Leaver CS","2022","Undeclared","Asian","Yorkshire and The Humber","Kingston upon Hull, City of","[c]","[c]","[c]","[c]"
"Leaver CS","2022","Undeclared","Asian","Yorkshire and The Humber","Leeds","5","[c]","[c]","[c]"
"Leaver CS","2022","Undeclared","Asian","Yorkshire and The Humber","North and North East Lincolnshire","[c]","[c]","[c]","[c]"
"Leaver CS","2022","Undeclared","Asian","Yorkshire and The Humber","North Yorkshire CC","[c]","[c]","[c]","[c]"
"Leaver CS","2022","Undeclared","Asian","Yorkshire and The Humber","Sheffield","[c]","[c]","[c]","[c]"
"Leaver CS","2022","Undeclared","Asian","Yorkshire and The Humber","Wakefield","[c]","[c]","[c]","[c]"
"Leaver CS","2022","Undeclared","Asian","Yorkshire and The Humber","York","[c]","[c]","[c]","[c]"
"Leaver CS","2022","Undeclared","Black","East Midlands (England)","Derby","[c]","[c]","[c]","[c]"
"Leaver CS","2022","Undeclared","Black","East Midlands (England)","East Derbyshire","[c]","[c]","[c]","[c]"
"Leaver CS","2022","Undeclared","Black","East Midlands (England)","Leicester","[c]","[c]","[c]","[c]"
"Leaver CS","2022","Undeclared","Black","East Midlands (England)","Leicestershire CC and Rutland","[c]","[c]","[c]","[c]"
"Leaver CS","2022","Undeclared","Black","East Midlands (England)","Lincolnshire CC","[c]","[c]","[c]","[c]"
"Leaver CS","2022","Undeclared","Black","East Midlands (England)","North Northamptonshire","[c]","[c]","[c]","[c]"
"Leaver CS","2022","Undeclared","Black","East Midlands (England)","North Nottinghamshire","[c]","[c]","[c]","[c]"
"Leaver CS","2022","Undeclared","Black","East Midlands (England)","Nottingham","[c]","[c]","[c]","[c]"
"Leaver CS","2022","Undeclared","Black","East Midlands (England)","South and West Derbyshire","[c]","[c]","[c]","[c]"
"Leaver CS","2022","Undeclared","Black","East Midlands (England)","South Nottinghamshire","[c]","[c]","[c]","[c]"
"Leaver CS","2022","Undeclared","Black","East Midlands (England)","West Northamptonshire","[c]","[c]","[c]","[c]"
"Leaver CS","2022","Undeclared","Black","East of England","Bedford","[c]","[c]","[c]","[c]"
"Leaver CS","2022","Undeclared","Black","East of England","Breckland and South Norfolk","[c]","[c]","[c]","[c]"
"Leaver CS","2022","Undeclared","Black","East of England","Cambridgeshire CC","[c]","[c]","[c]","[c]"
"Leaver CS","2022","Undeclared","Black","East of England","Central Bedfordshire","[c]","[c]","[c]","[c]"
"Leaver CS","2022","Undeclared","Black","East of England","Essex Haven Gateway","[c]","[c]","[c]","[c]"
"Leaver CS","2022","Undeclared","Black","East of England","Essex Thames Gateway","[c]","[c]","[c]","[c]"
"Leaver CS","2022","Undeclared","Black","East of England","Heart of Essex","[c]","[c]","[c]","[c]"
"Leaver CS","2022","Undeclared","Black","East of England","Hertfordshire CC","[c]","[c]","[c]","[c]"
"Leaver CS","2022","Undeclared","Black","East of England","Luton","[c]","[c]","[c]","[c]"
"Leaver CS","2022","Undeclared","Black","East of England","North and West Norfolk","[c]","[c]","[c]","[c]"
"Leaver CS","2022","Undeclared","Black","East of England","Norwich and East Norfolk","[c]","[c]","[c]","[c]"
"Leaver CS","2022","Undeclared","Black","East of England","Peterborough","[c]","[c]","[c]","[c]"
"Leaver CS","2022","Undeclared","Black","East of England","Southend-on-Sea","[c]","[c]","[c]","[c]"
"Leaver CS","2022","Undeclared","Black","East of England","Suffolk CC","[c]","[c]","[c]","[c]"
"Leaver CS","2022","Undeclared","Black","East of England","Thurrock","[c]","[c]","[c]","[c]"
"Leaver CS","2022","Undeclared","Black","East of England","West Essex","[c]","[c]","[c]","[c]"
"Leaver CS","2022","Undeclared","Black","London","Barking & Dagenham and Havering","[c]","[c]","[c]","[c]"
"Leaver CS","2022","Undeclared","Black","London","Barnet","[c]","[c]","[c]","[c]"
"Leaver CS","2022","Undeclared","Black","London","Bexley and Greenwich","[c]","[c]","[c]","[c]"
"Leaver CS","2022","Undeclared","Black","London","Brent","[c]","[c]","[c]","[c]"
"Leaver CS","2022","Undeclared","Black","London","Bromley","[c]","[c]","[c]","[c]"
"Leaver CS","2022","Undeclared","Black","London","Camden and City of London","[c]","[c]","[c]","[c]"
"Leaver CS","2022","Undeclared","Black","London","Croydon","[c]","[c]","[c]","[c]"
"Leaver CS","2022","Undeclared","Black","London","Ealing","[c]","[c]","[c]","[c]"
"Leaver CS","2022","Undeclared","Black","London","Enfield","[c]","[c]","[c]","[c]"
"Leaver CS","2022","Undeclared","Black","London","Hackney and Newham","[c]","[c]","[c]","[c]"
"Leaver CS","2022","Undeclared","Black","London","Haringey and Islington","[c]","[c]","[c]","[c]"
"Leaver CS","2022","Undeclared","Black","London","Harrow and Hillingdon","[c]","[c]","[c]","[c]"
"Leaver CS","2022","Undeclared","Black","London","Hounslow and Richmond upon Thames","[c]","[c]","[c]","[c]"
"Leaver CS","2022","Undeclared","Black","London","Kensington & Chelsea and Hammersmith & Fulham","[c]","[c]","[c]","[c]"
"Leaver CS","2022","Undeclared","Black","London","Lambeth","[c]","[c]","[c]","[c]"
"Leaver CS","2022","Undeclared","Black","London","Lewisham and Southwark","[c]","[c]","[c]","[c]"
"Leaver CS","2022","Undeclared","Black","London","Merton, Kingston upon Thames and Sutton","[c]","[c]","[c]","[c]"
"Leaver CS","2022","Undeclared","Black","London","Redbridge and Waltham Forest","[c]","[c]","[c]","[c]"
"Leaver CS","2022","Undeclared","Black","London","Tower Hamlets","[c]","[c]","[c]","[c]"
"Leaver CS","2022","Undeclared","Black","London","Wandsworth","[c]","[c]","[c]","[c]"
"Leaver CS","2022","Undeclared","Black","London","Westminster","10","[c]","[c]","[c]"
"Leaver CS","2022","Undeclared","Black","North East (England)","Darlington","[c]","[c]","[c]","[c]"
"Leaver CS","2022","Undeclared","Black","North East (England)","Durham","[c]","[c]","[c]","[c]"
"Leaver CS","2022","Undeclared","Black","North East (England)","Hartlepool and Stockton-on-Tees","[c]","[c]","[c]","[c]"
"Leaver CS","2022","Undeclared","Black","North East (England)","Northumberland","[c]","[c]","[c]","[c]"
"Leaver CS","2022","Undeclared","Black","North East (England)","South Teesside","[c]","[c]","[c]","[c]"
"Leaver CS","2022","Undeclared","Black","North East (England)","Sunderland","[c]","[c]","[c]","[c]"
"Leaver CS","2022","Undeclared","Black","North East (England)","Tyneside","[c]","[c]","[c]","[c]"
"Leaver CS","2022","Undeclared","Black","North West (England)","Blackburn with Darwen","[c]","[c]","[c]","[c]"
"Leaver CS","2022","Undeclared","Black","North West (England)","Blackpool","[c]","[c]","[c]","[c]"
"Leaver CS","2022","Undeclared","Black","North West (England)","Cheshire East","[c]","[c]","[c]","[c]"
"Leaver CS","2022","Undeclared","Black","North West (England)","Cheshire West and Chester","[c]","[c]","[c]","[c]"
"Leaver CS","2022","Undeclared","Black","North West (England)","Chorley and West Lancashire","[c]","[c]","[c]","[c]"
"Leaver CS","2022","Undeclared","Black","North West (England)","East Cumbria","[c]","[c]","[c]","[c]"
"Leaver CS","2022","Undeclared","Black","North West (England)","East Lancashire","[c]","[c]","[c]","[c]"
"Leaver CS","2022","Undeclared","Black","North West (England)","East Merseyside","[c]","[c]","[c]","[c]"
"Leaver CS","2022","Undeclared","Black","North West (England)","Greater Manchester North East","[c]","[c]","[c]","[c]"
"Leaver CS","2022","Undeclared","Black","North West (England)","Greater Manchester North West","[c]","[c]","[c]","[c]"
"Leaver CS","2022","Undeclared","Black","North West (England)","Greater Manchester South East","[c]","[c]","[c]","[c]"
"Leaver CS","2022","Undeclared","Black","North West (England)","Greater Manchester South West","[c]","[c]","[c]","[c]"
"Leaver CS","2022","Undeclared","Black","North West (England)","Lancaster and Wyre","[c]","[c]","[c]","[c]"
"Leaver CS","2022","Undeclared","Black","North West (England)","Liverpool","[c]","[c]","[c]","[c]"
"Leaver CS","2022","Undeclared","Black","North West (England)","Manchester","[c]","[c]","[c]","[c]"
"Leaver CS","2022","Undeclared","Black","North West (England)","Mid Lancashire","[c]","[c]","[c]","[c]"
"Leaver CS","2022","Undeclared","Black","North West (England)","Sefton","[c]","[c]","[c]","[c]"
"Leaver CS","2022","Undeclared","Black","North West (England)","Warrington","[c]","[c]","[c]","[c]"
"Leaver CS","2022","Undeclared","Black","North West (England)","West Cumbria","[c]","[c]","[c]","[c]"
"Leaver CS","2022","Undeclared","Black","North West (England)","Wirral","[c]","[c]","[c]","[c]"
"Leaver CS","2022","Undeclared","Black","Northern Ireland","Antrim and Newtownabbey","[c]","[c]","[c]","[c]"
"Leaver CS","2022","Undeclared","Black","Northern Ireland","Ards and North Down","[c]","[c]","[c]","[c]"
"Leaver CS","2022","Undeclared","Black","Northern Ireland","Belfast","[c]","[c]","[c]","[c]"
"Leaver CS","2022","Undeclared","Black","Northern Ireland","Causeway Coast and Glens","[c]","[c]","[c]","[c]"
"Leaver CS","2022","Undeclared","Black","Northern Ireland","Derry City and Strabane","[c]","[c]","[c]","[c]"
"Leaver CS","2022","Undeclared","Black","Northern Ireland","Fermanagh and Omagh","[c]","[c]","[c]","[c]"
"Leaver CS","2022","Undeclared","Black","Northern Ireland","Lisburn and Castlereagh","[c]","[c]","[c]","[c]"
"Leaver CS","2022","Undeclared","Black","Northern Ireland","Mid and East Antrim","[c]","[c]","[c]","[c]"
"Leaver CS","2022","Undeclared","Black","Northern Ireland","Newry, Mourne and Down","[c]","[c]","[c]","[c]"
"Leaver CS","2022","Undeclared","Black","Overseas","Overseas","[c]","[c]","[c]","[c]"
"Leaver CS","2022","Undeclared","Black","Scotland","Aberdeen City and Aberdeenshire","[c]","[c]","[c]","[c]"
"Leaver CS","2022","Undeclared","Black","Scotland","Angus and Dundee City","[c]","[c]","[c]","[c]"
"Leaver CS","2022","Undeclared","Black","Scotland","Caithness and Sutherland, and Ross and Cromarty","[c]","[c]","[c]","[c]"
"Leaver CS","2022","Undeclared","Black","Scotland","City of Edinburgh","[c]","[c]","[c]","[c]"
"Leaver CS","2022","Undeclared","Black","Scotland","Clackmannanshire and Fife","[c]","[c]","[c]","[c]"
"Leaver CS","2022","Undeclared","Black","Scotland","Dumfries and Galloway","[c]","[c]","[c]","[c]"
"Leaver CS","2022","Undeclared","Black","Scotland","East Ayrshire and North Ayrshire mainland","[c]","[c]","[c]","[c]"
"Leaver CS","2022","Undeclared","Black","Scotland","East Dunbartonshire, West Dunbartonshire, and Helensburgh and Lomond","[c]","[c]","[c]","[c]"
"Leaver CS","2022","Undeclared","Black","Scotland","East Lothian and Midlothian","[c]","[c]","[c]","[c]"
"Leaver CS","2022","Undeclared","Black","Scotland","Falkirk","[c]","[c]","[c]","[c]"
"Leaver CS","2022","Undeclared","Black","Scotland","Glasgow City","[c]","[c]","[c]","[c]"
"Leaver CS","2022","Undeclared","Black","Scotland","Inverclyde, East Renfrewshire, and Renfrewshire","[c]","[c]","[c]","[c]"
"Leaver CS","2022","Undeclared","Black","Scotland","Inverness and Nairn, Moray, and Badenoch and Strathspey","[c]","[c]","[c]","[c]"
"Leaver CS","2022","Undeclared","Black","Scotland","Lochaber, Skye and Lochalsh, Arran and Cumbrae, and Argyll and Bute","[c]","[c]","[c]","[c]"
"Leaver CS","2022","Undeclared","Black","Scotland","Na h-Eileanan Siar","[c]","[c]","[c]","[c]"
"Leaver CS","2022","Undeclared","Black","Scotland","North Lanarkshire","[c]","[c]","[c]","[c]"
"Leaver CS","2022","Undeclared","Black","Scotland","Orkney Islands","[c]","[c]","[c]","[c]"
"Leaver CS","2022","Undeclared","Black","Scotland","Perth and Kinross, and Stirling","[c]","[c]","[c]","[c]"
"Leaver CS","2022","Undeclared","Black","Scotland","Scottish Borders","[c]","[c]","[c]","[c]"
"Leaver CS","2022","Undeclared","Black","Scotland","Shetland Islands","[c]","[c]","[c]","[c]"
"Leaver CS","2022","Undeclared","Black","Scotland","South Ayrshire","[c]","[c]","[c]","[c]"
"Leaver CS","2022","Undeclared","Black","Scotland","South Lanarkshire","[c]","[c]","[c]","[c]"
"Leaver CS","2022","Undeclared","Black","Scotland","West Lothian","[c]","[c]","[c]","[c]"
"Leaver CS","2022","Undeclared","Black","South East (England)","Berkshire","[c]","[c]","[c]","[c]"
"Leaver CS","2022","Undeclared","Black","South East (England)","Brighton and Hove","[c]","[c]","[c]","[c]"
"Leaver CS","2022","Undeclared","Black","South East (England)","Buckinghamshire","[c]","[c]","[c]","[c]"
"Leaver CS","2022","Undeclared","Black","South East (England)","Central Hampshire","[c]","[c]","[c]","[c]"
"Leaver CS","2022","Undeclared","Black","South East (England)","East Kent","[c]","[c]","[c]","[c]"
"Leaver CS","2022","Undeclared","Black","South East (England)","East Surrey","[c]","[c]","[c]","[c]"
"Leaver CS","2022","Undeclared","Black","South East (England)","East Sussex CC","[c]","[c]","[c]","[c]"
"Leaver CS","2022","Undeclared","Black","South East (England)","Isle of Wight","[c]","[c]","[c]","[c]"
"Leaver CS","2022","Undeclared","Black","South East (England)","Kent Thames Gateway","[c]","[c]","[c]","[c]"
"Leaver CS","2022","Undeclared","Black","South East (England)","Medway","[c]","[c]","[c]","[c]"
"Leaver CS","2022","Undeclared","Black","South East (England)","Mid Kent","[c]","[c]","[c]","[c]"
"Leaver CS","2022","Undeclared","Black","South East (England)","Milton Keynes","[c]","[c]","[c]","[c]"
"Leaver CS","2022","Undeclared","Black","South East (England)","North Hampshire","[c]","[c]","[c]","[c]"
"Leaver CS","2022","Undeclared","Black","South East (England)","Oxfordshire CC","[c]","[c]","[c]","[c]"
"Leaver CS","2022","Undeclared","Black","South East (England)","Portsmouth","[c]","[c]","[c]","[c]"
"Leaver CS","2022","Undeclared","Black","South East (England)","South Hampshire","[c]","[c]","[c]","[c]"
"Leaver CS","2022","Undeclared","Black","South East (England)","Southampton","[c]","[c]","[c]","[c]"
"Leaver CS","2022","Undeclared","Black","South East (England)","West Kent","[c]","[c]","[c]","[c]"
"Leaver CS","2022","Undeclared","Black","South East (England)","West Surrey","[c]","[c]","[c]","[c]"
"Leaver CS","2022","Undeclared","Black","South East (England)","West Sussex (North East)","[c]","[c]","[c]","[c]"
"Leaver CS","2022","Undeclared","Black","South East (England)","West Sussex (South West)","[c]","[c]","[c]","[c]"
"Leaver CS","2022","Undeclared","Black","South West (England)","Bath and North East Somerset, North Somerset and South Gloucestershire","[c]","[c]","[c]","[c]"
"Leaver CS","2022","Undeclared","Black","South West (England)","Bournemouth, Christchurch and Poole","[c]","[c]","[c]","[c]"
"Leaver CS","2022","Undeclared","Black","South West (England)","Bristol, City of","[c]","[c]","[c]","[c]"
"Leaver CS","2022","Undeclared","Black","South West (England)","Cornwall and Isles of Scilly","[c]","[c]","[c]","[c]"
"Leaver CS","2022","Undeclared","Black","South West (England)","Devon CC","[c]","[c]","[c]","[c]"
"Leaver CS","2022","Undeclared","Black","South West (England)","Dorset","[c]","[c]","[c]","[c]"
"Leaver CS","2022","Undeclared","Black","South West (England)","Gloucestershire CC","[c]","[c]","[c]","[c]"
"Leaver CS","2022","Undeclared","Black","South West (England)","Plymouth","[c]","[c]","[c]","[c]"
"Leaver CS","2022","Undeclared","Black","South West (England)","Somerset CC","[c]","[c]","[c]","[c]"
"Leaver CS","2022","Undeclared","Black","South West (England)","Swindon","[c]","[c]","[c]","[c]"
"Leaver CS","2022","Undeclared","Black","South West (England)","Torbay","[c]","[c]","[c]","[c]"
"Leaver CS","2022","Undeclared","Black","South West (England)","Wiltshire","[c]","[c]","[c]","[c]"
"Leaver CS","2022","Undeclared","Black","Unknown","Unknown","[c]","[c]","[c]","[c]"
"Leaver CS","2022","Undeclared","Black","Wales","Bridgend and Neath Port Talbot","[c]","[c]","[c]","[c]"
"Leaver CS","2022","Undeclared","Black","Wales","Cardiff and Vale of Glamorgan","[c]","[c]","[c]","[c]"
"Leaver CS","2022","Undeclared","Black","Wales","Central Valleys","[c]","[c]","[c]","[c]"
"Leaver CS","2022","Undeclared","Black","Wales","Conwy and Denbighshire","[c]","[c]","[c]","[c]"
"Leaver CS","2022","Undeclared","Black","Wales","Flintshire and Wrexham","[c]","[c]","[c]","[c]"
"Leaver CS","2022","Undeclared","Black","Wales","Gwent Valleys","[c]","[c]","[c]","[c]"
"Leaver CS","2022","Undeclared","Black","Wales","Gwynedd","[c]","[c]","[c]","[c]"
"Leaver CS","2022","Undeclared","Black","Wales","Isle of Anglesey","[c]","[c]","[c]","[c]"
"Leaver CS","2022","Undeclared","Black","Wales","Monmouthshire and Newport","[c]","[c]","[c]","[c]"
"Leaver CS","2022","Undeclared","Black","Wales","Powys","[c]","[c]","[c]","[c]"
"Leaver CS","2022","Undeclared","Black","Wales","South West Wales","[c]","[c]","[c]","[c]"
"Leaver CS","2022","Undeclared","Black","Wales","Swansea","[c]","[c]","[c]","[c]"
"Leaver CS","2022","Undeclared","Black","West Midlands (England)","Birmingham","[c]","[c]","[c]","[c]"
"Leaver CS","2022","Undeclared","Black","West Midlands (England)","Coventry","[c]","[c]","[c]","[c]"
"Leaver CS","2022","Undeclared","Black","West Midlands (England)","Dudley","[c]","[c]","[c]","[c]"
"Leaver CS","2022","Undeclared","Black","West Midlands (England)","Herefordshire, County of","[c]","[c]","[c]","[c]"
"Leaver CS","2022","Undeclared","Black","West Midlands (England)","Sandwell","[c]","[c]","[c]","[c]"
"Leaver CS","2022","Undeclared","Black","West Midlands (England)","Shropshire","[c]","[c]","[c]","[c]"
"Leaver CS","2022","Undeclared","Black","West Midlands (England)","Solihull","[c]","[c]","[c]","[c]"
"Leaver CS","2022","Undeclared","Black","West Midlands (England)","Staffordshire CC","[c]","[c]","[c]","[c]"
"Leaver CS","2022","Undeclared","Black","West Midlands (England)","Stoke-on-Trent","[c]","[c]","[c]","[c]"
"Leaver CS","2022","Undeclared","Black","West Midlands (England)","Telford and Wrekin","[c]","[c]","[c]","[c]"
"Leaver CS","2022","Undeclared","Black","West Midlands (England)","Walsall","[c]","[c]","[c]","[c]"
"Leaver CS","2022","Undeclared","Black","West Midlands (England)","Warwickshire CC","[c]","[c]","[c]","[c]"
"Leaver CS","2022","Undeclared","Black","West Midlands (England)","Wolverhampton","[c]","[c]","[c]","[c]"
"Leaver CS","2022","Undeclared","Black","West Midlands (England)","Worcestershire CC","[c]","[c]","[c]","[c]"
"Leaver CS","2022","Undeclared","Black","Yorkshire and The Humber","Barnsley, Doncaster and Rotherham","[c]","[c]","[c]","[c]"
"Leaver CS","2022","Undeclared","Black","Yorkshire and The Humber","Bradford","[c]","[c]","[c]","[c]"
"Leaver CS","2022","Undeclared","Black","Yorkshire and The Humber","Calderdale and Kirklees","[c]","[c]","[c]","[c]"
"Leaver CS","2022","Undeclared","Black","Yorkshire and The Humber","East Riding of Yorkshire","[c]","[c]","[c]","[c]"
"Leaver CS","2022","Undeclared","Black","Yorkshire and The Humber","Kingston upon Hull, City of","[c]","[c]","[c]","[c]"
"Leaver CS","2022","Undeclared","Black","Yorkshire and The Humber","Leeds","[c]","[c]","[c]","[c]"
"Leaver CS","2022","Undeclared","Black","Yorkshire and The Humber","North and North East Lincolnshire","[c]","[c]","[c]","[c]"
"Leaver CS","2022","Undeclared","Black","Yorkshire and The Humber","North Yorkshire CC","[c]","[c]","[c]","[c]"
"Leaver CS","2022","Undeclared","Black","Yorkshire and The Humber","Sheffield","[c]","[c]","[c]","[c]"
"Leaver CS","2022","Undeclared","Black","Yorkshire and The Humber","Wakefield","[c]","[c]","[c]","[c]"
"Leaver CS","2022","Undeclared","Black","Yorkshire and The Humber","York","[c]","[c]","[c]","[c]"
"Leaver CS","2022","Undeclared","Mixed","East Midlands (England)","Derby","[c]","[c]","[c]","[c]"
"Leaver CS","2022","Undeclared","Mixed","East Midlands (England)","East Derbyshire","[c]","[c]","[c]","[c]"
"Leaver CS","2022","Undeclared","Mixed","East Midlands (England)","Leicester","[c]","[c]","[c]","[c]"
"Leaver CS","2022","Undeclared","Mixed","East Midlands (England)","Leicestershire CC and Rutland","[c]","[c]","[c]","[c]"
"Leaver CS","2022","Undeclared","Mixed","East Midlands (England)","Lincolnshire CC","[c]","[c]","[c]","[c]"
"Leaver CS","2022","Undeclared","Mixed","East Midlands (England)","North Northamptonshire","[c]","[c]","[c]","[c]"
"Leaver CS","2022","Undeclared","Mixed","East Midlands (England)","North Nottinghamshire","[c]","[c]","[c]","[c]"
"Leaver CS","2022","Undeclared","Mixed","East Midlands (England)","Nottingham","[c]","[c]","[c]","[c]"
"Leaver CS","2022","Undeclared","Mixed","East Midlands (England)","South and West Derbyshire","[c]","[c]","[c]","[c]"
"Leaver CS","2022","Undeclared","Mixed","East Midlands (England)","South Nottinghamshire","[c]","[c]","[c]","[c]"
"Leaver CS","2022","Undeclared","Mixed","East Midlands (England)","West Northamptonshire","[c]","[c]","[c]","[c]"
"Leaver CS","2022","Undeclared","Mixed","East of England","Bedford","[c]","[c]","[c]","[c]"
"Leaver CS","2022","Undeclared","Mixed","East of England","Breckland and South Norfolk","[c]","[c]","[c]","[c]"
"Leaver CS","2022","Undeclared","Mixed","East of England","Cambridgeshire CC","[c]","[c]","[c]","[c]"
"Leaver CS","2022","Undeclared","Mixed","East of England","Central Bedfordshire","[c]","[c]","[c]","[c]"
"Leaver CS","2022","Undeclared","Mixed","East of England","Essex Haven Gateway","[c]","[c]","[c]","[c]"
"Leaver CS","2022","Undeclared","Mixed","East of England","Essex Thames Gateway","[c]","[c]","[c]","[c]"
"Leaver CS","2022","Undeclared","Mixed","East of England","Heart of Essex","[c]","[c]","[c]","[c]"
"Leaver CS","2022","Undeclared","Mixed","East of England","Hertfordshire CC","[c]","[c]","[c]","[c]"
"Leaver CS","2022","Undeclared","Mixed","East of England","Luton","[c]","[c]","[c]","[c]"
"Leaver CS","2022","Undeclared","Mixed","East of England","North and West Norfolk","[c]","[c]","[c]","[c]"
"Leaver CS","2022","Undeclared","Mixed","East of England","Norwich and East Norfolk","[c]","[c]","[c]","[c]"
"Leaver CS","2022","Undeclared","Mixed","East of England","Peterborough","[c]","[c]","[c]","[c]"
"Leaver CS","2022","Undeclared","Mixed","East of England","Southend-on-Sea","[c]","[c]","[c]","[c]"
"Leaver CS","2022","Undeclared","Mixed","East of England","Suffolk CC","[c]","[c]","[c]","[c]"
"Leaver CS","2022","Undeclared","Mixed","East of England","Thurrock","[c]","[c]","[c]","[c]"
"Leaver CS","2022","Undeclared","Mixed","East of England","West Essex","[c]","[c]","[c]","[c]"
"Leaver CS","2022","Undeclared","Mixed","London","Barking & Dagenham and Havering","[c]","[c]","[c]","[c]"
"Leaver CS","2022","Undeclared","Mixed","London","Barnet","[c]","[c]","[c]","[c]"
"Leaver CS","2022","Undeclared","Mixed","London","Bexley and Greenwich","[c]","[c]","[c]","[c]"
"Leaver CS","2022","Undeclared","Mixed","London","Brent","[c]","[c]","[c]","[c]"
"Leaver CS","2022","Undeclared","Mixed","London","Bromley","[c]","[c]","[c]","[c]"
"Leaver CS","2022","Undeclared","Mixed","London","Camden and City of London","[c]","[c]","[c]","[c]"
"Leaver CS","2022","Undeclared","Mixed","London","Croydon","[c]","[c]","[c]","[c]"
"Leaver CS","2022","Undeclared","Mixed","London","Ealing","[c]","[c]","[c]","[c]"
"Leaver CS","2022","Undeclared","Mixed","London","Enfield","[c]","[c]","[c]","[c]"
"Leaver CS","2022","Undeclared","Mixed","London","Hackney and Newham","[c]","[c]","[c]","[c]"
"Leaver CS","2022","Undeclared","Mixed","London","Haringey and Islington","[c]","[c]","[c]","[c]"
"Leaver CS","2022","Undeclared","Mixed","London","Harrow and Hillingdon","[c]","[c]","[c]","[c]"
"Leaver CS","2022","Undeclared","Mixed","London","Hounslow and Richmond upon Thames","[c]","[c]","[c]","[c]"
"Leaver CS","2022","Undeclared","Mixed","London","Kensington & Chelsea and Hammersmith & Fulham","[c]","[c]","[c]","[c]"
"Leaver CS","2022","Undeclared","Mixed","London","Lambeth","[c]","[c]","[c]","[c]"
"Leaver CS","2022","Undeclared","Mixed","London","Lewisham and Southwark","[c]","[c]","[c]","[c]"
"Leaver CS","2022","Undeclared","Mixed","London","Merton, Kingston upon Thames and Sutton","[c]","[c]","[c]","[c]"
"Leaver CS","2022","Undeclared","Mixed","London","Redbridge and Waltham Forest","[c]","[c]","[c]","[c]"
"Leaver CS","2022","Undeclared","Mixed","London","Tower Hamlets","[c]","[c]","[c]","[c]"
"Leaver CS","2022","Undeclared","Mixed","London","Wandsworth","[c]","[c]","[c]","[c]"
"Leaver CS","2022","Undeclared","Mixed","London","Westminster","15","[c]","[c]","[c]"
"Leaver CS","2022","Undeclared","Mixed","North East (England)","Darlington","[c]","[c]","[c]","[c]"
"Leaver CS","2022","Undeclared","Mixed","North East (England)","Durham","[c]","[c]","[c]","[c]"
"Leaver CS","2022","Undeclared","Mixed","North East (England)","Hartlepool and Stockton-on-Tees","[c]","[c]","[c]","[c]"
"Leaver CS","2022","Undeclared","Mixed","North East (England)","Northumberland","[c]","[c]","[c]","[c]"
"Leaver CS","2022","Undeclared","Mixed","North East (England)","South Teesside","[c]","[c]","[c]","[c]"
"Leaver CS","2022","Undeclared","Mixed","North East (England)","Sunderland","[c]","[c]","[c]","[c]"
"Leaver CS","2022","Undeclared","Mixed","North East (England)","Tyneside","[c]","[c]","[c]","[c]"
"Leaver CS","2022","Undeclared","Mixed","North West (England)","Blackburn with Darwen","[c]","[c]","[c]","[c]"
"Leaver CS","2022","Undeclared","Mixed","North West (England)","Blackpool","[c]","[c]","[c]","[c]"
"Leaver CS","2022","Undeclared","Mixed","North West (England)","Cheshire East","[c]","[c]","[c]","[c]"
"Leaver CS","2022","Undeclared","Mixed","North West (England)","Cheshire West and Chester","[c]","[c]","[c]","[c]"
"Leaver CS","2022","Undeclared","Mixed","North West (England)","Chorley and West Lancashire","[c]","[c]","[c]","[c]"
"Leaver CS","2022","Undeclared","Mixed","North West (England)","East Cumbria","[c]","[c]","[c]","[c]"
"Leaver CS","2022","Undeclared","Mixed","North West (England)","East Lancashire","[c]","[c]","[c]","[c]"
"Leaver CS","2022","Undeclared","Mixed","North West (England)","East Merseyside","[c]","[c]","[c]","[c]"
"Leaver CS","2022","Undeclared","Mixed","North West (England)","Greater Manchester North East","[c]","[c]","[c]","[c]"
"Leaver CS","2022","Undeclared","Mixed","North West (England)","Greater Manchester North West","[c]","[c]","[c]","[c]"
"Leaver CS","2022","Undeclared","Mixed","North West (England)","Greater Manchester South East","[c]","[c]","[c]","[c]"
"Leaver CS","2022","Undeclared","Mixed","North West (England)","Greater Manchester South West","[c]","[c]","[c]","[c]"
"Leaver CS","2022","Undeclared","Mixed","North West (England)","Lancaster and Wyre","[c]","[c]","[c]","[c]"
"Leaver CS","2022","Undeclared","Mixed","North West (England)","Liverpool","[c]","[c]","[c]","[c]"
"Leaver CS","2022","Undeclared","Mixed","North West (England)","Manchester","[c]","[c]","[c]","[c]"
"Leaver CS","2022","Undeclared","Mixed","North West (England)","Mid Lancashire","[c]","[c]","[c]","[c]"
"Leaver CS","2022","Undeclared","Mixed","North West (England)","Sefton","[c]","[c]","[c]","[c]"
"Leaver CS","2022","Undeclared","Mixed","North West (England)","Warrington","[c]","[c]","[c]","[c]"
"Leaver CS","2022","Undeclared","Mixed","North West (England)","West Cumbria","[c]","[c]","[c]","[c]"
"Leaver CS","2022","Undeclared","Mixed","North West (England)","Wirral","[c]","[c]","[c]","[c]"
"Leaver CS","2022","Undeclared","Mixed","Northern Ireland","Antrim and Newtownabbey","[c]","[c]","[c]","[c]"
"Leaver CS","2022","Undeclared","Mixed","Northern Ireland","Ards and North Down","[c]","[c]","[c]","[c]"
"Leaver CS","2022","Undeclared","Mixed","Northern Ireland","Belfast","[c]","[c]","[c]","[c]"
"Leaver CS","2022","Undeclared","Mixed","Northern Ireland","Causeway Coast and Glens","[c]","[c]","[c]","[c]"
"Leaver CS","2022","Undeclared","Mixed","Northern Ireland","Derry City and Strabane","[c]","[c]","[c]","[c]"
"Leaver CS","2022","Undeclared","Mixed","Northern Ireland","Fermanagh and Omagh","[c]","[c]","[c]","[c]"
"Leaver CS","2022","Undeclared","Mixed","Northern Ireland","Lisburn and Castlereagh","[c]","[c]","[c]","[c]"
"Leaver CS","2022","Undeclared","Mixed","Northern Ireland","Mid and East Antrim","[c]","[c]","[c]","[c]"
"Leaver CS","2022","Undeclared","Mixed","Northern Ireland","Newry, Mourne and Down","[c]","[c]","[c]","[c]"
"Leaver CS","2022","Undeclared","Mixed","Overseas","Overseas","[c]","[c]","[c]","[c]"
"Leaver CS","2022","Undeclared","Mixed","Scotland","Aberdeen City and Aberdeenshire","[c]","[c]","[c]","[c]"
"Leaver CS","2022","Undeclared","Mixed","Scotland","Angus and Dundee City","[c]","[c]","[c]","[c]"
"Leaver CS","2022","Undeclared","Mixed","Scotland","Caithness and Sutherland, and Ross and Cromarty","[c]","[c]","[c]","[c]"
"Leaver CS","2022","Undeclared","Mixed","Scotland","City of Edinburgh","[c]","[c]","[c]","[c]"
"Leaver CS","2022","Undeclared","Mixed","Scotland","Clackmannanshire and Fife","[c]","[c]","[c]","[c]"
"Leaver CS","2022","Undeclared","Mixed","Scotland","Dumfries and Galloway","[c]","[c]","[c]","[c]"
"Leaver CS","2022","Undeclared","Mixed","Scotland","East Ayrshire and North Ayrshire mainland","[c]","[c]","[c]","[c]"
"Leaver CS","2022","Undeclared","Mixed","Scotland","East Dunbartonshire, West Dunbartonshire, and Helensburgh and Lomond","[c]","[c]","[c]","[c]"
"Leaver CS","2022","Undeclared","Mixed","Scotland","East Lothian and Midlothian","[c]","[c]","[c]","[c]"
"Leaver CS","2022","Undeclared","Mixed","Scotland","Falkirk","[c]","[c]","[c]","[c]"
"Leaver CS","2022","Undeclared","Mixed","Scotland","Glasgow City","[c]","[c]","[c]","[c]"
"Leaver CS","2022","Undeclared","Mixed","Scotland","Inverclyde, East Renfrewshire, and Renfrewshire","[c]","[c]","[c]","[c]"
"Leaver CS","2022","Undeclared","Mixed","Scotland","Inverness and Nairn, Moray, and Badenoch and Strathspey","[c]","[c]","[c]","[c]"
"Leaver CS","2022","Undeclared","Mixed","Scotland","Lochaber, Skye and Lochalsh, Arran and Cumbrae, and Argyll and Bute","[c]","[c]","[c]","[c]"
"Leaver CS","2022","Undeclared","Mixed","Scotland","Na h-Eileanan Siar","[c]","[c]","[c]","[c]"
"Leaver CS","2022","Undeclared","Mixed","Scotland","North Lanarkshire","[c]","[c]","[c]","[c]"
"Leaver CS","2022","Undeclared","Mixed","Scotland","Orkney Islands","[c]","[c]","[c]","[c]"
"Leaver CS","2022","Undeclared","Mixed","Scotland","Perth and Kinross, and Stirling","[c]","[c]","[c]","[c]"
"Leaver CS","2022","Undeclared","Mixed","Scotland","Scottish Borders","[c]","[c]","[c]","[c]"
"Leaver CS","2022","Undeclared","Mixed","Scotland","Shetland Islands","[c]","[c]","[c]","[c]"
"Leaver CS","2022","Undeclared","Mixed","Scotland","South Ayrshire","[c]","[c]","[c]","[c]"
"Leaver CS","2022","Undeclared","Mixed","Scotland","South Lanarkshire","[c]","[c]","[c]","[c]"
"Leaver CS","2022","Undeclared","Mixed","Scotland","West Lothian","[c]","[c]","[c]","[c]"
"Leaver CS","2022","Undeclared","Mixed","South East (England)","Berkshire","[c]","[c]","[c]","[c]"
"Leaver CS","2022","Undeclared","Mixed","South East (England)","Brighton and Hove","[c]","[c]","[c]","[c]"
"Leaver CS","2022","Undeclared","Mixed","South East (England)","Buckinghamshire","[c]","[c]","[c]","[c]"
"Leaver CS","2022","Undeclared","Mixed","South East (England)","Central Hampshire","[c]","[c]","[c]","[c]"
"Leaver CS","2022","Undeclared","Mixed","South East (England)","East Kent","[c]","[c]","[c]","[c]"
"Leaver CS","2022","Undeclared","Mixed","South East (England)","East Surrey","[c]","[c]","[c]","[c]"
"Leaver CS","2022","Undeclared","Mixed","South East (England)","East Sussex CC","[c]","[c]","[c]","[c]"
"Leaver CS","2022","Undeclared","Mixed","South East (England)","Isle of Wight","[c]","[c]","[c]","[c]"
"Leaver CS","2022","Undeclared","Mixed","South East (England)","Kent Thames Gateway","[c]","[c]","[c]","[c]"
"Leaver CS","2022","Undeclared","Mixed","South East (England)","Medway","[c]","[c]","[c]","[c]"
"Leaver CS","2022","Undeclared","Mixed","South East (England)","Mid Kent","[c]","[c]","[c]","[c]"
"Leaver CS","2022","Undeclared","Mixed","South East (England)","Milton Keynes","[c]","[c]","[c]","[c]"
"Leaver CS","2022","Undeclared","Mixed","South East (England)","North Hampshire","[c]","[c]","[c]","[c]"
"Leaver CS","2022","Undeclared","Mixed","South East (England)","Oxfordshire CC","[c]","[c]","[c]","[c]"
"Leaver CS","2022","Undeclared","Mixed","South East (England)","Portsmouth","[c]","[c]","[c]","[c]"
"Leaver CS","2022","Undeclared","Mixed","South East (England)","South Hampshire","[c]","[c]","[c]","[c]"
"Leaver CS","2022","Undeclared","Mixed","South East (England)","Southampton","[c]","[c]","[c]","[c]"
"Leaver CS","2022","Undeclared","Mixed","South East (England)","West Kent","[c]","[c]","[c]","[c]"
"Leaver CS","2022","Undeclared","Mixed","South East (England)","West Surrey","[c]","[c]","[c]","[c]"
"Leaver CS","2022","Undeclared","Mixed","South East (England)","West Sussex (North East)","[c]","[c]","[c]","[c]"
"Leaver CS","2022","Undeclared","Mixed","South East (England)","West Sussex (South West)","[c]","[c]","[c]","[c]"
"Leaver CS","2022","Undeclared","Mixed","South West (England)","Bath and North East Somerset, North Somerset and South Gloucestershire","[c]","[c]","[c]","[c]"
"Leaver CS","2022","Undeclared","Mixed","South West (England)","Bournemouth, Christchurch and Poole","[c]","[c]","[c]","[c]"
"Leaver CS","2022","Undeclared","Mixed","South West (England)","Bristol, City of","[c]","[c]","[c]","[c]"
"Leaver CS","2022","Undeclared","Mixed","South West (England)","Cornwall and Isles of Scilly","[c]","[c]","[c]","[c]"
"Leaver CS","2022","Undeclared","Mixed","South West (England)","Devon CC","[c]","[c]","[c]","[c]"
"Leaver CS","2022","Undeclared","Mixed","South West (England)","Dorset","[c]","[c]","[c]","[c]"
"Leaver CS","2022","Undeclared","Mixed","South West (England)","Gloucestershire CC","[c]","[c]","[c]","[c]"
"Leaver CS","2022","Undeclared","Mixed","South West (England)","Plymouth","[c]","[c]","[c]","[c]"
"Leaver CS","2022","Undeclared","Mixed","South West (England)","Somerset CC","[c]","[c]","[c]","[c]"
"Leaver CS","2022","Undeclared","Mixed","South West (England)","Swindon","[c]","[c]","[c]","[c]"
"Leaver CS","2022","Undeclared","Mixed","South West (England)","Torbay","[c]","[c]","[c]","[c]"
"Leaver CS","2022","Undeclared","Mixed","South West (England)","Wiltshire","[c]","[c]","[c]","[c]"
"Leaver CS","2022","Undeclared","Mixed","Unknown","Unknown","[c]","[c]","[c]","[c]"
"Leaver CS","2022","Undeclared","Mixed","Wales","Bridgend and Neath Port Talbot","[c]","[c]","[c]","[c]"
"Leaver CS","2022","Undeclared","Mixed","Wales","Cardiff and Vale of Glamorgan","[c]","[c]","[c]","[c]"
"Leaver CS","2022","Undeclared","Mixed","Wales","Central Valleys","[c]","[c]","[c]","[c]"
"Leaver CS","2022","Undeclared","Mixed","Wales","Conwy and Denbighshire","[c]","[c]","[c]","[c]"
"Leaver CS","2022","Undeclared","Mixed","Wales","Flintshire and Wrexham","[c]","[c]","[c]","[c]"
"Leaver CS","2022","Undeclared","Mixed","Wales","Gwent Valleys","[c]","[c]","[c]","[c]"
"Leaver CS","2022","Undeclared","Mixed","Wales","Gwynedd","[c]","[c]","[c]","[c]"
"Leaver CS","2022","Undeclared","Mixed","Wales","Isle of Anglesey","[c]","[c]","[c]","[c]"
"Leaver CS","2022","Undeclared","Mixed","Wales","Monmouthshire and Newport","[c]","[c]","[c]","[c]"
"Leaver CS","2022","Undeclared","Mixed","Wales","Powys","[c]","[c]","[c]","[c]"
"Leaver CS","2022","Undeclared","Mixed","Wales","South West Wales","[c]","[c]","[c]","[c]"
"Leaver CS","2022","Undeclared","Mixed","Wales","Swansea","[c]","[c]","[c]","[c]"
"Leaver CS","2022","Undeclared","Mixed","West Midlands (England)","Birmingham","[c]","[c]","[c]","[c]"
"Leaver CS","2022","Undeclared","Mixed","West Midlands (England)","Coventry","[c]","[c]","[c]","[c]"
"Leaver CS","2022","Undeclared","Mixed","West Midlands (England)","Dudley","[c]","[c]","[c]","[c]"
"Leaver CS","2022","Undeclared","Mixed","West Midlands (England)","Herefordshire, County of","[c]","[c]","[c]","[c]"
"Leaver CS","2022","Undeclared","Mixed","West Midlands (England)","Sandwell","[c]","[c]","[c]","[c]"
"Leaver CS","2022","Undeclared","Mixed","West Midlands (England)","Shropshire","[c]","[c]","[c]","[c]"
"Leaver CS","2022","Undeclared","Mixed","West Midlands (England)","Solihull","[c]","[c]","[c]","[c]"
"Leaver CS","2022","Undeclared","Mixed","West Midlands (England)","Staffordshire CC","[c]","[c]","[c]","[c]"
"Leaver CS","2022","Undeclared","Mixed","West Midlands (England)","Stoke-on-Trent","[c]","[c]","[c]","[c]"
"Leaver CS","2022","Undeclared","Mixed","West Midlands (England)","Telford and Wrekin","[c]","[c]","[c]","[c]"
"Leaver CS","2022","Undeclared","Mixed","West Midlands (England)","Walsall","[c]","[c]","[c]","[c]"
"Leaver CS","2022","Undeclared","Mixed","West Midlands (England)","Warwickshire CC","[c]","[c]","[c]","[c]"
"Leaver CS","2022","Undeclared","Mixed","West Midlands (England)","Wolverhampton","[c]","[c]","[c]","[c]"
"Leaver CS","2022","Undeclared","Mixed","West Midlands (England)","Worcestershire CC","[c]","[c]","[c]","[c]"
"Leaver CS","2022","Undeclared","Mixed","Yorkshire and The Humber","Barnsley, Doncaster and Rotherham","[c]","[c]","[c]","[c]"
"Leaver CS","2022","Undeclared","Mixed","Yorkshire and The Humber","Bradford","[c]","[c]","[c]","[c]"
"Leaver CS","2022","Undeclared","Mixed","Yorkshire and The Humber","Calderdale and Kirklees","[c]","[c]","[c]","[c]"
"Leaver CS","2022","Undeclared","Mixed","Yorkshire and The Humber","East Riding of Yorkshire","[c]","[c]","[c]","[c]"
"Leaver CS","2022","Undeclared","Mixed","Yorkshire and The Humber","Kingston upon Hull, City of","[c]","[c]","[c]","[c]"
"Leaver CS","2022","Undeclared","Mixed","Yorkshire and The Humber","Leeds","[c]","[c]","[c]","[c]"
"Leaver CS","2022","Undeclared","Mixed","Yorkshire and The Humber","North and North East Lincolnshire","[c]","[c]","[c]","[c]"
"Leaver CS","2022","Undeclared","Mixed","Yorkshire and The Humber","North Yorkshire CC","[c]","[c]","[c]","[c]"
"Leaver CS","2022","Undeclared","Mixed","Yorkshire and The Humber","Sheffield","[c]","[c]","[c]","[c]"
"Leaver CS","2022","Undeclared","Mixed","Yorkshire and The Humber","Wakefield","[c]","[c]","[c]","[c]"
"Leaver CS","2022","Undeclared","Mixed","Yorkshire and The Humber","York","[c]","[c]","[c]","[c]"
"Leaver CS","2022","Undeclared","Other ethnicity","East Midlands (England)","Derby","[c]","[c]","[c]","[c]"
"Leaver CS","2022","Undeclared","Other ethnicity","East Midlands (England)","East Derbyshire","[c]","[c]","[c]","[c]"
"Leaver CS","2022","Undeclared","Other ethnicity","East Midlands (England)","Leicester","[c]","[c]","[c]","[c]"
"Leaver CS","2022","Undeclared","Other ethnicity","East Midlands (England)","Leicestershire CC and Rutland","[c]","[c]","[c]","[c]"
"Leaver CS","2022","Undeclared","Other ethnicity","East Midlands (England)","Lincolnshire CC","[c]","[c]","[c]","[c]"
"Leaver CS","2022","Undeclared","Other ethnicity","East Midlands (England)","North Northamptonshire","[c]","[c]","[c]","[c]"
"Leaver CS","2022","Undeclared","Other ethnicity","East Midlands (England)","North Nottinghamshire","[c]","[c]","[c]","[c]"
"Leaver CS","2022","Undeclared","Other ethnicity","East Midlands (England)","Nottingham","[c]","[c]","[c]","[c]"
"Leaver CS","2022","Undeclared","Other ethnicity","East Midlands (England)","South and West Derbyshire","[c]","[c]","[c]","[c]"
"Leaver CS","2022","Undeclared","Other ethnicity","East Midlands (England)","South Nottinghamshire","[c]","[c]","[c]","[c]"
"Leaver CS","2022","Undeclared","Other ethnicity","East Midlands (England)","West Northamptonshire","[c]","[c]","[c]","[c]"
"Leaver CS","2022","Undeclared","Other ethnicity","East of England","Bedford","[c]","[c]","[c]","[c]"
"Leaver CS","2022","Undeclared","Other ethnicity","East of England","Breckland and South Norfolk","[c]","[c]","[c]","[c]"
"Leaver CS","2022","Undeclared","Other ethnicity","East of England","Cambridgeshire CC","[c]","[c]","[c]","[c]"
"Leaver CS","2022","Undeclared","Other ethnicity","East of England","Central Bedfordshire","[c]","[c]","[c]","[c]"
"Leaver CS","2022","Undeclared","Other ethnicity","East of England","Essex Haven Gateway","[c]","[c]","[c]","[c]"
"Leaver CS","2022","Undeclared","Other ethnicity","East of England","Essex Thames Gateway","[c]","[c]","[c]","[c]"
"Leaver CS","2022","Undeclared","Other ethnicity","East of England","Heart of Essex","[c]","[c]","[c]","[c]"
"Leaver CS","2022","Undeclared","Other ethnicity","East of England","Hertfordshire CC","[c]","[c]","[c]","[c]"
"Leaver CS","2022","Undeclared","Other ethnicity","East of England","Luton","[c]","[c]","[c]","[c]"
"Leaver CS","2022","Undeclared","Other ethnicity","East of England","North and West Norfolk","[c]","[c]","[c]","[c]"
"Leaver CS","2022","Undeclared","Other ethnicity","East of England","Norwich and East Norfolk","[c]","[c]","[c]","[c]"
"Leaver CS","2022","Undeclared","Other ethnicity","East of England","Peterborough","[c]","[c]","[c]","[c]"
"Leaver CS","2022","Undeclared","Other ethnicity","East of England","Southend-on-Sea","[c]","[c]","[c]","[c]"
"Leaver CS","2022","Undeclared","Other ethnicity","East of England","Suffolk CC","[c]","[c]","[c]","[c]"
"Leaver CS","2022","Undeclared","Other ethnicity","East of England","Thurrock","[c]","[c]","[c]","[c]"
"Leaver CS","2022","Undeclared","Other ethnicity","East of England","West Essex","[c]","[c]","[c]","[c]"
"Leaver CS","2022","Undeclared","Other ethnicity","London","Barking & Dagenham and Havering","[c]","[c]","[c]","[c]"
"Leaver CS","2022","Undeclared","Other ethnicity","London","Barnet","[c]","[c]","[c]","[c]"
"Leaver CS","2022","Undeclared","Other ethnicity","London","Bexley and Greenwich","[c]","[c]","[c]","[c]"
"Leaver CS","2022","Undeclared","Other ethnicity","London","Brent","[c]","[c]","[c]","[c]"
"Leaver CS","2022","Undeclared","Other ethnicity","London","Bromley","[c]","[c]","[c]","[c]"
"Leaver CS","2022","Undeclared","Other ethnicity","London","Camden and City of London","[c]","[c]","[c]","[c]"
"Leaver CS","2022","Undeclared","Other ethnicity","London","Croydon","[c]","[c]","[c]","[c]"
"Leaver CS","2022","Undeclared","Other ethnicity","London","Ealing","[c]","[c]","[c]","[c]"
"Leaver CS","2022","Undeclared","Other ethnicity","London","Enfield","[c]","[c]","[c]","[c]"
"Leaver CS","2022","Undeclared","Other ethnicity","London","Hackney and Newham","[c]","[c]","[c]","[c]"
"Leaver CS","2022","Undeclared","Other ethnicity","London","Haringey and Islington","[c]","[c]","[c]","[c]"
"Leaver CS","2022","Undeclared","Other ethnicity","London","Harrow and Hillingdon","[c]","[c]","[c]","[c]"
"Leaver CS","2022","Undeclared","Other ethnicity","London","Hounslow and Richmond upon Thames","[c]","[c]","[c]","[c]"
"Leaver CS","2022","Undeclared","Other ethnicity","London","Kensington & Chelsea and Hammersmith & Fulham","[c]","[c]","[c]","[c]"
"Leaver CS","2022","Undeclared","Other ethnicity","London","Lambeth","[c]","[c]","[c]","[c]"
"Leaver CS","2022","Undeclared","Other ethnicity","London","Lewisham and Southwark","[c]","[c]","[c]","[c]"
"Leaver CS","2022","Undeclared","Other ethnicity","London","Merton, Kingston upon Thames and Sutton","[c]","[c]","[c]","[c]"
"Leaver CS","2022","Undeclared","Other ethnicity","London","Redbridge and Waltham Forest","[c]","[c]","[c]","[c]"
"Leaver CS","2022","Undeclared","Other ethnicity","London","Tower Hamlets","[c]","[c]","[c]","[c]"
"Leaver CS","2022","Undeclared","Other ethnicity","London","Wandsworth","[c]","[c]","[c]","[c]"
"Leaver CS","2022","Undeclared","Other ethnicity","London","Westminster","10","[c]","[c]","[c]"
"Leaver CS","2022","Undeclared","Other ethnicity","North East (England)","Darlington","[c]","[c]","[c]","[c]"
"Leaver CS","2022","Undeclared","Other ethnicity","North East (England)","Durham","[c]","[c]","[c]","[c]"
"Leaver CS","2022","Undeclared","Other ethnicity","North East (England)","Hartlepool and Stockton-on-Tees","[c]","[c]","[c]","[c]"
"Leaver CS","2022","Undeclared","Other ethnicity","North East (England)","Northumberland","[c]","[c]","[c]","[c]"
"Leaver CS","2022","Undeclared","Other ethnicity","North East (England)","South Teesside","[c]","[c]","[c]","[c]"
"Leaver CS","2022","Undeclared","Other ethnicity","North East (England)","Sunderland","[c]","[c]","[c]","[c]"
"Leaver CS","2022","Undeclared","Other ethnicity","North East (England)","Tyneside","[c]","[c]","[c]","[c]"
"Leaver CS","2022","Undeclared","Other ethnicity","North West (England)","Blackburn with Darwen","[c]","[c]","[c]","[c]"
"Leaver CS","2022","Undeclared","Other ethnicity","North West (England)","Blackpool","[c]","[c]","[c]","[c]"
"Leaver CS","2022","Undeclared","Other ethnicity","North West (England)","Cheshire East","[c]","[c]","[c]","[c]"
"Leaver CS","2022","Undeclared","Other ethnicity","North West (England)","Cheshire West and Chester","[c]","[c]","[c]","[c]"
"Leaver CS","2022","Undeclared","Other ethnicity","North West (England)","Chorley and West Lancashire","[c]","[c]","[c]","[c]"
"Leaver CS","2022","Undeclared","Other ethnicity","North West (England)","East Cumbria","[c]","[c]","[c]","[c]"
"Leaver CS","2022","Undeclared","Other ethnicity","North West (England)","East Lancashire","[c]","[c]","[c]","[c]"
"Leaver CS","2022","Undeclared","Other ethnicity","North West (England)","East Merseyside","[c]","[c]","[c]","[c]"
"Leaver CS","2022","Undeclared","Other ethnicity","North West (England)","Greater Manchester North East","[c]","[c]","[c]","[c]"
"Leaver CS","2022","Undeclared","Other ethnicity","North West (England)","Greater Manchester North West","[c]","[c]","[c]","[c]"
"Leaver CS","2022","Undeclared","Other ethnicity","North West (England)","Greater Manchester South East","[c]","[c]","[c]","[c]"
"Leaver CS","2022","Undeclared","Other ethnicity","North West (England)","Greater Manchester South West","[c]","[c]","[c]","[c]"
"Leaver CS","2022","Undeclared","Other ethnicity","North West (England)","Lancaster and Wyre","[c]","[c]","[c]","[c]"
"Leaver CS","2022","Undeclared","Other ethnicity","North West (England)","Liverpool","[c]","[c]","[c]","[c]"
"Leaver CS","2022","Undeclared","Other ethnicity","North West (England)","Manchester","[c]","[c]","[c]","[c]"
"Leaver CS","2022","Undeclared","Other ethnicity","North West (England)","Mid Lancashire","[c]","[c]","[c]","[c]"
"Leaver CS","2022","Undeclared","Other ethnicity","North West (England)","Sefton","[c]","[c]","[c]","[c]"
"Leaver CS","2022","Undeclared","Other ethnicity","North West (England)","Warrington","[c]","[c]","[c]","[c]"
"Leaver CS","2022","Undeclared","Other ethnicity","North West (England)","West Cumbria","[c]","[c]","[c]","[c]"
"Leaver CS","2022","Undeclared","Other ethnicity","North West (England)","Wirral","[c]","[c]","[c]","[c]"
"Leaver CS","2022","Undeclared","Other ethnicity","Northern Ireland","Antrim and Newtownabbey","[c]","[c]","[c]","[c]"
"Leaver CS","2022","Undeclared","Other ethnicity","Northern Ireland","Ards and North Down","[c]","[c]","[c]","[c]"
"Leaver CS","2022","Undeclared","Other ethnicity","Northern Ireland","Belfast","[c]","[c]","[c]","[c]"
"Leaver CS","2022","Undeclared","Other ethnicity","Northern Ireland","Causeway Coast and Glens","[c]","[c]","[c]","[c]"
"Leaver CS","2022","Undeclared","Other ethnicity","Northern Ireland","Derry City and Strabane","[c]","[c]","[c]","[c]"
"Leaver CS","2022","Undeclared","Other ethnicity","Northern Ireland","Fermanagh and Omagh","[c]","[c]","[c]","[c]"
"Leaver CS","2022","Undeclared","Other ethnicity","Northern Ireland","Lisburn and Castlereagh","[c]","[c]","[c]","[c]"
"Leaver CS","2022","Undeclared","Other ethnicity","Northern Ireland","Mid and East Antrim","[c]","[c]","[c]","[c]"
"Leaver CS","2022","Undeclared","Other ethnicity","Northern Ireland","Newry, Mourne and Down","[c]","[c]","[c]","[c]"
"Leaver CS","2022","Undeclared","Other ethnicity","Overseas","Overseas","[c]","[c]","[c]","[c]"
"Leaver CS","2022","Undeclared","Other ethnicity","Scotland","Aberdeen City and Aberdeenshire","[c]","[c]","[c]","[c]"
"Leaver CS","2022","Undeclared","Other ethnicity","Scotland","Angus and Dundee City","[c]","[c]","[c]","[c]"
"Leaver CS","2022","Undeclared","Other ethnicity","Scotland","Caithness and Sutherland, and Ross and Cromarty","[c]","[c]","[c]","[c]"
"Leaver CS","2022","Undeclared","Other ethnicity","Scotland","City of Edinburgh","[c]","[c]","[c]","[c]"
"Leaver CS","2022","Undeclared","Other ethnicity","Scotland","Clackmannanshire and Fife","[c]","[c]","[c]","[c]"
"Leaver CS","2022","Undeclared","Other ethnicity","Scotland","Dumfries and Galloway","[c]","[c]","[c]","[c]"
"Leaver CS","2022","Undeclared","Other ethnicity","Scotland","East Ayrshire and North Ayrshire mainland","[c]","[c]","[c]","[c]"
"Leaver CS","2022","Undeclared","Other ethnicity","Scotland","East Dunbartonshire, West Dunbartonshire, and Helensburgh and Lomond","[c]","[c]","[c]","[c]"
"Leaver CS","2022","Undeclared","Other ethnicity","Scotland","East Lothian and Midlothian","[c]","[c]","[c]","[c]"
"Leaver CS","2022","Undeclared","Other ethnicity","Scotland","Falkirk","[c]","[c]","[c]","[c]"
"Leaver CS","2022","Undeclared","Other ethnicity","Scotland","Glasgow City","[c]","[c]","[c]","[c]"
"Leaver CS","2022","Undeclared","Other ethnicity","Scotland","Inverclyde, East Renfrewshire, and Renfrewshire","[c]","[c]","[c]","[c]"
"Leaver CS","2022","Undeclared","Other ethnicity","Scotland","Inverness and Nairn, Moray, and Badenoch and Strathspey","[c]","[c]","[c]","[c]"
"Leaver CS","2022","Undeclared","Other ethnicity","Scotland","Lochaber, Skye and Lochalsh, Arran and Cumbrae, and Argyll and Bute","[c]","[c]","[c]","[c]"
"Leaver CS","2022","Undeclared","Other ethnicity","Scotland","Na h-Eileanan Siar","[c]","[c]","[c]","[c]"
"Leaver CS","2022","Undeclared","Other ethnicity","Scotland","North Lanarkshire","[c]","[c]","[c]","[c]"
"Leaver CS","2022","Undeclared","Other ethnicity","Scotland","Orkney Islands","[c]","[c]","[c]","[c]"
"Leaver CS","2022","Undeclared","Other ethnicity","Scotland","Perth and Kinross, and Stirling","[c]","[c]","[c]","[c]"
"Leaver CS","2022","Undeclared","Other ethnicity","Scotland","Scottish Borders","[c]","[c]","[c]","[c]"
"Leaver CS","2022","Undeclared","Other ethnicity","Scotland","Shetland Islands","[c]","[c]","[c]","[c]"
"Leaver CS","2022","Undeclared","Other ethnicity","Scotland","South Ayrshire","[c]","[c]","[c]","[c]"
"Leaver CS","2022","Undeclared","Other ethnicity","Scotland","South Lanarkshire","[c]","[c]","[c]","[c]"
"Leaver CS","2022","Undeclared","Other ethnicity","Scotland","West Lothian","[c]","[c]","[c]","[c]"
"Leaver CS","2022","Undeclared","Other ethnicity","South East (England)","Berkshire","[c]","[c]","[c]","[c]"
"Leaver CS","2022","Undeclared","Other ethnicity","South East (England)","Brighton and Hove","[c]","[c]","[c]","[c]"
"Leaver CS","2022","Undeclared","Other ethnicity","South East (England)","Buckinghamshire","[c]","[c]","[c]","[c]"
"Leaver CS","2022","Undeclared","Other ethnicity","South East (England)","Central Hampshire","[c]","[c]","[c]","[c]"
"Leaver CS","2022","Undeclared","Other ethnicity","South East (England)","East Kent","[c]","[c]","[c]","[c]"
"Leaver CS","2022","Undeclared","Other ethnicity","South East (England)","East Surrey","[c]","[c]","[c]","[c]"
"Leaver CS","2022","Undeclared","Other ethnicity","South East (England)","East Sussex CC","[c]","[c]","[c]","[c]"
"Leaver CS","2022","Undeclared","Other ethnicity","South East (England)","Isle of Wight","[c]","[c]","[c]","[c]"
"Leaver CS","2022","Undeclared","Other ethnicity","South East (England)","Kent Thames Gateway","[c]","[c]","[c]","[c]"
"Leaver CS","2022","Undeclared","Other ethnicity","South East (England)","Medway","[c]","[c]","[c]","[c]"
"Leaver CS","2022","Undeclared","Other ethnicity","South East (England)","Mid Kent","[c]","[c]","[c]","[c]"
"Leaver CS","2022","Undeclared","Other ethnicity","South East (England)","Milton Keynes","[c]","[c]","[c]","[c]"
"Leaver CS","2022","Undeclared","Other ethnicity","South East (England)","North Hampshire","[c]","[c]","[c]","[c]"
"Leaver CS","2022","Undeclared","Other ethnicity","South East (England)","Oxfordshire CC","[c]","[c]","[c]","[c]"
"Leaver CS","2022","Undeclared","Other ethnicity","South East (England)","Portsmouth","[c]","[c]","[c]","[c]"
"Leaver CS","2022","Undeclared","Other ethnicity","South East (England)","South Hampshire","[c]","[c]","[c]","[c]"
"Leaver CS","2022","Undeclared","Other ethnicity","South East (England)","Southampton","[c]","[c]","[c]","[c]"
"Leaver CS","2022","Undeclared","Other ethnicity","South East (England)","West Kent","[c]","[c]","[c]","[c]"
"Leaver CS","2022","Undeclared","Other ethnicity","South East (England)","West Surrey","[c]","[c]","[c]","[c]"
"Leaver CS","2022","Undeclared","Other ethnicity","South East (England)","West Sussex (North East)","[c]","[c]","[c]","[c]"
"Leaver CS","2022","Undeclared","Other ethnicity","South East (England)","West Sussex (South West)","[c]","[c]","[c]","[c]"
"Leaver CS","2022","Undeclared","Other ethnicity","South West (England)","Bath and North East Somerset, North Somerset and South Gloucestershire","[c]","[c]","[c]","[c]"
"Leaver CS","2022","Undeclared","Other ethnicity","South West (England)","Bournemouth, Christchurch and Poole","[c]","[c]","[c]","[c]"
"Leaver CS","2022","Undeclared","Other ethnicity","South West (England)","Bristol, City of","[c]","[c]","[c]","[c]"
"Leaver CS","2022","Undeclared","Other ethnicity","South West (England)","Cornwall and Isles of Scilly","[c]","[c]","[c]","[c]"
"Leaver CS","2022","Undeclared","Other ethnicity","South West (England)","Devon CC","[c]","[c]","[c]","[c]"
"Leaver CS","2022","Undeclared","Other ethnicity","South West (England)","Dorset","[c]","[c]","[c]","[c]"
"Leaver CS","2022","Undeclared","Other ethnicity","South West (England)","Gloucestershire CC","[c]","[c]","[c]","[c]"
"Leaver CS","2022","Undeclared","Other ethnicity","South West (England)","Plymouth","[c]","[c]","[c]","[c]"
"Leaver CS","2022","Undeclared","Other ethnicity","South West (England)","Somerset CC","[c]","[c]","[c]","[c]"
"Leaver CS","2022","Undeclared","Other ethnicity","South West (England)","Swindon","[c]","[c]","[c]","[c]"
"Leaver CS","2022","Undeclared","Other ethnicity","South West (England)","Torbay","[c]","[c]","[c]","[c]"
"Leaver CS","2022","Undeclared","Other ethnicity","South West (England)","Wiltshire","[c]","[c]","[c]","[c]"
"Leaver CS","2022","Undeclared","Other ethnicity","Unknown","Unknown","[c]","[c]","[c]","[c]"
"Leaver CS","2022","Undeclared","Other ethnicity","Wales","Bridgend and Neath Port Talbot","[c]","[c]","[c]","[c]"
"Leaver CS","2022","Undeclared","Other ethnicity","Wales","Cardiff and Vale of Glamorgan","[c]","[c]","[c]","[c]"
"Leaver CS","2022","Undeclared","Other ethnicity","Wales","Central Valleys","[c]","[c]","[c]","[c]"
"Leaver CS","2022","Undeclared","Other ethnicity","Wales","Conwy and Denbighshire","[c]","[c]","[c]","[c]"
"Leaver CS","2022","Undeclared","Other ethnicity","Wales","Flintshire and Wrexham","[c]","[c]","[c]","[c]"
"Leaver CS","2022","Undeclared","Other ethnicity","Wales","Gwent Valleys","[c]","[c]","[c]","[c]"
"Leaver CS","2022","Undeclared","Other ethnicity","Wales","Gwynedd","[c]","[c]","[c]","[c]"
"Leaver CS","2022","Undeclared","Other ethnicity","Wales","Isle of Anglesey","[c]","[c]","[c]","[c]"
"Leaver CS","2022","Undeclared","Other ethnicity","Wales","Monmouthshire and Newport","[c]","[c]","[c]","[c]"
"Leaver CS","2022","Undeclared","Other ethnicity","Wales","Powys","[c]","[c]","[c]","[c]"
"Leaver CS","2022","Undeclared","Other ethnicity","Wales","South West Wales","[c]","[c]","[c]","[c]"
"Leaver CS","2022","Undeclared","Other ethnicity","Wales","Swansea","[c]","[c]","[c]","[c]"
"Leaver CS","2022","Undeclared","Other ethnicity","West Midlands (England)","Birmingham","[c]","[c]","[c]","[c]"
"Leaver CS","2022","Undeclared","Other ethnicity","West Midlands (England)","Coventry","[c]","[c]","[c]","[c]"
"Leaver CS","2022","Undeclared","Other ethnicity","West Midlands (England)","Dudley","[c]","[c]","[c]","[c]"
"Leaver CS","2022","Undeclared","Other ethnicity","West Midlands (England)","Herefordshire, County of","[c]","[c]","[c]","[c]"
"Leaver CS","2022","Undeclared","Other ethnicity","West Midlands (England)","Sandwell","[c]","[c]","[c]","[c]"
"Leaver CS","2022","Undeclared","Other ethnicity","West Midlands (England)","Shropshire","[c]","[c]","[c]","[c]"
"Leaver CS","2022","Undeclared","Other ethnicity","West Midlands (England)","Solihull","[c]","[c]","[c]","[c]"
"Leaver CS","2022","Undeclared","Other ethnicity","West Midlands (England)","Staffordshire CC","[c]","[c]","[c]","[c]"
"Leaver CS","2022","Undeclared","Other ethnicity","West Midlands (England)","Stoke-on-Trent","[c]","[c]","[c]","[c]"
"Leaver CS","2022","Undeclared","Other ethnicity","West Midlands (England)","Telford and Wrekin","[c]","[c]","[c]","[c]"
"Leaver CS","2022","Undeclared","Other ethnicity","West Midlands (England)","Walsall","[c]","[c]","[c]","[c]"
"Leaver CS","2022","Undeclared","Other ethnicity","West Midlands (England)","Warwickshire CC","[c]","[c]","[c]","[c]"
"Leaver CS","2022","Undeclared","Other ethnicity","West Midlands (England)","Wolverhampton","[c]","[c]","[c]","[c]"
"Leaver CS","2022","Undeclared","Other ethnicity","West Midlands (England)","Worcestershire CC","[c]","[c]","[c]","[c]"
"Leaver CS","2022","Undeclared","Other ethnicity","Yorkshire and The Humber","Barnsley, Doncaster and Rotherham","[c]","[c]","[c]","[c]"
"Leaver CS","2022","Undeclared","Other ethnicity","Yorkshire and The Humber","Bradford","[c]","[c]","[c]","[c]"
"Leaver CS","2022","Undeclared","Other ethnicity","Yorkshire and The Humber","Calderdale and Kirklees","[c]","[c]","[c]","[c]"
"Leaver CS","2022","Undeclared","Other ethnicity","Yorkshire and The Humber","East Riding of Yorkshire","[c]","[c]","[c]","[c]"
"Leaver CS","2022","Undeclared","Other ethnicity","Yorkshire and The Humber","Kingston upon Hull, City of","[c]","[c]","[c]","[c]"
"Leaver CS","2022","Undeclared","Other ethnicity","Yorkshire and The Humber","Leeds","[c]","[c]","[c]","[c]"
"Leaver CS","2022","Undeclared","Other ethnicity","Yorkshire and The Humber","North and North East Lincolnshire","[c]","[c]","[c]","[c]"
"Leaver CS","2022","Undeclared","Other ethnicity","Yorkshire and The Humber","North Yorkshire CC","[c]","[c]","[c]","[c]"
"Leaver CS","2022","Undeclared","Other ethnicity","Yorkshire and The Humber","Sheffield","[c]","[c]","[c]","[c]"
"Leaver CS","2022","Undeclared","Other ethnicity","Yorkshire and The Humber","Wakefield","[c]","[c]","[c]","[c]"
"Leaver CS","2022","Undeclared","Other ethnicity","Yorkshire and The Humber","York","[c]","[c]","[c]","[c]"
"Leaver CS","2022","Undeclared","Undeclared","East Midlands (England)","Derby","[c]","[c]","[c]","[c]"
"Leaver CS","2022","Undeclared","Undeclared","East Midlands (England)","East Derbyshire","[c]","[c]","[c]","[c]"
"Leaver CS","2022","Undeclared","Undeclared","East Midlands (England)","Leicester","10","[c]","[c]","[c]"
"Leaver CS","2022","Undeclared","Undeclared","East Midlands (England)","Leicestershire CC and Rutland","[c]","[c]","[c]","[c]"
"Leaver CS","2022","Undeclared","Undeclared","East Midlands (England)","Lincolnshire CC","[c]","[c]","[c]","[c]"
"Leaver CS","2022","Undeclared","Undeclared","East Midlands (England)","North Nottinghamshire","[c]","[c]","[c]","[c]"
"Leaver CS","2022","Undeclared","Undeclared","East Midlands (England)","Nottingham","10","[c]","[c]","[c]"
"Leaver CS","2022","Undeclared","Undeclared","East Midlands (England)","South and West Derbyshire","[c]","[c]","[c]","[c]"
"Leaver CS","2022","Undeclared","Undeclared","East Midlands (England)","South Nottinghamshire","[c]","[c]","[c]","[c]"
"Leaver CS","2022","Undeclared","Undeclared","East Midlands (England)","West Northamptonshire","5","[c]","[c]","[c]"
"Leaver CS","2022","Undeclared","Undeclared","East of England","Bedford","[c]","[c]","[c]","[c]"
"Leaver CS","2022","Undeclared","Undeclared","East of England","Cambridgeshire CC","5","[c]","[c]","[c]"
"Leaver CS","2022","Undeclared","Undeclared","East of England","Central Bedfordshire","[c]","[c]","[c]","[c]"
"Leaver CS","2022","Undeclared","Undeclared","East of England","Essex Haven Gateway","[c]","[c]","[c]","[c]"
"Leaver CS","2022","Undeclared","Undeclared","East of England","Essex Thames Gateway","[c]","[c]","[c]","[c]"
"Leaver CS","2022","Undeclared","Undeclared","East of England","Heart of Essex","[c]","[c]","[c]","[c]"
"Leaver CS","2022","Undeclared","Undeclared","East of England","Hertfordshire CC","5","[c]","[c]","[c]"
"Leaver CS","2022","Undeclared","Undeclared","East of England","Luton","[c]","[c]","[c]","[c]"
"Leaver CS","2022","Undeclared","Undeclared","East of England","North and West Norfolk","[c]","[c]","[c]","[c]"
"Leaver CS","2022","Undeclared","Undeclared","East of England","Norwich and East Norfolk","[c]","[c]","[c]","[c]"
"Leaver CS","2022","Undeclared","Undeclared","East of England","Peterborough","5","[c]","[c]","[c]"
"Leaver CS","2022","Undeclared","Undeclared","East of England","Southend-on-Sea","[c]","[c]","[c]","[c]"
"Leaver CS","2022","Undeclared","Undeclared","East of England","Suffolk CC","10","[c]","[c]","[c]"
"Leaver CS","2022","Undeclared","Undeclared","East of England","Thurrock","[c]","[c]","[c]","[c]"
"Leaver CS","2022","Undeclared","Undeclared","London","Barking & Dagenham and Havering","[c]","[c]","[c]","[c]"
"Leaver CS","2022","Undeclared","Undeclared","London","Bexley and Greenwich","[c]","[c]","[c]","[c]"
"Leaver CS","2022","Undeclared","Undeclared","London","Camden and City of London","[c]","[c]","[c]","[c]"
"Leaver CS","2022","Undeclared","Undeclared","London","Croydon","5","[c]","[c]","[c]"
"Leaver CS","2022","Undeclared","Undeclared","London","Hackney and Newham","10","[c]","[c]","[c]"
"Leaver CS","2022","Undeclared","Undeclared","London","Haringey and Islington","[c]","[c]","[c]","[c]"
"Leaver CS","2022","Undeclared","Undeclared","London","Harrow and Hillingdon","10","[c]","[c]","[c]"
"Leaver CS","2022","Undeclared","Undeclared","London","Hounslow and Richmond upon Thames","5","[c]","[c]","[c]"
"Leaver CS","2022","Undeclared","Undeclared","London","Kensington & Chelsea and Hammersmith & Fulham","[c]","[c]","[c]","[c]"
"Leaver CS","2022","Undeclared","Undeclared","London","Lambeth","10","[c]","[c]","[c]"
"Leaver CS","2022","Undeclared","Undeclared","London","Lewisham and Southwark","[c]","[c]","[c]","[c]"
"Leaver CS","2022","Undeclared","Undeclared","London","Tower Hamlets","5","[c]","[c]","[c]"
"Leaver CS","2022","Undeclared","Undeclared","London","Wandsworth","[c]","[c]","[c]","[c]"
"Leaver CS","2022","Undeclared","Undeclared","London","Westminster","60","[c]","47450","46070"
"Leaver CS","2022","Undeclared","Undeclared","North East (England)","Darlington","[c]","[c]","[c]","[c]"
"Leaver CS","2022","Undeclared","Undeclared","North East (England)","Durham","[c]","[c]","[c]","[c]"
"Leaver CS","2022","Undeclared","Undeclared","North East (England)","South Teesside","[c]","[c]","[c]","[c]"
"Leaver CS","2022","Undeclared","Undeclared","North East (England)","Sunderland","10","[c]","[c]","[c]"
"Leaver CS","2022","Undeclared","Undeclared","North East (England)","Tyneside","20","[c]","[c]","[c]"
"Leaver CS","2022","Undeclared","Undeclared","North West (England)","Blackpool","[c]","[c]","[c]","[c]"
"Leaver CS","2022","Undeclared","Undeclared","North West (England)","Cheshire East","[c]","[c]","[c]","[c]"
"Leaver CS","2022","Undeclared","Undeclared","North West (England)","Cheshire West and Chester","[c]","[c]","[c]","[c]"
"Leaver CS","2022","Undeclared","Undeclared","North West (England)","Chorley and West Lancashire","[c]","[c]","[c]","[c]"
"Leaver CS","2022","Undeclared","Undeclared","North West (England)","East Cumbria","[c]","[c]","[c]","[c]"
"Leaver CS","2022","Undeclared","Undeclared","North West (England)","Greater Manchester North West","[c]","[c]","[c]","[c]"
"Leaver CS","2022","Undeclared","Undeclared","North West (England)","Greater Manchester South East","[c]","[c]","[c]","[c]"
"Leaver CS","2022","Undeclared","Undeclared","North West (England)","Greater Manchester South West","10","[c]","[c]","[c]"
"Leaver CS","2022","Undeclared","Undeclared","North West (England)","Lancaster and Wyre","[c]","[c]","[c]","[c]"
"Leaver CS","2022","Undeclared","Undeclared","North West (England)","Liverpool","5","[c]","[c]","[c]"
"Leaver CS","2022","Undeclared","Undeclared","North West (England)","Manchester","10","[c]","[c]","[c]"
"Leaver CS","2022","Undeclared","Undeclared","North West (England)","Mid Lancashire","10","[c]","[c]","[c]"
"Leaver CS","2022","Undeclared","Undeclared","North West (England)","Sefton","5","[c]","[c]","[c]"
"Leaver CS","2022","Undeclared","Undeclared","North West (England)","Warrington","[c]","[c]","[c]","[c]"
"Leaver CS","2022","Undeclared","Undeclared","North West (England)","West Cumbria","[c]","[c]","[c]","[c]"
"Leaver CS","2022","Undeclared","Undeclared","North West (England)","Wirral","[c]","[c]","[c]","[c]"
"Leaver CS","2022","Undeclared","Undeclared","Northern Ireland","Belfast","[c]","[c]","[c]","[c]"
"Leaver CS","2022","Undeclared","Undeclared","Northern Ireland","Lisburn and Castlereagh","[c]","[c]","[c]","[c]"
"Leaver CS","2022","Undeclared","Undeclared","Overseas","Overseas","[c]","[c]","[c]","[c]"
"Leaver CS","2022","Undeclared","Undeclared","Scotland","Angus and Dundee City","[c]","[c]","[c]","[c]"
"Leaver CS","2022","Undeclared","Undeclared","Scotland","City of Edinburgh","[c]","[c]","[c]","[c]"
"Leaver CS","2022","Undeclared","Undeclared","Scotland","Clackmannanshire and Fife","[c]","[c]","[c]","[c]"
"Leaver CS","2022","Undeclared","Undeclared","Scotland","East Ayrshire and North Ayrshire mainland","[c]","[c]","[c]","[c]"
"Leaver CS","2022","Undeclared","Undeclared","Scotland","East Dunbartonshire, West Dunbartonshire, and Helensburgh and Lomond","[c]","[c]","[c]","[c]"
"Leaver CS","2022","Undeclared","Undeclared","Scotland","Falkirk","[c]","[c]","[c]","[c]"
"Leaver CS","2022","Undeclared","Undeclared","Scotland","Glasgow City","5","[c]","[c]","[c]"
"Leaver CS","2022","Undeclared","Undeclared","Scotland","Inverclyde, East Renfrewshire, and Renfrewshire","[c]","[c]","[c]","[c]"
"Leaver CS","2022","Undeclared","Undeclared","Scotland","Inverness and Nairn, Moray, and Badenoch and Strathspey","[c]","[c]","[c]","[c]"
"Leaver CS","2022","Undeclared","Undeclared","Scotland","North Lanarkshire","[c]","[c]","[c]","[c]"
"Leaver CS","2022","Undeclared","Undeclared","Scotland","South Lanarkshire","[c]","[c]","[c]","[c]"
"Leaver CS","2022","Undeclared","Undeclared","South East (England)","Berkshire","5","[c]","[c]","[c]"
"Leaver CS","2022","Undeclared","Undeclared","South East (England)","Buckinghamshire","[c]","[c]","[c]","[c]"
"Leaver CS","2022","Undeclared","Undeclared","South East (England)","Central Hampshire","[c]","[c]","[c]","[c]"
"Leaver CS","2022","Undeclared","Undeclared","South East (England)","East Kent","10","[c]","[c]","[c]"
"Leaver CS","2022","Undeclared","Undeclared","South East (England)","East Surrey","[c]","[c]","[c]","[c]"
"Leaver CS","2022","Undeclared","Undeclared","South East (England)","East Sussex CC","[c]","[c]","[c]","[c]"
"Leaver CS","2022","Undeclared","Undeclared","South East (England)","Isle of Wight","[c]","[c]","[c]","[c]"
"Leaver CS","2022","Undeclared","Undeclared","South East (England)","Kent Thames Gateway","[c]","[c]","[c]","[c]"
"Leaver CS","2022","Undeclared","Undeclared","South East (England)","Milton Keynes","[c]","[c]","[c]","[c]"
"Leaver CS","2022","Undeclared","Undeclared","South East (England)","North Hampshire","5","[c]","[c]","[c]"
"Leaver CS","2022","Undeclared","Undeclared","South East (England)","Oxfordshire CC","[c]","[c]","[c]","[c]"
"Leaver CS","2022","Undeclared","Undeclared","South East (England)","Portsmouth","10","[c]","[c]","[c]"
"Leaver CS","2022","Undeclared","Undeclared","South East (England)","South Hampshire","[c]","[c]","[c]","[c]"
"Leaver CS","2022","Undeclared","Undeclared","South East (England)","Southampton","[c]","[c]","[c]","[c]"
"Leaver CS","2022","Undeclared","Undeclared","South East (England)","West Surrey","[c]","[c]","[c]","[c]"
"Leaver CS","2022","Undeclared","Undeclared","South East (England)","West Sussex (North East)","[c]","[c]","[c]","[c]"
"Leaver CS","2022","Undeclared","Undeclared","South East (England)","West Sussex (South West)","[c]","[c]","[c]","[c]"
"Leaver CS","2022","Undeclared","Undeclared","South West (England)","Bath and North East Somerset, North Somerset and South Gloucestershire","25","[c]","[c]","[c]"
"Leaver CS","2022","Undeclared","Undeclared","South West (England)","Bournemouth, Christchurch and Poole","[c]","[c]","[c]","[c]"
"Leaver CS","2022","Undeclared","Undeclared","South West (England)","Bristol, City of","[c]","[c]","[c]","[c]"
"Leaver CS","2022","Undeclared","Undeclared","South West (England)","Devon CC","[c]","[c]","[c]","[c]"
"Leaver CS","2022","Undeclared","Undeclared","South West (England)","Dorset","[c]","[c]","[c]","[c]"
"Leaver CS","2022","Undeclared","Undeclared","South West (England)","Gloucestershire CC","[c]","[c]","[c]","[c]"
"Leaver CS","2022","Undeclared","Undeclared","South West (England)","Plymouth","10","[c]","[c]","[c]"
"Leaver CS","2022","Undeclared","Undeclared","South West (England)","Somerset CC","10","[c]","[c]","[c]"
"Leaver CS","2022","Undeclared","Undeclared","South West (England)","Swindon","[c]","[c]","[c]","[c]"
"Leaver CS","2022","Undeclared","Undeclared","South West (England)","Wiltshire","10","[c]","[c]","[c]"
"Leaver CS","2022","Undeclared","Undeclared","Unknown","Unknown","15","[c]","[c]","[c]"
"Leaver CS","2022","Undeclared","Undeclared","Wales","Cardiff and Vale of Glamorgan","10","[c]","[c]","[c]"
"Leaver CS","2022","Undeclared","Undeclared","Wales","Central Valleys","[c]","[c]","[c]","[c]"
"Leaver CS","2022","Undeclared","Undeclared","Wales","Flintshire and Wrexham","[c]","[c]","[c]","[c]"
"Leaver CS","2022","Undeclared","Undeclared","Wales","Monmouthshire and Newport","[c]","[c]","[c]","[c]"
"Leaver CS","2022","Undeclared","Undeclared","Wales","South West Wales","[c]","[c]","[c]","[c]"
"Leaver CS","2022","Undeclared","Undeclared","Wales","Swansea","[c]","[c]","[c]","[c]"
"Leaver CS","2022","Undeclared","Undeclared","West Midlands (England)","Birmingham","15","[c]","[c]","[c]"
"Leaver CS","2022","Undeclared","Undeclared","West Midlands (England)","Coventry","[c]","[c]","[c]","[c]"
"Leaver CS","2022","Undeclared","Undeclared","West Midlands (England)","Dudley","[c]","[c]","[c]","[c]"
"Leaver CS","2022","Undeclared","Undeclared","West Midlands (England)","Herefordshire, County of","[c]","[c]","[c]","[c]"
"Leaver CS","2022","Undeclared","Undeclared","West Midlands (England)","Solihull","[c]","[c]","[c]","[c]"
"Leaver CS","2022","Undeclared","Undeclared","West Midlands (England)","Staffordshire CC","[c]","[c]","[c]","[c]"
"Leaver CS","2022","Undeclared","Undeclared","West Midlands (England)","Stoke-on-Trent","[c]","[c]","[c]","[c]"
"Leaver CS","2022","Undeclared","Undeclared","West Midlands (England)","Telford and Wrekin","[c]","[c]","[c]","[c]"
"Leaver CS","2022","Undeclared","Undeclared","West Midlands (England)","Walsall","[c]","[c]","[c]","[c]"
"Leaver CS","2022","Undeclared","Undeclared","West Midlands (England)","Worcestershire CC","[c]","[c]","[c]","[c]"
"Leaver CS","2022","Undeclared","Undeclared","Yorkshire and The Humber","Bradford","[c]","[c]","[c]","[c]"
"Leaver CS","2022","Undeclared","Undeclared","Yorkshire and The Humber","Calderdale and Kirklees","[c]","[c]","[c]","[c]"
"Leaver CS","2022","Undeclared","Undeclared","Yorkshire and The Humber","East Riding of Yorkshire","[c]","[c]","[c]","[c]"
"Leaver CS","2022","Undeclared","Undeclared","Yorkshire and The Humber","Kingston upon Hull, City of","[c]","[c]","[c]","[c]"
"Leaver CS","2022","Undeclared","Undeclared","Yorkshire and The Humber","Leeds","15","[c]","[c]","[c]"
"Leaver CS","2022","Undeclared","Undeclared","Yorkshire and The Humber","North Yorkshire CC","[c]","[c]","[c]","[c]"
"Leaver CS","2022","Undeclared","Undeclared","Yorkshire and The Humber","Sheffield","5","[c]","[c]","[c]"
"Leaver CS","2022","Undeclared","Undeclared","Yorkshire and The Humber","Wakefield","[c]","[c]","[c]","[c]"
"Leaver CS","2022","Undeclared","Undeclared","Yorkshire and The Humber","York","[c]","[c]","[c]","[c]"
"Leaver CS","2022","Undeclared","Unknown","East Midlands (England)","Leicestershire CC and Rutland","[c]","[c]","[c]","[c]"
"Leaver CS","2022","Undeclared","Unknown","East Midlands (England)","North Nottinghamshire","[c]","[c]","[c]","[c]"
"Leaver CS","2022","Undeclared","Unknown","East Midlands (England)","Nottingham","[c]","[c]","[c]","[c]"
"Leaver CS","2022","Undeclared","Unknown","East Midlands (England)","South and West Derbyshire","[c]","[c]","[c]","[c]"
"Leaver CS","2022","Undeclared","Unknown","East of England","Breckland and South Norfolk","[c]","[c]","[c]","[c]"
"Leaver CS","2022","Undeclared","Unknown","East of England","Heart of Essex","[c]","[c]","[c]","[c]"
"Leaver CS","2022","Undeclared","Unknown","East of England","Hertfordshire CC","[c]","[c]","[c]","[c]"
"Leaver CS","2022","Undeclared","Unknown","East of England","North and West Norfolk","[c]","[c]","[c]","[c]"
"Leaver CS","2022","Undeclared","Unknown","East of England","Suffolk CC","[c]","[c]","[c]","[c]"
"Leaver CS","2022","Undeclared","Unknown","London","Harrow and Hillingdon","[c]","[c]","[c]","[c]"
"Leaver CS","2022","Undeclared","Unknown","London","Lambeth","[c]","[c]","[c]","[c]"
"Leaver CS","2022","Undeclared","Unknown","London","Westminster","5","[c]","[c]","[c]"
"Leaver CS","2022","Undeclared","Unknown","North East (England)","Durham","[c]","[c]","[c]","[c]"
"Leaver CS","2022","Undeclared","Unknown","North East (England)","Hartlepool and Stockton-on-Tees","[c]","[c]","[c]","[c]"
"Leaver CS","2022","Undeclared","Unknown","North East (England)","Sunderland","[c]","[c]","[c]","[c]"
"Leaver CS","2022","Undeclared","Unknown","North East (England)","Tyneside","[c]","[c]","[c]","[c]"
"Leaver CS","2022","Undeclared","Unknown","North West (England)","Cheshire East","[c]","[c]","[c]","[c]"
"Leaver CS","2022","Undeclared","Unknown","North West (England)","Chorley and West Lancashire","[c]","[c]","[c]","[c]"
"Leaver CS","2022","Undeclared","Unknown","North West (England)","Greater Manchester North East","[c]","[c]","[c]","[c]"
"Leaver CS","2022","Undeclared","Unknown","North West (England)","Liverpool","[c]","[c]","[c]","[c]"
"Leaver CS","2022","Undeclared","Unknown","North West (England)","Manchester","[c]","[c]","[c]","[c]"
"Leaver CS","2022","Undeclared","Unknown","North West (England)","Mid Lancashire","5","[c]","[c]","[c]"
"Leaver CS","2022","Undeclared","Unknown","North West (England)","Warrington","[c]","[c]","[c]","[c]"
"Leaver CS","2022","Undeclared","Unknown","Scotland","Aberdeen City and Aberdeenshire","[c]","[c]","[c]","[c]"
"Leaver CS","2022","Undeclared","Unknown","Scotland","City of Edinburgh","[c]","[c]","[c]","[c]"
"Leaver CS","2022","Undeclared","Unknown","Scotland","East Dunbartonshire, West Dunbartonshire, and Helensburgh and Lomond","[c]","[c]","[c]","[c]"
"Leaver CS","2022","Undeclared","Unknown","Scotland","Glasgow City","[c]","[c]","[c]","[c]"
"Leaver CS","2022","Undeclared","Unknown","Scotland","South Lanarkshire","[c]","[c]","[c]","[c]"
"Leaver CS","2022","Undeclared","Unknown","South East (England)","Buckinghamshire","[c]","[c]","[c]","[c]"
"Leaver CS","2022","Undeclared","Unknown","South East (England)","East Surrey","[c]","[c]","[c]","[c]"
"Leaver CS","2022","Undeclared","Unknown","South East (England)","East Sussex CC","[c]","[c]","[c]","[c]"
"Leaver CS","2022","Undeclared","Unknown","South East (England)","Medway","[c]","[c]","[c]","[c]"
"Leaver CS","2022","Undeclared","Unknown","South East (England)","Milton Keynes","[c]","[c]","[c]","[c]"
"Leaver CS","2022","Undeclared","Unknown","South East (England)","Oxfordshire CC","[c]","[c]","[c]","[c]"
"Leaver CS","2022","Undeclared","Unknown","South East (England)","South Hampshire","[c]","[c]","[c]","[c]"
"Leaver CS","2022","Undeclared","Unknown","South East (England)","Southampton","[c]","[c]","[c]","[c]"
"Leaver CS","2022","Undeclared","Unknown","South West (England)","Bath and North East Somerset, North Somerset and South Gloucestershire","[c]","[c]","[c]","[c]"
"Leaver CS","2022","Undeclared","Unknown","South West (England)","Bristol, City of","[c]","[c]","[c]","[c]"
"Leaver CS","2022","Undeclared","Unknown","South West (England)","Devon CC","[c]","[c]","[c]","[c]"
"Leaver CS","2022","Undeclared","Unknown","South West (England)","Dorset","[c]","[c]","[c]","[c]"
"Leaver CS","2022","Undeclared","Unknown","South West (England)","Somerset CC","[c]","[c]","[c]","[c]"
"Leaver CS","2022","Undeclared","Unknown","Unknown","Unknown","[c]","[c]","[c]","[c]"
"Leaver CS","2022","Undeclared","Unknown","Wales","Cardiff and Vale of Glamorgan","[c]","[c]","[c]","[c]"
"Leaver CS","2022","Undeclared","Unknown","Wales","Monmouthshire and Newport","[c]","[c]","[c]","[c]"
"Leaver CS","2022","Undeclared","Unknown","West Midlands (England)","Birmingham","[c]","[c]","[c]","[c]"
"Leaver CS","2022","Undeclared","Unknown","West Midlands (England)","Dudley","[c]","[c]","[c]","[c]"
"Leaver CS","2022","Undeclared","Unknown","West Midlands (England)","Staffordshire CC","[c]","[c]","[c]","[c]"
"Leaver CS","2022","Undeclared","Unknown","West Midlands (England)","Warwickshire CC","[c]","[c]","[c]","[c]"
"Leaver CS","2022","Undeclared","Unknown","Yorkshire and The Humber","Barnsley, Doncaster and Rotherham","[c]","[c]","[c]","[c]"
"Leaver CS","2022","Undeclared","Unknown","Yorkshire and The Humber","Bradford","[c]","[c]","[c]","[c]"
"Leaver CS","2022","Undeclared","Unknown","Yorkshire and The Humber","East Riding of Yorkshire","[c]","[c]","[c]","[c]"
"Leaver CS","2022","Undeclared","Unknown","Yorkshire and The Humber","Leeds","[c]","[c]","[c]","[c]"
"Leaver CS","2022","Undeclared","Unknown","Yorkshire and The Humber","North Yorkshire CC","[c]","[c]","[c]","[c]"
"Leaver CS","2022","Undeclared","Unknown","Yorkshire and The Humber","Wakefield","[c]","[c]","[c]","[c]"
"Leaver CS","2022","Undeclared","White","East Midlands (England)","Derby","5","[c]","[c]","[c]"
"Leaver CS","2022","Undeclared","White","East Midlands (England)","East Derbyshire","[c]","[c]","[c]","[c]"
"Leaver CS","2022","Undeclared","White","East Midlands (England)","Leicester","5","[c]","[c]","[c]"
"Leaver CS","2022","Undeclared","White","East Midlands (England)","Leicestershire CC and Rutland","15","[c]","[c]","[c]"
"Leaver CS","2022","Undeclared","White","East Midlands (England)","Lincolnshire CC","15","[c]","[c]","[c]"
"Leaver CS","2022","Undeclared","White","East Midlands (England)","North Northamptonshire","[c]","[c]","[c]","[c]"
"Leaver CS","2022","Undeclared","White","East Midlands (England)","North Nottinghamshire","5","[c]","[c]","[c]"
"Leaver CS","2022","Undeclared","White","East Midlands (England)","Nottingham","15","[c]","[c]","[c]"
"Leaver CS","2022","Undeclared","White","East Midlands (England)","South and West Derbyshire","10","[c]","[c]","[c]"
"Leaver CS","2022","Undeclared","White","East Midlands (England)","South Nottinghamshire","10","[c]","[c]","[c]"
"Leaver CS","2022","Undeclared","White","East Midlands (England)","West Northamptonshire","10","[c]","[c]","[c]"
"Leaver CS","2022","Undeclared","White","East of England","Bedford","5","[c]","[c]","[c]"
"Leaver CS","2022","Undeclared","White","East of England","Breckland and South Norfolk","5","[c]","[c]","[c]"
"Leaver CS","2022","Undeclared","White","East of England","Cambridgeshire CC","30","[c]","[c]","[c]"
"Leaver CS","2022","Undeclared","White","East of England","Central Bedfordshire","[c]","[c]","[c]","[c]"
"Leaver CS","2022","Undeclared","White","East of England","Essex Haven Gateway","5","[c]","[c]","[c]"
"Leaver CS","2022","Undeclared","White","East of England","Essex Thames Gateway","[c]","[c]","[c]","[c]"
"Leaver CS","2022","Undeclared","White","East of England","Heart of Essex","5","[c]","[c]","[c]"
"Leaver CS","2022","Undeclared","White","East of England","Hertfordshire CC","5","[c]","[c]","[c]"
"Leaver CS","2022","Undeclared","White","East of England","Luton","[c]","[c]","[c]","[c]"
"Leaver CS","2022","Undeclared","White","East of England","North and West Norfolk","[c]","[c]","[c]","[c]"
"Leaver CS","2022","Undeclared","White","East of England","Norwich and East Norfolk","[c]","[c]","[c]","[c]"
"Leaver CS","2022","Undeclared","White","East of England","Peterborough","10","[c]","[c]","[c]"
"Leaver CS","2022","Undeclared","White","East of England","Southend-on-Sea","[c]","[c]","[c]","[c]"
"Leaver CS","2022","Undeclared","White","East of England","Suffolk CC","20","[c]","[c]","[c]"
"Leaver CS","2022","Undeclared","White","East of England","Thurrock","[c]","[c]","[c]","[c]"
"Leaver CS","2022","Undeclared","White","East of England","West Essex","[c]","[c]","[c]","[c]"
"Leaver CS","2022","Undeclared","White","London","Barking & Dagenham and Havering","[c]","[c]","[c]","[c]"
"Leaver CS","2022","Undeclared","White","London","Barnet","[c]","[c]","[c]","[c]"
"Leaver CS","2022","Undeclared","White","London","Bexley and Greenwich","10","[c]","[c]","[c]"
"Leaver CS","2022","Undeclared","White","London","Brent","[c]","[c]","[c]","[c]"
"Leaver CS","2022","Undeclared","White","London","Bromley","[c]","[c]","[c]","[c]"
"Leaver CS","2022","Undeclared","White","London","Camden and City of London","[c]","[c]","[c]","[c]"
"Leaver CS","2022","Undeclared","White","London","Croydon","10","[c]","[c]","[c]"
"Leaver CS","2022","Undeclared","White","London","Ealing","[c]","[c]","[c]","[c]"
"Leaver CS","2022","Undeclared","White","London","Enfield","[c]","[c]","[c]","[c]"
"Leaver CS","2022","Undeclared","White","London","Hackney and Newham","10","[c]","[c]","[c]"
"Leaver CS","2022","Undeclared","White","London","Haringey and Islington","10","[c]","[c]","[c]"
"Leaver CS","2022","Undeclared","White","London","Harrow and Hillingdon","5","[c]","[c]","[c]"
"Leaver CS","2022","Undeclared","White","London","Hounslow and Richmond upon Thames","[c]","[c]","[c]","[c]"
"Leaver CS","2022","Undeclared","White","London","Kensington & Chelsea and Hammersmith & Fulham","[c]","[c]","[c]","[c]"
"Leaver CS","2022","Undeclared","White","London","Lambeth","10","[c]","[c]","[c]"
"Leaver CS","2022","Undeclared","White","London","Lewisham and Southwark","5","[c]","[c]","[c]"
"Leaver CS","2022","Undeclared","White","London","Merton, Kingston upon Thames and Sutton","[c]","[c]","[c]","[c]"
"Leaver CS","2022","Undeclared","White","London","Redbridge and Waltham Forest","[c]","[c]","[c]","[c]"
"Leaver CS","2022","Undeclared","White","London","Tower Hamlets","5","[c]","[c]","[c]"
"Leaver CS","2022","Undeclared","White","London","Wandsworth","10","[c]","[c]","[c]"
"Leaver CS","2022","Undeclared","White","London","Westminster","85","[c]","49670","42660"
"Leaver CS","2022","Undeclared","White","North East (England)","Darlington","[c]","[c]","[c]","[c]"
"Leaver CS","2022","Undeclared","White","North East (England)","Durham","30","[c]","[c]","[c]"
"Leaver CS","2022","Undeclared","White","North East (England)","Hartlepool and Stockton-on-Tees","10","[c]","[c]","[c]"
"Leaver CS","2022","Undeclared","White","North East (England)","Northumberland","[c]","[c]","[c]","[c]"
"Leaver CS","2022","Undeclared","White","North East (England)","South Teesside","[c]","[c]","[c]","[c]"
"Leaver CS","2022","Undeclared","White","North East (England)","Sunderland","5","[c]","[c]","[c]"
"Leaver CS","2022","Undeclared","White","North East (England)","Tyneside","40","[c]","[c]","[c]"
"Leaver CS","2022","Undeclared","White","North West (England)","Blackburn with Darwen","[c]","[c]","[c]","[c]"
"Leaver CS","2022","Undeclared","White","North West (England)","Blackpool","10","[c]","[c]","[c]"
"Leaver CS","2022","Undeclared","White","North West (England)","Cheshire East","5","[c]","[c]","[c]"
"Leaver CS","2022","Undeclared","White","North West (England)","Cheshire West and Chester","[c]","[c]","[c]","[c]"
"Leaver CS","2022","Undeclared","White","North West (England)","Chorley and West Lancashire","10","[c]","[c]","[c]"
"Leaver CS","2022","Undeclared","White","North West (England)","East Cumbria","5","[c]","[c]","[c]"
"Leaver CS","2022","Undeclared","White","North West (England)","East Lancashire","[c]","[c]","[c]","[c]"
"Leaver CS","2022","Undeclared","White","North West (England)","East Merseyside","[c]","[c]","[c]","[c]"
"Leaver CS","2022","Undeclared","White","North West (England)","Greater Manchester North East","[c]","[c]","[c]","[c]"
"Leaver CS","2022","Undeclared","White","North West (England)","Greater Manchester North West","15","[c]","[c]","[c]"
"Leaver CS","2022","Undeclared","White","North West (England)","Greater Manchester South East","[c]","[c]","[c]","[c]"
"Leaver CS","2022","Undeclared","White","North West (England)","Greater Manchester South West","5","[c]","[c]","[c]"
"Leaver CS","2022","Undeclared","White","North West (England)","Lancaster and Wyre","5","[c]","[c]","[c]"
"Leaver CS","2022","Undeclared","White","North West (England)","Liverpool","25","[c]","[c]","[c]"
"Leaver CS","2022","Undeclared","White","North West (England)","Manchester","15","[c]","[c]","[c]"
"Leaver CS","2022","Undeclared","White","North West (England)","Mid Lancashire","15","[c]","[c]","[c]"
"Leaver CS","2022","Undeclared","White","North West (England)","Sefton","10","[c]","[c]","[c]"
"Leaver CS","2022","Undeclared","White","North West (England)","Warrington","10","[c]","[c]","[c]"
"Leaver CS","2022","Undeclared","White","North West (England)","West Cumbria","5","[c]","[c]","[c]"
"Leaver CS","2022","Undeclared","White","North West (England)","Wirral","[c]","[c]","[c]","[c]"
"Leaver CS","2022","Undeclared","White","Northern Ireland","Antrim and Newtownabbey","[c]","[c]","[c]","[c]"
"Leaver CS","2022","Undeclared","White","Northern Ireland","Ards and North Down","[c]","[c]","[c]","[c]"
"Leaver CS","2022","Undeclared","White","Northern Ireland","Belfast","5","[c]","[c]","[c]"
"Leaver CS","2022","Undeclared","White","Northern Ireland","Causeway Coast and Glens","[c]","[c]","[c]","[c]"
"Leaver CS","2022","Undeclared","White","Northern Ireland","Derry City and Strabane","[c]","[c]","[c]","[c]"
"Leaver CS","2022","Undeclared","White","Northern Ireland","Fermanagh and Omagh","[c]","[c]","[c]","[c]"
"Leaver CS","2022","Undeclared","White","Northern Ireland","Lisburn and Castlereagh","[c]","[c]","[c]","[c]"
"Leaver CS","2022","Undeclared","White","Northern Ireland","Mid and East Antrim","[c]","[c]","[c]","[c]"
"Leaver CS","2022","Undeclared","White","Northern Ireland","Newry, Mourne and Down","[c]","[c]","[c]","[c]"
"Leaver CS","2022","Undeclared","White","Overseas","Overseas","[c]","[c]","[c]","[c]"
"Leaver CS","2022","Undeclared","White","Scotland","Aberdeen City and Aberdeenshire","[c]","[c]","[c]","[c]"
"Leaver CS","2022","Undeclared","White","Scotland","Angus and Dundee City","5","[c]","[c]","[c]"
"Leaver CS","2022","Undeclared","White","Scotland","Caithness and Sutherland, and Ross and Cromarty","[c]","[c]","[c]","[c]"
"Leaver CS","2022","Undeclared","White","Scotland","City of Edinburgh","20","[c]","[c]","[c]"
"Leaver CS","2022","Undeclared","White","Scotland","Clackmannanshire and Fife","[c]","[c]","[c]","[c]"
"Leaver CS","2022","Undeclared","White","Scotland","Dumfries and Galloway","[c]","[c]","[c]","[c]"
"Leaver CS","2022","Undeclared","White","Scotland","East Ayrshire and North Ayrshire mainland","[c]","[c]","[c]","[c]"
"Leaver CS","2022","Undeclared","White","Scotland","East Dunbartonshire, West Dunbartonshire, and Helensburgh and Lomond","10","[c]","[c]","[c]"
"Leaver CS","2022","Undeclared","White","Scotland","East Lothian and Midlothian","[c]","[c]","[c]","[c]"
"Leaver CS","2022","Undeclared","White","Scotland","Falkirk","[c]","[c]","[c]","[c]"
"Leaver CS","2022","Undeclared","White","Scotland","Glasgow City","15","[c]","[c]","[c]"
"Leaver CS","2022","Undeclared","White","Scotland","Inverclyde, East Renfrewshire, and Renfrewshire","[c]","[c]","[c]","[c]"
"Leaver CS","2022","Undeclared","White","Scotland","Inverness and Nairn, Moray, and Badenoch and Strathspey","[c]","[c]","[c]","[c]"
"Leaver CS","2022","Undeclared","White","Scotland","Lochaber, Skye and Lochalsh, Arran and Cumbrae, and Argyll and Bute","[c]","[c]","[c]","[c]"
"Leaver CS","2022","Undeclared","White","Scotland","Na h-Eileanan Siar","[c]","[c]","[c]","[c]"
"Leaver CS","2022","Undeclared","White","Scotland","North Lanarkshire","[c]","[c]","[c]","[c]"
"Leaver CS","2022","Undeclared","White","Scotland","Orkney Islands","[c]","[c]","[c]","[c]"
"Leaver CS","2022","Undeclared","White","Scotland","Perth and Kinross, and Stirling","[c]","[c]","[c]","[c]"
"Leaver CS","2022","Undeclared","White","Scotland","Scottish Borders","[c]","[c]","[c]","[c]"
"Leaver CS","2022","Undeclared","White","Scotland","Shetland Islands","[c]","[c]","[c]","[c]"
"Leaver CS","2022","Undeclared","White","Scotland","South Ayrshire","[c]","[c]","[c]","[c]"
"Leaver CS","2022","Undeclared","White","Scotland","South Lanarkshire","5","[c]","[c]","[c]"
"Leaver CS","2022","Undeclared","White","Scotland","West Lothian","[c]","[c]","[c]","[c]"
"Leaver CS","2022","Undeclared","White","South East (England)","Berkshire","10","[c]","[c]","[c]"
"Leaver CS","2022","Undeclared","White","South East (England)","Brighton and Hove","[c]","[c]","[c]","[c]"
"Leaver CS","2022","Undeclared","White","South East (England)","Buckinghamshire","5","[c]","[c]","[c]"
"Leaver CS","2022","Undeclared","White","South East (England)","Central Hampshire","20","[c]","[c]","[c]"
"Leaver CS","2022","Undeclared","White","South East (England)","East Kent","10","[c]","[c]","[c]"
"Leaver CS","2022","Undeclared","White","South East (England)","East Surrey","5","[c]","[c]","[c]"
"Leaver CS","2022","Undeclared","White","South East (England)","East Sussex CC","15","[c]","[c]","[c]"
"Leaver CS","2022","Undeclared","White","South East (England)","Isle of Wight","20","[c]","[c]","[c]"
"Leaver CS","2022","Undeclared","White","South East (England)","Kent Thames Gateway","15","[c]","[c]","[c]"
"Leaver CS","2022","Undeclared","White","South East (England)","Medway","10","[c]","[c]","[c]"
"Leaver CS","2022","Undeclared","White","South East (England)","Mid Kent","[c]","[c]","[c]","[c]"
"Leaver CS","2022","Undeclared","White","South East (England)","Milton Keynes","10","[c]","[c]","[c]"
"Leaver CS","2022","Undeclared","White","South East (England)","North Hampshire","[c]","[c]","[c]","[c]"
"Leaver CS","2022","Undeclared","White","South East (England)","Oxfordshire CC","20","[c]","[c]","[c]"
"Leaver CS","2022","Undeclared","White","South East (England)","Portsmouth","5","[c]","[c]","[c]"
"Leaver CS","2022","Undeclared","White","South East (England)","South Hampshire","60","[c]","28680","27570"
"Leaver CS","2022","Undeclared","White","South East (England)","Southampton","[c]","[c]","[c]","[c]"
"Leaver CS","2022","Undeclared","White","South East (England)","West Kent","[c]","[c]","[c]","[c]"
"Leaver CS","2022","Undeclared","White","South East (England)","West Surrey","10","[c]","[c]","[c]"
"Leaver CS","2022","Undeclared","White","South East (England)","West Sussex (North East)","[c]","[c]","[c]","[c]"
"Leaver CS","2022","Undeclared","White","South East (England)","West Sussex (South West)","5","[c]","[c]","[c]"
"Leaver CS","2022","Undeclared","White","South West (England)","Bath and North East Somerset, North Somerset and South Gloucestershire","30","[c]","[c]","[c]"
"Leaver CS","2022","Undeclared","White","South West (England)","Bournemouth, Christchurch and Poole","[c]","[c]","[c]","[c]"
"Leaver CS","2022","Undeclared","White","South West (England)","Bristol, City of","15","[c]","[c]","[c]"
"Leaver CS","2022","Undeclared","White","South West (England)","Cornwall and Isles of Scilly","10","[c]","[c]","[c]"
"Leaver CS","2022","Undeclared","White","South West (England)","Devon CC","15","[c]","[c]","[c]"
"Leaver CS","2022","Undeclared","White","South West (England)","Dorset","5","[c]","[c]","[c]"
"Leaver CS","2022","Undeclared","White","South West (England)","Gloucestershire CC","[c]","[c]","[c]","[c]"
"Leaver CS","2022","Undeclared","White","South West (England)","Plymouth","10","[c]","[c]","[c]"
"Leaver CS","2022","Undeclared","White","South West (England)","Somerset CC","10","[c]","[c]","[c]"
"Leaver CS","2022","Undeclared","White","South West (England)","Swindon","[c]","[c]","[c]","[c]"
"Leaver CS","2022","Undeclared","White","South West (England)","Torbay","[c]","[c]","[c]","[c]"
"Leaver CS","2022","Undeclared","White","South West (England)","Wiltshire","20","[c]","[c]","[c]"
"Leaver CS","2022","Undeclared","White","Unknown","Unknown","25","[c]","[c]","[c]"
"Leaver CS","2022","Undeclared","White","Wales","Bridgend and Neath Port Talbot","[c]","[c]","[c]","[c]"
"Leaver CS","2022","Undeclared","White","Wales","Cardiff and Vale of Glamorgan","20","[c]","[c]","[c]"
"Leaver CS","2022","Undeclared","White","Wales","Central Valleys","[c]","[c]","[c]","[c]"
"Leaver CS","2022","Undeclared","White","Wales","Conwy and Denbighshire","[c]","[c]","[c]","[c]"
"Leaver CS","2022","Undeclared","White","Wales","Flintshire and Wrexham","10","[c]","[c]","[c]"
"Leaver CS","2022","Undeclared","White","Wales","Gwent Valleys","[c]","[c]","[c]","[c]"
"Leaver CS","2022","Undeclared","White","Wales","Gwynedd","[c]","[c]","[c]","[c]"
"Leaver CS","2022","Undeclared","White","Wales","Isle of Anglesey","[c]","[c]","[c]","[c]"
"Leaver CS","2022","Undeclared","White","Wales","Monmouthshire and Newport","50","[c]","30930","29540"
"Leaver CS","2022","Undeclared","White","Wales","Powys","[c]","[c]","[c]","[c]"
"Leaver CS","2022","Undeclared","White","Wales","South West Wales","[c]","[c]","[c]","[c]"
"Leaver CS","2022","Undeclared","White","Wales","Swansea","15","[c]","[c]","[c]"
"Leaver CS","2022","Undeclared","White","West Midlands (England)","Birmingham","15","[c]","[c]","[c]"
"Leaver CS","2022","Undeclared","White","West Midlands (England)","Coventry","[c]","[c]","[c]","[c]"
"Leaver CS","2022","Undeclared","White","West Midlands (England)","Dudley","[c]","[c]","[c]","[c]"
"Leaver CS","2022","Undeclared","White","West Midlands (England)","Herefordshire, County of","[c]","[c]","[c]","[c]"
"Leaver CS","2022","Undeclared","White","West Midlands (England)","Sandwell","[c]","[c]","[c]","[c]"
"Leaver CS","2022","Undeclared","White","West Midlands (England)","Shropshire","[c]","[c]","[c]","[c]"
"Leaver CS","2022","Undeclared","White","West Midlands (England)","Solihull","[c]","[c]","[c]","[c]"
"Leaver CS","2022","Undeclared","White","West Midlands (England)","Staffordshire CC","30","[c]","[c]","[c]"
"Leaver CS","2022","Undeclared","White","West Midlands (England)","Stoke-on-Trent","[c]","[c]","[c]","[c]"
"Leaver CS","2022","Undeclared","White","West Midlands (England)","Telford and Wrekin","[c]","[c]","[c]","[c]"
"Leaver CS","2022","Undeclared","White","West Midlands (England)","Walsall","[c]","[c]","[c]","[c]"
"Leaver CS","2022","Undeclared","White","West Midlands (England)","Warwickshire CC","5","[c]","[c]","[c]"
"Leaver CS","2022","Undeclared","White","West Midlands (England)","Wolverhampton","[c]","[c]","[c]","[c]"
"Leaver CS","2022","Undeclared","White","West Midlands (England)","Worcestershire CC","20","[c]","[c]","[c]"
"Leaver CS","2022","Undeclared","White","Yorkshire and The Humber","Barnsley, Doncaster and Rotherham","15","[c]","[c]","[c]"
"Leaver CS","2022","Undeclared","White","Yorkshire and The Humber","Bradford","[c]","[c]","[c]","[c]"
"Leaver CS","2022","Undeclared","White","Yorkshire and The Humber","Calderdale and Kirklees","[c]","[c]","[c]","[c]"
"Leaver CS","2022","Undeclared","White","Yorkshire and The Humber","East Riding of Yorkshire","15","[c]","[c]","[c]"
"Leaver CS","2022","Undeclared","White","Yorkshire and The Humber","Kingston upon Hull, City of","5","[c]","[c]","[c]"
"Leaver CS","2022","Undeclared","White","Yorkshire and The Humber","Leeds","30","[c]","[c]","[c]"
"Leaver CS","2022","Undeclared","White","Yorkshire and The Humber","North and North East Lincolnshire","[c]","[c]","[c]","[c]"
"Leaver CS","2022","Undeclared","White","Yorkshire and The Humber","North Yorkshire CC","10","[c]","[c]","[c]"
"Leaver CS","2022","Undeclared","White","Yorkshire and The Humber","Sheffield","5","[c]","[c]","[c]"
"Leaver CS","2022","Undeclared","White","Yorkshire and The Humber","Wakefield","10","[c]","[c]","[c]"
"Leaver CS","2022","Undeclared","White","Yorkshire and The Humber","York","10","[c]","[c]","[c]"
"Leaver CS","2022","Unknown","Asian","East Midlands (England)","Derby","[c]","[c]","[c]","[c]"
"Leaver CS","2022","Unknown","Asian","East Midlands (England)","East Derbyshire","[c]","[c]","[c]","[c]"
"Leaver CS","2022","Unknown","Asian","East Midlands (England)","Leicester","15","[c]","[c]","[c]"
"Leaver CS","2022","Unknown","Asian","East Midlands (England)","Leicestershire CC and Rutland","[c]","[c]","[c]","[c]"
"Leaver CS","2022","Unknown","Asian","East Midlands (England)","Lincolnshire CC","[c]","[c]","[c]","[c]"
"Leaver CS","2022","Unknown","Asian","East Midlands (England)","North Northamptonshire","[c]","[c]","[c]","[c]"
"Leaver CS","2022","Unknown","Asian","East Midlands (England)","North Nottinghamshire","[c]","[c]","[c]","[c]"
"Leaver CS","2022","Unknown","Asian","East Midlands (England)","Nottingham","5","[c]","[c]","[c]"
"Leaver CS","2022","Unknown","Asian","East Midlands (England)","South and West Derbyshire","[c]","[c]","[c]","[c]"
"Leaver CS","2022","Unknown","Asian","East Midlands (England)","South Nottinghamshire","[c]","[c]","[c]","[c]"
"Leaver CS","2022","Unknown","Asian","East Midlands (England)","West Northamptonshire","[c]","[c]","[c]","[c]"
"Leaver CS","2022","Unknown","Asian","East of England","Bedford","[c]","[c]","[c]","[c]"
"Leaver CS","2022","Unknown","Asian","East of England","Breckland and South Norfolk","[c]","[c]","[c]","[c]"
"Leaver CS","2022","Unknown","Asian","East of England","Cambridgeshire CC","[c]","[c]","[c]","[c]"
"Leaver CS","2022","Unknown","Asian","East of England","Central Bedfordshire","[c]","[c]","[c]","[c]"
"Leaver CS","2022","Unknown","Asian","East of England","Essex Haven Gateway","[c]","[c]","[c]","[c]"
"Leaver CS","2022","Unknown","Asian","East of England","Essex Thames Gateway","[c]","[c]","[c]","[c]"
"Leaver CS","2022","Unknown","Asian","East of England","Heart of Essex","[c]","[c]","[c]","[c]"
"Leaver CS","2022","Unknown","Asian","East of England","Hertfordshire CC","5","[c]","[c]","[c]"
"Leaver CS","2022","Unknown","Asian","East of England","Luton","[c]","[c]","[c]","[c]"
"Leaver CS","2022","Unknown","Asian","East of England","North and West Norfolk","[c]","[c]","[c]","[c]"
"Leaver CS","2022","Unknown","Asian","East of England","Norwich and East Norfolk","[c]","[c]","[c]","[c]"
"Leaver CS","2022","Unknown","Asian","East of England","Peterborough","[c]","[c]","[c]","[c]"
"Leaver CS","2022","Unknown","Asian","East of England","Southend-on-Sea","[c]","[c]","[c]","[c]"
"Leaver CS","2022","Unknown","Asian","East of England","Suffolk CC","[c]","[c]","[c]","[c]"
"Leaver CS","2022","Unknown","Asian","East of England","Thurrock","[c]","[c]","[c]","[c]"
"Leaver CS","2022","Unknown","Asian","East of England","West Essex","[c]","[c]","[c]","[c]"
"Leaver CS","2022","Unknown","Asian","London","Barking & Dagenham and Havering","[c]","[c]","[c]","[c]"
"Leaver CS","2022","Unknown","Asian","London","Barnet","5","[c]","[c]","[c]"
"Leaver CS","2022","Unknown","Asian","London","Bexley and Greenwich","[c]","[c]","[c]","[c]"
"Leaver CS","2022","Unknown","Asian","London","Brent","[c]","[c]","[c]","[c]"
"Leaver CS","2022","Unknown","Asian","London","Bromley","[c]","[c]","[c]","[c]"
"Leaver CS","2022","Unknown","Asian","London","Camden and City of London","[c]","[c]","[c]","[c]"
"Leaver CS","2022","Unknown","Asian","London","Croydon","5","[c]","[c]","[c]"
"Leaver CS","2022","Unknown","Asian","London","Ealing","[c]","[c]","[c]","[c]"
"Leaver CS","2022","Unknown","Asian","London","Enfield","[c]","[c]","[c]","[c]"
"Leaver CS","2022","Unknown","Asian","London","Hackney and Newham","10","[c]","[c]","[c]"
"Leaver CS","2022","Unknown","Asian","London","Haringey and Islington","[c]","[c]","[c]","[c]"
"Leaver CS","2022","Unknown","Asian","London","Harrow and Hillingdon","[c]","[c]","[c]","[c]"
"Leaver CS","2022","Unknown","Asian","London","Hounslow and Richmond upon Thames","5","[c]","[c]","[c]"
"Leaver CS","2022","Unknown","Asian","London","Kensington & Chelsea and Hammersmith & Fulham","[c]","[c]","[c]","[c]"
"Leaver CS","2022","Unknown","Asian","London","Lambeth","5","[c]","[c]","[c]"
"Leaver CS","2022","Unknown","Asian","London","Lewisham and Southwark","[c]","[c]","[c]","[c]"
"Leaver CS","2022","Unknown","Asian","London","Merton, Kingston upon Thames and Sutton","[c]","[c]","[c]","[c]"
"Leaver CS","2022","Unknown","Asian","London","Redbridge and Waltham Forest","[c]","[c]","[c]","[c]"
"Leaver CS","2022","Unknown","Asian","London","Tower Hamlets","50","[c]","38110","32640"
"Leaver CS","2022","Unknown","Asian","London","Wandsworth","[c]","[c]","[c]","[c]"
"Leaver CS","2022","Unknown","Asian","London","Westminster","60","[c]","39440","33180"
"Leaver CS","2022","Unknown","Asian","North East (England)","Darlington","[c]","[c]","[c]","[c]"
"Leaver CS","2022","Unknown","Asian","North East (England)","Durham","[c]","[c]","[c]","[c]"
"Leaver CS","2022","Unknown","Asian","North East (England)","Hartlepool and Stockton-on-Tees","[c]","[c]","[c]","[c]"
"Leaver CS","2022","Unknown","Asian","North East (England)","Northumberland","[c]","[c]","[c]","[c]"
"Leaver CS","2022","Unknown","Asian","North East (England)","South Teesside","[c]","[c]","[c]","[c]"
"Leaver CS","2022","Unknown","Asian","North East (England)","Sunderland","[c]","[c]","[c]","[c]"
"Leaver CS","2022","Unknown","Asian","North East (England)","Tyneside","[c]","[c]","[c]","[c]"
"Leaver CS","2022","Unknown","Asian","North West (England)","Blackburn with Darwen","[c]","[c]","[c]","[c]"
"Leaver CS","2022","Unknown","Asian","North West (England)","Blackpool","[c]","[c]","[c]","[c]"
"Leaver CS","2022","Unknown","Asian","North West (England)","Cheshire East","[c]","[c]","[c]","[c]"
"Leaver CS","2022","Unknown","Asian","North West (England)","Cheshire West and Chester","[c]","[c]","[c]","[c]"
"Leaver CS","2022","Unknown","Asian","North West (England)","Chorley and West Lancashire","[c]","[c]","[c]","[c]"
"Leaver CS","2022","Unknown","Asian","North West (England)","East Cumbria","[c]","[c]","[c]","[c]"
"Leaver CS","2022","Unknown","Asian","North West (England)","East Lancashire","[c]","[c]","[c]","[c]"
"Leaver CS","2022","Unknown","Asian","North West (England)","East Merseyside","[c]","[c]","[c]","[c]"
"Leaver CS","2022","Unknown","Asian","North West (England)","Greater Manchester North East","[c]","[c]","[c]","[c]"
"Leaver CS","2022","Unknown","Asian","North West (England)","Greater Manchester North West","[c]","[c]","[c]","[c]"
"Leaver CS","2022","Unknown","Asian","North West (England)","Greater Manchester South East","[c]","[c]","[c]","[c]"
"Leaver CS","2022","Unknown","Asian","North West (England)","Greater Manchester South West","[c]","[c]","[c]","[c]"
"Leaver CS","2022","Unknown","Asian","North West (England)","Lancaster and Wyre","[c]","[c]","[c]","[c]"
"Leaver CS","2022","Unknown","Asian","North West (England)","Liverpool","[c]","[c]","[c]","[c]"
"Leaver CS","2022","Unknown","Asian","North West (England)","Manchester","5","[c]","[c]","[c]"
"Leaver CS","2022","Unknown","Asian","North West (England)","Mid Lancashire","[c]","[c]","[c]","[c]"
"Leaver CS","2022","Unknown","Asian","North West (England)","Sefton","[c]","[c]","[c]","[c]"
"Leaver CS","2022","Unknown","Asian","North West (England)","Warrington","[c]","[c]","[c]","[c]"
"Leaver CS","2022","Unknown","Asian","North West (England)","West Cumbria","[c]","[c]","[c]","[c]"
"Leaver CS","2022","Unknown","Asian","North West (England)","Wirral","[c]","[c]","[c]","[c]"
"Leaver CS","2022","Unknown","Asian","Northern Ireland","Antrim and Newtownabbey","[c]","[c]","[c]","[c]"
"Leaver CS","2022","Unknown","Asian","Northern Ireland","Ards and North Down","[c]","[c]","[c]","[c]"
"Leaver CS","2022","Unknown","Asian","Northern Ireland","Belfast","[c]","[c]","[c]","[c]"
"Leaver CS","2022","Unknown","Asian","Northern Ireland","Causeway Coast and Glens","[c]","[c]","[c]","[c]"
"Leaver CS","2022","Unknown","Asian","Northern Ireland","Derry City and Strabane","[c]","[c]","[c]","[c]"
"Leaver CS","2022","Unknown","Asian","Northern Ireland","Fermanagh and Omagh","[c]","[c]","[c]","[c]"
"Leaver CS","2022","Unknown","Asian","Northern Ireland","Lisburn and Castlereagh","[c]","[c]","[c]","[c]"
"Leaver CS","2022","Unknown","Asian","Northern Ireland","Mid and East Antrim","[c]","[c]","[c]","[c]"
"Leaver CS","2022","Unknown","Asian","Northern Ireland","Newry, Mourne and Down","[c]","[c]","[c]","[c]"
"Leaver CS","2022","Unknown","Asian","Overseas","Overseas","[c]","[c]","[c]","[c]"
"Leaver CS","2022","Unknown","Asian","Scotland","Aberdeen City and Aberdeenshire","[c]","[c]","[c]","[c]"
"Leaver CS","2022","Unknown","Asian","Scotland","Angus and Dundee City","[c]","[c]","[c]","[c]"
"Leaver CS","2022","Unknown","Asian","Scotland","Caithness and Sutherland, and Ross and Cromarty","[c]","[c]","[c]","[c]"
"Leaver CS","2022","Unknown","Asian","Scotland","City of Edinburgh","[c]","[c]","[c]","[c]"
"Leaver CS","2022","Unknown","Asian","Scotland","Clackmannanshire and Fife","[c]","[c]","[c]","[c]"
"Leaver CS","2022","Unknown","Asian","Scotland","Dumfries and Galloway","[c]","[c]","[c]","[c]"
"Leaver CS","2022","Unknown","Asian","Scotland","East Ayrshire and North Ayrshire mainland","[c]","[c]","[c]","[c]"
"Leaver CS","2022","Unknown","Asian","Scotland","East Dunbartonshire, West Dunbartonshire, and Helensburgh and Lomond","[c]","[c]","[c]","[c]"
"Leaver CS","2022","Unknown","Asian","Scotland","East Lothian and Midlothian","[c]","[c]","[c]","[c]"
"Leaver CS","2022","Unknown","Asian","Scotland","Falkirk","[c]","[c]","[c]","[c]"
"Leaver CS","2022","Unknown","Asian","Scotland","Glasgow City","[c]","[c]","[c]","[c]"
"Leaver CS","2022","Unknown","Asian","Scotland","Inverclyde, East Renfrewshire, and Renfrewshire","[c]","[c]","[c]","[c]"
"Leaver CS","2022","Unknown","Asian","Scotland","Inverness and Nairn, Moray, and Badenoch and Strathspey","[c]","[c]","[c]","[c]"
"Leaver CS","2022","Unknown","Asian","Scotland","Lochaber, Skye and Lochalsh, Arran and Cumbrae, and Argyll and Bute","[c]","[c]","[c]","[c]"
"Leaver CS","2022","Unknown","Asian","Scotland","Na h-Eileanan Siar","[c]","[c]","[c]","[c]"
"Leaver CS","2022","Unknown","Asian","Scotland","North Lanarkshire","[c]","[c]","[c]","[c]"
"Leaver CS","2022","Unknown","Asian","Scotland","Orkney Islands","[c]","[c]","[c]","[c]"
"Leaver CS","2022","Unknown","Asian","Scotland","Perth and Kinross, and Stirling","[c]","[c]","[c]","[c]"
"Leaver CS","2022","Unknown","Asian","Scotland","Scottish Borders","[c]","[c]","[c]","[c]"
"Leaver CS","2022","Unknown","Asian","Scotland","Shetland Islands","[c]","[c]","[c]","[c]"
"Leaver CS","2022","Unknown","Asian","Scotland","South Ayrshire","[c]","[c]","[c]","[c]"
"Leaver CS","2022","Unknown","Asian","Scotland","South Lanarkshire","[c]","[c]","[c]","[c]"
"Leaver CS","2022","Unknown","Asian","Scotland","West Lothian","[c]","[c]","[c]","[c]"
"Leaver CS","2022","Unknown","Asian","South East (England)","Berkshire","[c]","[c]","[c]","[c]"
"Leaver CS","2022","Unknown","Asian","South East (England)","Brighton and Hove","[c]","[c]","[c]","[c]"
"Leaver CS","2022","Unknown","Asian","South East (England)","Buckinghamshire","[c]","[c]","[c]","[c]"
"Leaver CS","2022","Unknown","Asian","South East (England)","Central Hampshire","[c]","[c]","[c]","[c]"
"Leaver CS","2022","Unknown","Asian","South East (England)","East Kent","[c]","[c]","[c]","[c]"
"Leaver CS","2022","Unknown","Asian","South East (England)","East Surrey","[c]","[c]","[c]","[c]"
"Leaver CS","2022","Unknown","Asian","South East (England)","East Sussex CC","[c]","[c]","[c]","[c]"
"Leaver CS","2022","Unknown","Asian","South East (England)","Isle of Wight","[c]","[c]","[c]","[c]"
"Leaver CS","2022","Unknown","Asian","South East (England)","Kent Thames Gateway","[c]","[c]","[c]","[c]"
"Leaver CS","2022","Unknown","Asian","South East (England)","Medway","[c]","[c]","[c]","[c]"
"Leaver CS","2022","Unknown","Asian","South East (England)","Mid Kent","[c]","[c]","[c]","[c]"
"Leaver CS","2022","Unknown","Asian","South East (England)","Milton Keynes","[c]","[c]","[c]","[c]"
"Leaver CS","2022","Unknown","Asian","South East (England)","North Hampshire","[c]","[c]","[c]","[c]"
"Leaver CS","2022","Unknown","Asian","South East (England)","Oxfordshire CC","[c]","[c]","[c]","[c]"
"Leaver CS","2022","Unknown","Asian","South East (England)","Portsmouth","[c]","[c]","[c]","[c]"
"Leaver CS","2022","Unknown","Asian","South East (England)","South Hampshire","5","[c]","[c]","[c]"
"Leaver CS","2022","Unknown","Asian","South East (England)","Southampton","[c]","[c]","[c]","[c]"
"Leaver CS","2022","Unknown","Asian","South East (England)","West Kent","[c]","[c]","[c]","[c]"
"Leaver CS","2022","Unknown","Asian","South East (England)","West Surrey","[c]","[c]","[c]","[c]"
"Leaver CS","2022","Unknown","Asian","South East (England)","West Sussex (North East)","[c]","[c]","[c]","[c]"
"Leaver CS","2022","Unknown","Asian","South East (England)","West Sussex (South West)","[c]","[c]","[c]","[c]"
"Leaver CS","2022","Unknown","Asian","South West (England)","Bath and North East Somerset, North Somerset and South Gloucestershire","[c]","[c]","[c]","[c]"
"Leaver CS","2022","Unknown","Asian","South West (England)","Bournemouth, Christchurch and Poole","[c]","[c]","[c]","[c]"
"Leaver CS","2022","Unknown","Asian","South West (England)","Bristol, City of","[c]","[c]","[c]","[c]"
"Leaver CS","2022","Unknown","Asian","South West (England)","Cornwall and Isles of Scilly","[c]","[c]","[c]","[c]"
"Leaver CS","2022","Unknown","Asian","South West (England)","Devon CC","[c]","[c]","[c]","[c]"
"Leaver CS","2022","Unknown","Asian","South West (England)","Dorset","[c]","[c]","[c]","[c]"
"Leaver CS","2022","Unknown","Asian","South West (England)","Gloucestershire CC","[c]","[c]","[c]","[c]"
"Leaver CS","2022","Unknown","Asian","South West (England)","Plymouth","[c]","[c]","[c]","[c]"
"Leaver CS","2022","Unknown","Asian","South West (England)","Somerset CC","[c]","[c]","[c]","[c]"
"Leaver CS","2022","Unknown","Asian","South West (England)","Swindon","[c]","[c]","[c]","[c]"
"Leaver CS","2022","Unknown","Asian","South West (England)","Torbay","[c]","[c]","[c]","[c]"
"Leaver CS","2022","Unknown","Asian","South West (England)","Wiltshire","[c]","[c]","[c]","[c]"
"Leaver CS","2022","Unknown","Asian","Unknown","Unknown","[c]","[c]","[c]","[c]"
"Leaver CS","2022","Unknown","Asian","Wales","Bridgend and Neath Port Talbot","[c]","[c]","[c]","[c]"
"Leaver CS","2022","Unknown","Asian","Wales","Cardiff and Vale of Glamorgan","[c]","[c]","[c]","[c]"
"Leaver CS","2022","Unknown","Asian","Wales","Central Valleys","[c]","[c]","[c]","[c]"
"Leaver CS","2022","Unknown","Asian","Wales","Conwy and Denbighshire","[c]","[c]","[c]","[c]"
"Leaver CS","2022","Unknown","Asian","Wales","Flintshire and Wrexham","[c]","[c]","[c]","[c]"
"Leaver CS","2022","Unknown","Asian","Wales","Gwent Valleys","[c]","[c]","[c]","[c]"
"Leaver CS","2022","Unknown","Asian","Wales","Gwynedd","[c]","[c]","[c]","[c]"
"Leaver CS","2022","Unknown","Asian","Wales","Isle of Anglesey","[c]","[c]","[c]","[c]"
"Leaver CS","2022","Unknown","Asian","Wales","Monmouthshire and Newport","[c]","[c]","[c]","[c]"
"Leaver CS","2022","Unknown","Asian","Wales","Powys","[c]","[c]","[c]","[c]"
"Leaver CS","2022","Unknown","Asian","Wales","South West Wales","[c]","[c]","[c]","[c]"
"Leaver CS","2022","Unknown","Asian","Wales","Swansea","[c]","[c]","[c]","[c]"
"Leaver CS","2022","Unknown","Asian","West Midlands (England)","Birmingham","15","[c]","[c]","[c]"
"Leaver CS","2022","Unknown","Asian","West Midlands (England)","Coventry","5","[c]","[c]","[c]"
"Leaver CS","2022","Unknown","Asian","West Midlands (England)","Dudley","[c]","[c]","[c]","[c]"
"Leaver CS","2022","Unknown","Asian","West Midlands (England)","Herefordshire, County of","[c]","[c]","[c]","[c]"
"Leaver CS","2022","Unknown","Asian","West Midlands (England)","Sandwell","[c]","[c]","[c]","[c]"
"Leaver CS","2022","Unknown","Asian","West Midlands (England)","Shropshire","[c]","[c]","[c]","[c]"
"Leaver CS","2022","Unknown","Asian","West Midlands (England)","Solihull","[c]","[c]","[c]","[c]"
"Leaver CS","2022","Unknown","Asian","West Midlands (England)","Staffordshire CC","[c]","[c]","[c]","[c]"
"Leaver CS","2022","Unknown","Asian","West Midlands (England)","Stoke-on-Trent","[c]","[c]","[c]","[c]"
"Leaver CS","2022","Unknown","Asian","West Midlands (England)","Telford and Wrekin","[c]","[c]","[c]","[c]"
"Leaver CS","2022","Unknown","Asian","West Midlands (England)","Walsall","[c]","[c]","[c]","[c]"
"Leaver CS","2022","Unknown","Asian","West Midlands (England)","Warwickshire CC","[c]","[c]","[c]","[c]"
"Leaver CS","2022","Unknown","Asian","West Midlands (England)","Wolverhampton","[c]","[c]","[c]","[c]"
"Leaver CS","2022","Unknown","Asian","West Midlands (England)","Worcestershire CC","[c]","[c]","[c]","[c]"
"Leaver CS","2022","Unknown","Asian","Yorkshire and The Humber","Barnsley, Doncaster and Rotherham","[c]","[c]","[c]","[c]"
"Leaver CS","2022","Unknown","Asian","Yorkshire and The Humber","Bradford","5","[c]","[c]","[c]"
"Leaver CS","2022","Unknown","Asian","Yorkshire and The Humber","Calderdale and Kirklees","[c]","[c]","[c]","[c]"
"Leaver CS","2022","Unknown","Asian","Yorkshire and The Humber","East Riding of Yorkshire","[c]","[c]","[c]","[c]"
"Leaver CS","2022","Unknown","Asian","Yorkshire and The Humber","Kingston upon Hull, City of","[c]","[c]","[c]","[c]"
"Leaver CS","2022","Unknown","Asian","Yorkshire and The Humber","Leeds","15","[c]","[c]","[c]"
"Leaver CS","2022","Unknown","Asian","Yorkshire and The Humber","North and North East Lincolnshire","[c]","[c]","[c]","[c]"
"Leaver CS","2022","Unknown","Asian","Yorkshire and The Humber","North Yorkshire CC","[c]","[c]","[c]","[c]"
"Leaver CS","2022","Unknown","Asian","Yorkshire and The Humber","Sheffield","[c]","[c]","[c]","[c]"
"Leaver CS","2022","Unknown","Asian","Yorkshire and The Humber","Wakefield","[c]","[c]","[c]","[c]"
"Leaver CS","2022","Unknown","Asian","Yorkshire and The Humber","York","[c]","[c]","[c]","[c]"
"Leaver CS","2022","Unknown","Black","East Midlands (England)","Derby","[c]","[c]","[c]","[c]"
"Leaver CS","2022","Unknown","Black","East Midlands (England)","East Derbyshire","[c]","[c]","[c]","[c]"
"Leaver CS","2022","Unknown","Black","East Midlands (England)","Leicester","[c]","[c]","[c]","[c]"
"Leaver CS","2022","Unknown","Black","East Midlands (England)","Leicestershire CC and Rutland","[c]","[c]","[c]","[c]"
"Leaver CS","2022","Unknown","Black","East Midlands (England)","Lincolnshire CC","[c]","[c]","[c]","[c]"
"Leaver CS","2022","Unknown","Black","East Midlands (England)","North Northamptonshire","[c]","[c]","[c]","[c]"
"Leaver CS","2022","Unknown","Black","East Midlands (England)","North Nottinghamshire","[c]","[c]","[c]","[c]"
"Leaver CS","2022","Unknown","Black","East Midlands (England)","Nottingham","[c]","[c]","[c]","[c]"
"Leaver CS","2022","Unknown","Black","East Midlands (England)","South and West Derbyshire","[c]","[c]","[c]","[c]"
"Leaver CS","2022","Unknown","Black","East Midlands (England)","South Nottinghamshire","[c]","[c]","[c]","[c]"
"Leaver CS","2022","Unknown","Black","East Midlands (England)","West Northamptonshire","[c]","[c]","[c]","[c]"
"Leaver CS","2022","Unknown","Black","East of England","Bedford","[c]","[c]","[c]","[c]"
"Leaver CS","2022","Unknown","Black","East of England","Breckland and South Norfolk","[c]","[c]","[c]","[c]"
"Leaver CS","2022","Unknown","Black","East of England","Cambridgeshire CC","[c]","[c]","[c]","[c]"
"Leaver CS","2022","Unknown","Black","East of England","Central Bedfordshire","[c]","[c]","[c]","[c]"
"Leaver CS","2022","Unknown","Black","East of England","Essex Haven Gateway","[c]","[c]","[c]","[c]"
"Leaver CS","2022","Unknown","Black","East of England","Essex Thames Gateway","[c]","[c]","[c]","[c]"
"Leaver CS","2022","Unknown","Black","East of England","Heart of Essex","[c]","[c]","[c]","[c]"
"Leaver CS","2022","Unknown","Black","East of England","Hertfordshire CC","[c]","[c]","[c]","[c]"
"Leaver CS","2022","Unknown","Black","East of England","Luton","[c]","[c]","[c]","[c]"
"Leaver CS","2022","Unknown","Black","East of England","North and West Norfolk","[c]","[c]","[c]","[c]"
"Leaver CS","2022","Unknown","Black","East of England","Norwich and East Norfolk","[c]","[c]","[c]","[c]"
"Leaver CS","2022","Unknown","Black","East of England","Peterborough","[c]","[c]","[c]","[c]"
"Leaver CS","2022","Unknown","Black","East of England","Southend-on-Sea","[c]","[c]","[c]","[c]"
"Leaver CS","2022","Unknown","Black","East of England","Suffolk CC","[c]","[c]","[c]","[c]"
"Leaver CS","2022","Unknown","Black","East of England","Thurrock","[c]","[c]","[c]","[c]"
"Leaver CS","2022","Unknown","Black","East of England","West Essex","[c]","[c]","[c]","[c]"
"Leaver CS","2022","Unknown","Black","London","Barking & Dagenham and Havering","[c]","[c]","[c]","[c]"
"Leaver CS","2022","Unknown","Black","London","Barnet","[c]","[c]","[c]","[c]"
"Leaver CS","2022","Unknown","Black","London","Bexley and Greenwich","[c]","[c]","[c]","[c]"
"Leaver CS","2022","Unknown","Black","London","Brent","[c]","[c]","[c]","[c]"
"Leaver CS","2022","Unknown","Black","London","Bromley","[c]","[c]","[c]","[c]"
"Leaver CS","2022","Unknown","Black","London","Camden and City of London","[c]","[c]","[c]","[c]"
"Leaver CS","2022","Unknown","Black","London","Croydon","[c]","[c]","[c]","[c]"
"Leaver CS","2022","Unknown","Black","London","Ealing","[c]","[c]","[c]","[c]"
"Leaver CS","2022","Unknown","Black","London","Enfield","[c]","[c]","[c]","[c]"
"Leaver CS","2022","Unknown","Black","London","Hackney and Newham","[c]","[c]","[c]","[c]"
"Leaver CS","2022","Unknown","Black","London","Haringey and Islington","[c]","[c]","[c]","[c]"
"Leaver CS","2022","Unknown","Black","London","Harrow and Hillingdon","[c]","[c]","[c]","[c]"
"Leaver CS","2022","Unknown","Black","London","Hounslow and Richmond upon Thames","[c]","[c]","[c]","[c]"
"Leaver CS","2022","Unknown","Black","London","Kensington & Chelsea and Hammersmith & Fulham","[c]","[c]","[c]","[c]"
"Leaver CS","2022","Unknown","Black","London","Lambeth","10","[c]","[c]","[c]"
"Leaver CS","2022","Unknown","Black","London","Lewisham and Southwark","5","[c]","[c]","[c]"
"Leaver CS","2022","Unknown","Black","London","Merton, Kingston upon Thames and Sutton","[c]","[c]","[c]","[c]"
"Leaver CS","2022","Unknown","Black","London","Redbridge and Waltham Forest","[c]","[c]","[c]","[c]"
"Leaver CS","2022","Unknown","Black","London","Tower Hamlets","15","[c]","[c]","[c]"
"Leaver CS","2022","Unknown","Black","London","Wandsworth","[c]","[c]","[c]","[c]"
"Leaver CS","2022","Unknown","Black","London","Westminster","25","[c]","[c]","[c]"
"Leaver CS","2022","Unknown","Black","North East (England)","Darlington","[c]","[c]","[c]","[c]"
"Leaver CS","2022","Unknown","Black","North East (England)","Durham","[c]","[c]","[c]","[c]"
"Leaver CS","2022","Unknown","Black","North East (England)","Hartlepool and Stockton-on-Tees","[c]","[c]","[c]","[c]"
"Leaver CS","2022","Unknown","Black","North East (England)","Northumberland","[c]","[c]","[c]","[c]"
"Leaver CS","2022","Unknown","Black","North East (England)","South Teesside","[c]","[c]","[c]","[c]"
"Leaver CS","2022","Unknown","Black","North East (England)","Sunderland","[c]","[c]","[c]","[c]"
"Leaver CS","2022","Unknown","Black","North East (England)","Tyneside","[c]","[c]","[c]","[c]"
"Leaver CS","2022","Unknown","Black","North West (England)","Blackburn with Darwen","[c]","[c]","[c]","[c]"
"Leaver CS","2022","Unknown","Black","North West (England)","Blackpool","[c]","[c]","[c]","[c]"
"Leaver CS","2022","Unknown","Black","North West (England)","Cheshire East","[c]","[c]","[c]","[c]"
"Leaver CS","2022","Unknown","Black","North West (England)","Cheshire West and Chester","[c]","[c]","[c]","[c]"
"Leaver CS","2022","Unknown","Black","North West (England)","Chorley and West Lancashire","[c]","[c]","[c]","[c]"
"Leaver CS","2022","Unknown","Black","North West (England)","East Cumbria","[c]","[c]","[c]","[c]"
"Leaver CS","2022","Unknown","Black","North West (England)","East Lancashire","[c]","[c]","[c]","[c]"
"Leaver CS","2022","Unknown","Black","North West (England)","East Merseyside","[c]","[c]","[c]","[c]"
"Leaver CS","2022","Unknown","Black","North West (England)","Greater Manchester North East","[c]","[c]","[c]","[c]"
"Leaver CS","2022","Unknown","Black","North West (England)","Greater Manchester North West","[c]","[c]","[c]","[c]"
"Leaver CS","2022","Unknown","Black","North West (England)","Greater Manchester South East","[c]","[c]","[c]","[c]"
"Leaver CS","2022","Unknown","Black","North West (England)","Greater Manchester South West","[c]","[c]","[c]","[c]"
"Leaver CS","2022","Unknown","Black","North West (England)","Lancaster and Wyre","[c]","[c]","[c]","[c]"
"Leaver CS","2022","Unknown","Black","North West (England)","Liverpool","[c]","[c]","[c]","[c]"
"Leaver CS","2022","Unknown","Black","North West (England)","Manchester","5","[c]","[c]","[c]"
"Leaver CS","2022","Unknown","Black","North West (England)","Mid Lancashire","[c]","[c]","[c]","[c]"
"Leaver CS","2022","Unknown","Black","North West (England)","Sefton","[c]","[c]","[c]","[c]"
"Leaver CS","2022","Unknown","Black","North West (England)","Warrington","[c]","[c]","[c]","[c]"
"Leaver CS","2022","Unknown","Black","North West (England)","West Cumbria","[c]","[c]","[c]","[c]"
"Leaver CS","2022","Unknown","Black","North West (England)","Wirral","[c]","[c]","[c]","[c]"
"Leaver CS","2022","Unknown","Black","Northern Ireland","Antrim and Newtownabbey","[c]","[c]","[c]","[c]"
"Leaver CS","2022","Unknown","Black","Northern Ireland","Ards and North Down","[c]","[c]","[c]","[c]"
"Leaver CS","2022","Unknown","Black","Northern Ireland","Belfast","[c]","[c]","[c]","[c]"
"Leaver CS","2022","Unknown","Black","Northern Ireland","Causeway Coast and Glens","[c]","[c]","[c]","[c]"
"Leaver CS","2022","Unknown","Black","Northern Ireland","Derry City and Strabane","[c]","[c]","[c]","[c]"
"Leaver CS","2022","Unknown","Black","Northern Ireland","Fermanagh and Omagh","[c]","[c]","[c]","[c]"
"Leaver CS","2022","Unknown","Black","Northern Ireland","Lisburn and Castlereagh","[c]","[c]","[c]","[c]"
"Leaver CS","2022","Unknown","Black","Northern Ireland","Mid and East Antrim","[c]","[c]","[c]","[c]"
"Leaver CS","2022","Unknown","Black","Northern Ireland","Newry, Mourne and Down","[c]","[c]","[c]","[c]"
"Leaver CS","2022","Unknown","Black","Overseas","Overseas","[c]","[c]","[c]","[c]"
"Leaver CS","2022","Unknown","Black","Scotland","Aberdeen City and Aberdeenshire","[c]","[c]","[c]","[c]"
"Leaver CS","2022","Unknown","Black","Scotland","Angus and Dundee City","[c]","[c]","[c]","[c]"
"Leaver CS","2022","Unknown","Black","Scotland","Caithness and Sutherland, and Ross and Cromarty","[c]","[c]","[c]","[c]"
"Leaver CS","2022","Unknown","Black","Scotland","City of Edinburgh","[c]","[c]","[c]","[c]"
"Leaver CS","2022","Unknown","Black","Scotland","Clackmannanshire and Fife","[c]","[c]","[c]","[c]"
"Leaver CS","2022","Unknown","Black","Scotland","Dumfries and Galloway","[c]","[c]","[c]","[c]"
"Leaver CS","2022","Unknown","Black","Scotland","East Ayrshire and North Ayrshire mainland","[c]","[c]","[c]","[c]"
"Leaver CS","2022","Unknown","Black","Scotland","East Dunbartonshire, West Dunbartonshire, and Helensburgh and Lomond","[c]","[c]","[c]","[c]"
"Leaver CS","2022","Unknown","Black","Scotland","East Lothian and Midlothian","[c]","[c]","[c]","[c]"
"Leaver CS","2022","Unknown","Black","Scotland","Falkirk","[c]","[c]","[c]","[c]"
"Leaver CS","2022","Unknown","Black","Scotland","Glasgow City","[c]","[c]","[c]","[c]"
"Leaver CS","2022","Unknown","Black","Scotland","Inverclyde, East Renfrewshire, and Renfrewshire","[c]","[c]","[c]","[c]"
"Leaver CS","2022","Unknown","Black","Scotland","Inverness and Nairn, Moray, and Badenoch and Strathspey","[c]","[c]","[c]","[c]"
"Leaver CS","2022","Unknown","Black","Scotland","Lochaber, Skye and Lochalsh, Arran and Cumbrae, and Argyll and Bute","[c]","[c]","[c]","[c]"
"Leaver CS","2022","Unknown","Black","Scotland","Na h-Eileanan Siar","[c]","[c]","[c]","[c]"
"Leaver CS","2022","Unknown","Black","Scotland","North Lanarkshire","[c]","[c]","[c]","[c]"
"Leaver CS","2022","Unknown","Black","Scotland","Orkney Islands","[c]","[c]","[c]","[c]"
"Leaver CS","2022","Unknown","Black","Scotland","Perth and Kinross, and Stirling","[c]","[c]","[c]","[c]"
"Leaver CS","2022","Unknown","Black","Scotland","Scottish Borders","[c]","[c]","[c]","[c]"
"Leaver CS","2022","Unknown","Black","Scotland","Shetland Islands","[c]","[c]","[c]","[c]"
"Leaver CS","2022","Unknown","Black","Scotland","South Ayrshire","[c]","[c]","[c]","[c]"
"Leaver CS","2022","Unknown","Black","Scotland","South Lanarkshire","[c]","[c]","[c]","[c]"
"Leaver CS","2022","Unknown","Black","Scotland","West Lothian","[c]","[c]","[c]","[c]"
"Leaver CS","2022","Unknown","Black","South East (England)","Berkshire","[c]","[c]","[c]","[c]"
"Leaver CS","2022","Unknown","Black","South East (England)","Brighton and Hove","[c]","[c]","[c]","[c]"
"Leaver CS","2022","Unknown","Black","South East (England)","Buckinghamshire","[c]","[c]","[c]","[c]"
"Leaver CS","2022","Unknown","Black","South East (England)","Central Hampshire","[c]","[c]","[c]","[c]"
"Leaver CS","2022","Unknown","Black","South East (England)","East Kent","[c]","[c]","[c]","[c]"
"Leaver CS","2022","Unknown","Black","South East (England)","East Surrey","[c]","[c]","[c]","[c]"
"Leaver CS","2022","Unknown","Black","South East (England)","East Sussex CC","[c]","[c]","[c]","[c]"
"Leaver CS","2022","Unknown","Black","South East (England)","Isle of Wight","[c]","[c]","[c]","[c]"
"Leaver CS","2022","Unknown","Black","South East (England)","Kent Thames Gateway","[c]","[c]","[c]","[c]"
"Leaver CS","2022","Unknown","Black","South East (England)","Medway","[c]","[c]","[c]","[c]"
"Leaver CS","2022","Unknown","Black","South East (England)","Mid Kent","[c]","[c]","[c]","[c]"
"Leaver CS","2022","Unknown","Black","South East (England)","Milton Keynes","[c]","[c]","[c]","[c]"
"Leaver CS","2022","Unknown","Black","South East (England)","North Hampshire","[c]","[c]","[c]","[c]"
"Leaver CS","2022","Unknown","Black","South East (England)","Oxfordshire CC","[c]","[c]","[c]","[c]"
"Leaver CS","2022","Unknown","Black","South East (England)","Portsmouth","[c]","[c]","[c]","[c]"
"Leaver CS","2022","Unknown","Black","South East (England)","South Hampshire","[c]","[c]","[c]","[c]"
"Leaver CS","2022","Unknown","Black","South East (England)","Southampton","[c]","[c]","[c]","[c]"
"Leaver CS","2022","Unknown","Black","South East (England)","West Kent","[c]","[c]","[c]","[c]"
"Leaver CS","2022","Unknown","Black","South East (England)","West Surrey","[c]","[c]","[c]","[c]"
"Leaver CS","2022","Unknown","Black","South East (England)","West Sussex (North East)","[c]","[c]","[c]","[c]"
"Leaver CS","2022","Unknown","Black","South East (England)","West Sussex (South West)","[c]","[c]","[c]","[c]"
"Leaver CS","2022","Unknown","Black","South West (England)","Bath and North East Somerset, North Somerset and South Gloucestershire","[c]","[c]","[c]","[c]"
"Leaver CS","2022","Unknown","Black","South West (England)","Bournemouth, Christchurch and Poole","[c]","[c]","[c]","[c]"
"Leaver CS","2022","Unknown","Black","South West (England)","Bristol, City of","[c]","[c]","[c]","[c]"
"Leaver CS","2022","Unknown","Black","South West (England)","Cornwall and Isles of Scilly","[c]","[c]","[c]","[c]"
"Leaver CS","2022","Unknown","Black","South West (England)","Devon CC","[c]","[c]","[c]","[c]"
"Leaver CS","2022","Unknown","Black","South West (England)","Dorset","[c]","[c]","[c]","[c]"
"Leaver CS","2022","Unknown","Black","South West (England)","Gloucestershire CC","[c]","[c]","[c]","[c]"
"Leaver CS","2022","Unknown","Black","South West (England)","Plymouth","[c]","[c]","[c]","[c]"
"Leaver CS","2022","Unknown","Black","South West (England)","Somerset CC","[c]","[c]","[c]","[c]"
"Leaver CS","2022","Unknown","Black","South West (England)","Swindon","[c]","[c]","[c]","[c]"
"Leaver CS","2022","Unknown","Black","South West (England)","Torbay","[c]","[c]","[c]","[c]"
"Leaver CS","2022","Unknown","Black","South West (England)","Wiltshire","[c]","[c]","[c]","[c]"
"Leaver CS","2022","Unknown","Black","Unknown","Unknown","[c]","[c]","[c]","[c]"
"Leaver CS","2022","Unknown","Black","Wales","Bridgend and Neath Port Talbot","[c]","[c]","[c]","[c]"
"Leaver CS","2022","Unknown","Black","Wales","Cardiff and Vale of Glamorgan","[c]","[c]","[c]","[c]"
"Leaver CS","2022","Unknown","Black","Wales","Central Valleys","[c]","[c]","[c]","[c]"
"Leaver CS","2022","Unknown","Black","Wales","Conwy and Denbighshire","[c]","[c]","[c]","[c]"
"Leaver CS","2022","Unknown","Black","Wales","Flintshire and Wrexham","[c]","[c]","[c]","[c]"
"Leaver CS","2022","Unknown","Black","Wales","Gwent Valleys","[c]","[c]","[c]","[c]"
"Leaver CS","2022","Unknown","Black","Wales","Gwynedd","[c]","[c]","[c]","[c]"
"Leaver CS","2022","Unknown","Black","Wales","Isle of Anglesey","[c]","[c]","[c]","[c]"
"Leaver CS","2022","Unknown","Black","Wales","Monmouthshire and Newport","[c]","[c]","[c]","[c]"
"Leaver CS","2022","Unknown","Black","Wales","Powys","[c]","[c]","[c]","[c]"
"Leaver CS","2022","Unknown","Black","Wales","South West Wales","[c]","[c]","[c]","[c]"
"Leaver CS","2022","Unknown","Black","Wales","Swansea","[c]","[c]","[c]","[c]"
"Leaver CS","2022","Unknown","Black","West Midlands (England)","Birmingham","5","[c]","[c]","[c]"
"Leaver CS","2022","Unknown","Black","West Midlands (England)","Coventry","[c]","[c]","[c]","[c]"
"Leaver CS","2022","Unknown","Black","West Midlands (England)","Dudley","[c]","[c]","[c]","[c]"
"Leaver CS","2022","Unknown","Black","West Midlands (England)","Herefordshire, County of","[c]","[c]","[c]","[c]"
"Leaver CS","2022","Unknown","Black","West Midlands (England)","Sandwell","[c]","[c]","[c]","[c]"
"Leaver CS","2022","Unknown","Black","West Midlands (England)","Shropshire","[c]","[c]","[c]","[c]"
"Leaver CS","2022","Unknown","Black","West Midlands (England)","Solihull","[c]","[c]","[c]","[c]"
"Leaver CS","2022","Unknown","Black","West Midlands (England)","Staffordshire CC","[c]","[c]","[c]","[c]"
"Leaver CS","2022","Unknown","Black","West Midlands (England)","Stoke-on-Trent","[c]","[c]","[c]","[c]"
"Leaver CS","2022","Unknown","Black","West Midlands (England)","Telford and Wrekin","[c]","[c]","[c]","[c]"
"Leaver CS","2022","Unknown","Black","West Midlands (England)","Walsall","[c]","[c]","[c]","[c]"
"Leaver CS","2022","Unknown","Black","West Midlands (England)","Warwickshire CC","[c]","[c]","[c]","[c]"
"Leaver CS","2022","Unknown","Black","West Midlands (England)","Wolverhampton","[c]","[c]","[c]","[c]"
"Leaver CS","2022","Unknown","Black","West Midlands (England)","Worcestershire CC","[c]","[c]","[c]","[c]"
"Leaver CS","2022","Unknown","Black","Yorkshire and The Humber","Barnsley, Doncaster and Rotherham","[c]","[c]","[c]","[c]"
"Leaver CS","2022","Unknown","Black","Yorkshire and The Humber","Bradford","[c]","[c]","[c]","[c]"
"Leaver CS","2022","Unknown","Black","Yorkshire and The Humber","Calderdale and Kirklees","[c]","[c]","[c]","[c]"
"Leaver CS","2022","Unknown","Black","Yorkshire and The Humber","East Riding of Yorkshire","[c]","[c]","[c]","[c]"
"Leaver CS","2022","Unknown","Black","Yorkshire and The Humber","Kingston upon Hull, City of","[c]","[c]","[c]","[c]"
"Leaver CS","2022","Unknown","Black","Yorkshire and The Humber","Leeds","[c]","[c]","[c]","[c]"
"Leaver CS","2022","Unknown","Black","Yorkshire and The Humber","North and North East Lincolnshire","[c]","[c]","[c]","[c]"
"Leaver CS","2022","Unknown","Black","Yorkshire and The Humber","North Yorkshire CC","[c]","[c]","[c]","[c]"
"Leaver CS","2022","Unknown","Black","Yorkshire and The Humber","Sheffield","[c]","[c]","[c]","[c]"
"Leaver CS","2022","Unknown","Black","Yorkshire and The Humber","Wakefield","[c]","[c]","[c]","[c]"
"Leaver CS","2022","Unknown","Black","Yorkshire and The Humber","York","[c]","[c]","[c]","[c]"
"Leaver CS","2022","Unknown","Mixed","East Midlands (England)","Derby","[c]","[c]","[c]","[c]"
"Leaver CS","2022","Unknown","Mixed","East Midlands (England)","East Derbyshire","[c]","[c]","[c]","[c]"
"Leaver CS","2022","Unknown","Mixed","East Midlands (England)","Leicester","[c]","[c]","[c]","[c]"
"Leaver CS","2022","Unknown","Mixed","East Midlands (England)","Leicestershire CC and Rutland","[c]","[c]","[c]","[c]"
"Leaver CS","2022","Unknown","Mixed","East Midlands (England)","Lincolnshire CC","[c]","[c]","[c]","[c]"
"Leaver CS","2022","Unknown","Mixed","East Midlands (England)","North Northamptonshire","[c]","[c]","[c]","[c]"
"Leaver CS","2022","Unknown","Mixed","East Midlands (England)","North Nottinghamshire","[c]","[c]","[c]","[c]"
"Leaver CS","2022","Unknown","Mixed","East Midlands (England)","Nottingham","[c]","[c]","[c]","[c]"
"Leaver CS","2022","Unknown","Mixed","East Midlands (England)","South and West Derbyshire","[c]","[c]","[c]","[c]"
"Leaver CS","2022","Unknown","Mixed","East Midlands (England)","South Nottinghamshire","[c]","[c]","[c]","[c]"
"Leaver CS","2022","Unknown","Mixed","East Midlands (England)","West Northamptonshire","[c]","[c]","[c]","[c]"
"Leaver CS","2022","Unknown","Mixed","East of England","Bedford","[c]","[c]","[c]","[c]"
"Leaver CS","2022","Unknown","Mixed","East of England","Breckland and South Norfolk","[c]","[c]","[c]","[c]"
"Leaver CS","2022","Unknown","Mixed","East of England","Cambridgeshire CC","[c]","[c]","[c]","[c]"
"Leaver CS","2022","Unknown","Mixed","East of England","Central Bedfordshire","[c]","[c]","[c]","[c]"
"Leaver CS","2022","Unknown","Mixed","East of England","Essex Haven Gateway","[c]","[c]","[c]","[c]"
"Leaver CS","2022","Unknown","Mixed","East of England","Essex Thames Gateway","[c]","[c]","[c]","[c]"
"Leaver CS","2022","Unknown","Mixed","East of England","Heart of Essex","[c]","[c]","[c]","[c]"
"Leaver CS","2022","Unknown","Mixed","East of England","Hertfordshire CC","[c]","[c]","[c]","[c]"
"Leaver CS","2022","Unknown","Mixed","East of England","Luton","[c]","[c]","[c]","[c]"
"Leaver CS","2022","Unknown","Mixed","East of England","North and West Norfolk","[c]","[c]","[c]","[c]"
"Leaver CS","2022","Unknown","Mixed","East of England","Norwich and East Norfolk","[c]","[c]","[c]","[c]"
"Leaver CS","2022","Unknown","Mixed","East of England","Peterborough","[c]","[c]","[c]","[c]"
"Leaver CS","2022","Unknown","Mixed","East of England","Southend-on-Sea","[c]","[c]","[c]","[c]"
"Leaver CS","2022","Unknown","Mixed","East of England","Suffolk CC","[c]","[c]","[c]","[c]"
"Leaver CS","2022","Unknown","Mixed","East of England","Thurrock","[c]","[c]","[c]","[c]"
"Leaver CS","2022","Unknown","Mixed","East of England","West Essex","[c]","[c]","[c]","[c]"
"Leaver CS","2022","Unknown","Mixed","London","Barking & Dagenham and Havering","[c]","[c]","[c]","[c]"
"Leaver CS","2022","Unknown","Mixed","London","Barnet","[c]","[c]","[c]","[c]"
"Leaver CS","2022","Unknown","Mixed","London","Bexley and Greenwich","[c]","[c]","[c]","[c]"
"Leaver CS","2022","Unknown","Mixed","London","Brent","[c]","[c]","[c]","[c]"
"Leaver CS","2022","Unknown","Mixed","London","Bromley","[c]","[c]","[c]","[c]"
"Leaver CS","2022","Unknown","Mixed","London","Camden and City of London","[c]","[c]","[c]","[c]"
"Leaver CS","2022","Unknown","Mixed","London","Croydon","[c]","[c]","[c]","[c]"
"Leaver CS","2022","Unknown","Mixed","London","Ealing","[c]","[c]","[c]","[c]"
"Leaver CS","2022","Unknown","Mixed","London","Enfield","[c]","[c]","[c]","[c]"
"Leaver CS","2022","Unknown","Mixed","London","Hackney and Newham","[c]","[c]","[c]","[c]"
"Leaver CS","2022","Unknown","Mixed","London","Haringey and Islington","[c]","[c]","[c]","[c]"
"Leaver CS","2022","Unknown","Mixed","London","Harrow and Hillingdon","[c]","[c]","[c]","[c]"
"Leaver CS","2022","Unknown","Mixed","London","Hounslow and Richmond upon Thames","[c]","[c]","[c]","[c]"
"Leaver CS","2022","Unknown","Mixed","London","Kensington & Chelsea and Hammersmith & Fulham","[c]","[c]","[c]","[c]"
"Leaver CS","2022","Unknown","Mixed","London","Lambeth","[c]","[c]","[c]","[c]"
"Leaver CS","2022","Unknown","Mixed","London","Lewisham and Southwark","[c]","[c]","[c]","[c]"
"Leaver CS","2022","Unknown","Mixed","London","Merton, Kingston upon Thames and Sutton","[c]","[c]","[c]","[c]"
"Leaver CS","2022","Unknown","Mixed","London","Redbridge and Waltham Forest","[c]","[c]","[c]","[c]"
"Leaver CS","2022","Unknown","Mixed","London","Tower Hamlets","5","[c]","[c]","[c]"
"Leaver CS","2022","Unknown","Mixed","London","Wandsworth","[c]","[c]","[c]","[c]"
"Leaver CS","2022","Unknown","Mixed","London","Westminster","20","[c]","[c]","[c]"
"Leaver CS","2022","Unknown","Mixed","North East (England)","Darlington","[c]","[c]","[c]","[c]"
"Leaver CS","2022","Unknown","Mixed","North East (England)","Durham","[c]","[c]","[c]","[c]"
"Leaver CS","2022","Unknown","Mixed","North East (England)","Hartlepool and Stockton-on-Tees","[c]","[c]","[c]","[c]"
"Leaver CS","2022","Unknown","Mixed","North East (England)","Northumberland","[c]","[c]","[c]","[c]"
"Leaver CS","2022","Unknown","Mixed","North East (England)","South Teesside","[c]","[c]","[c]","[c]"
"Leaver CS","2022","Unknown","Mixed","North East (England)","Sunderland","[c]","[c]","[c]","[c]"
"Leaver CS","2022","Unknown","Mixed","North East (England)","Tyneside","[c]","[c]","[c]","[c]"
"Leaver CS","2022","Unknown","Mixed","North West (England)","Blackburn with Darwen","[c]","[c]","[c]","[c]"
"Leaver CS","2022","Unknown","Mixed","North West (England)","Blackpool","[c]","[c]","[c]","[c]"
"Leaver CS","2022","Unknown","Mixed","North West (England)","Cheshire East","[c]","[c]","[c]","[c]"
"Leaver CS","2022","Unknown","Mixed","North West (England)","Cheshire West and Chester","[c]","[c]","[c]","[c]"
"Leaver CS","2022","Unknown","Mixed","North West (England)","Chorley and West Lancashire","[c]","[c]","[c]","[c]"
"Leaver CS","2022","Unknown","Mixed","North West (England)","East Cumbria","[c]","[c]","[c]","[c]"
"Leaver CS","2022","Unknown","Mixed","North West (England)","East Lancashire","[c]","[c]","[c]","[c]"
"Leaver CS","2022","Unknown","Mixed","North West (England)","East Merseyside","[c]","[c]","[c]","[c]"
"Leaver CS","2022","Unknown","Mixed","North West (England)","Greater Manchester North East","[c]","[c]","[c]","[c]"
"Leaver CS","2022","Unknown","Mixed","North West (England)","Greater Manchester North West","[c]","[c]","[c]","[c]"
"Leaver CS","2022","Unknown","Mixed","North West (England)","Greater Manchester South East","[c]","[c]","[c]","[c]"
"Leaver CS","2022","Unknown","Mixed","North West (England)","Greater Manchester South West","[c]","[c]","[c]","[c]"
"Leaver CS","2022","Unknown","Mixed","North West (England)","Lancaster and Wyre","[c]","[c]","[c]","[c]"
"Leaver CS","2022","Unknown","Mixed","North West (England)","Liverpool","[c]","[c]","[c]","[c]"
"Leaver CS","2022","Unknown","Mixed","North West (England)","Manchester","[c]","[c]","[c]","[c]"
"Leaver CS","2022","Unknown","Mixed","North West (England)","Mid Lancashire","[c]","[c]","[c]","[c]"
"Leaver CS","2022","Unknown","Mixed","North West (England)","Sefton","[c]","[c]","[c]","[c]"
"Leaver CS","2022","Unknown","Mixed","North West (England)","Warrington","[c]","[c]","[c]","[c]"
"Leaver CS","2022","Unknown","Mixed","North West (England)","West Cumbria","[c]","[c]","[c]","[c]"
"Leaver CS","2022","Unknown","Mixed","North West (England)","Wirral","[c]","[c]","[c]","[c]"
"Leaver CS","2022","Unknown","Mixed","Northern Ireland","Antrim and Newtownabbey","[c]","[c]","[c]","[c]"
"Leaver CS","2022","Unknown","Mixed","Northern Ireland","Ards and North Down","[c]","[c]","[c]","[c]"
"Leaver CS","2022","Unknown","Mixed","Northern Ireland","Belfast","[c]","[c]","[c]","[c]"
"Leaver CS","2022","Unknown","Mixed","Northern Ireland","Causeway Coast and Glens","[c]","[c]","[c]","[c]"
"Leaver CS","2022","Unknown","Mixed","Northern Ireland","Derry City and Strabane","[c]","[c]","[c]","[c]"
"Leaver CS","2022","Unknown","Mixed","Northern Ireland","Fermanagh and Omagh","[c]","[c]","[c]","[c]"
"Leaver CS","2022","Unknown","Mixed","Northern Ireland","Lisburn and Castlereagh","[c]","[c]","[c]","[c]"
"Leaver CS","2022","Unknown","Mixed","Northern Ireland","Mid and East Antrim","[c]","[c]","[c]","[c]"
"Leaver CS","2022","Unknown","Mixed","Northern Ireland","Newry, Mourne and Down","[c]","[c]","[c]","[c]"
"Leaver CS","2022","Unknown","Mixed","Overseas","Overseas","[c]","[c]","[c]","[c]"
"Leaver CS","2022","Unknown","Mixed","Scotland","Aberdeen City and Aberdeenshire","[c]","[c]","[c]","[c]"
"Leaver CS","2022","Unknown","Mixed","Scotland","Angus and Dundee City","[c]","[c]","[c]","[c]"
"Leaver CS","2022","Unknown","Mixed","Scotland","Caithness and Sutherland, and Ross and Cromarty","[c]","[c]","[c]","[c]"
"Leaver CS","2022","Unknown","Mixed","Scotland","City of Edinburgh","[c]","[c]","[c]","[c]"
"Leaver CS","2022","Unknown","Mixed","Scotland","Clackmannanshire and Fife","[c]","[c]","[c]","[c]"
"Leaver CS","2022","Unknown","Mixed","Scotland","Dumfries and Galloway","[c]","[c]","[c]","[c]"
"Leaver CS","2022","Unknown","Mixed","Scotland","East Ayrshire and North Ayrshire mainland","[c]","[c]","[c]","[c]"
"Leaver CS","2022","Unknown","Mixed","Scotland","East Dunbartonshire, West Dunbartonshire, and Helensburgh and Lomond","[c]","[c]","[c]","[c]"
"Leaver CS","2022","Unknown","Mixed","Scotland","East Lothian and Midlothian","[c]","[c]","[c]","[c]"
"Leaver CS","2022","Unknown","Mixed","Scotland","Falkirk","[c]","[c]","[c]","[c]"
"Leaver CS","2022","Unknown","Mixed","Scotland","Glasgow City","[c]","[c]","[c]","[c]"
"Leaver CS","2022","Unknown","Mixed","Scotland","Inverclyde, East Renfrewshire, and Renfrewshire","[c]","[c]","[c]","[c]"
"Leaver CS","2022","Unknown","Mixed","Scotland","Inverness and Nairn, Moray, and Badenoch and Strathspey","[c]","[c]","[c]","[c]"
"Leaver CS","2022","Unknown","Mixed","Scotland","Lochaber, Skye and Lochalsh, Arran and Cumbrae, and Argyll and Bute","[c]","[c]","[c]","[c]"
"Leaver CS","2022","Unknown","Mixed","Scotland","Na h-Eileanan Siar","[c]","[c]","[c]","[c]"
"Leaver CS","2022","Unknown","Mixed","Scotland","North Lanarkshire","[c]","[c]","[c]","[c]"
"Leaver CS","2022","Unknown","Mixed","Scotland","Orkney Islands","[c]","[c]","[c]","[c]"
"Leaver CS","2022","Unknown","Mixed","Scotland","Perth and Kinross, and Stirling","[c]","[c]","[c]","[c]"
"Leaver CS","2022","Unknown","Mixed","Scotland","Scottish Borders","[c]","[c]","[c]","[c]"
"Leaver CS","2022","Unknown","Mixed","Scotland","Shetland Islands","[c]","[c]","[c]","[c]"
"Leaver CS","2022","Unknown","Mixed","Scotland","South Ayrshire","[c]","[c]","[c]","[c]"
"Leaver CS","2022","Unknown","Mixed","Scotland","South Lanarkshire","[c]","[c]","[c]","[c]"
"Leaver CS","2022","Unknown","Mixed","Scotland","West Lothian","[c]","[c]","[c]","[c]"
"Leaver CS","2022","Unknown","Mixed","South East (England)","Berkshire","[c]","[c]","[c]","[c]"
"Leaver CS","2022","Unknown","Mixed","South East (England)","Brighton and Hove","[c]","[c]","[c]","[c]"
"Leaver CS","2022","Unknown","Mixed","South East (England)","Buckinghamshire","[c]","[c]","[c]","[c]"
"Leaver CS","2022","Unknown","Mixed","South East (England)","Central Hampshire","[c]","[c]","[c]","[c]"
"Leaver CS","2022","Unknown","Mixed","South East (England)","East Kent","[c]","[c]","[c]","[c]"
"Leaver CS","2022","Unknown","Mixed","South East (England)","East Surrey","[c]","[c]","[c]","[c]"
"Leaver CS","2022","Unknown","Mixed","South East (England)","East Sussex CC","[c]","[c]","[c]","[c]"
"Leaver CS","2022","Unknown","Mixed","South East (England)","Isle of Wight","[c]","[c]","[c]","[c]"
"Leaver CS","2022","Unknown","Mixed","South East (England)","Kent Thames Gateway","[c]","[c]","[c]","[c]"
"Leaver CS","2022","Unknown","Mixed","South East (England)","Medway","[c]","[c]","[c]","[c]"
"Leaver CS","2022","Unknown","Mixed","South East (England)","Mid Kent","[c]","[c]","[c]","[c]"
"Leaver CS","2022","Unknown","Mixed","South East (England)","Milton Keynes","[c]","[c]","[c]","[c]"
"Leaver CS","2022","Unknown","Mixed","South East (England)","North Hampshire","[c]","[c]","[c]","[c]"
"Leaver CS","2022","Unknown","Mixed","South East (England)","Oxfordshire CC","[c]","[c]","[c]","[c]"
"Leaver CS","2022","Unknown","Mixed","South East (England)","Portsmouth","[c]","[c]","[c]","[c]"
"Leaver CS","2022","Unknown","Mixed","South East (England)","South Hampshire","[c]","[c]","[c]","[c]"
"Leaver CS","2022","Unknown","Mixed","South East (England)","Southampton","[c]","[c]","[c]","[c]"
"Leaver CS","2022","Unknown","Mixed","South East (England)","West Kent","[c]","[c]","[c]","[c]"
"Leaver CS","2022","Unknown","Mixed","South East (England)","West Surrey","[c]","[c]","[c]","[c]"
"Leaver CS","2022","Unknown","Mixed","South East (England)","West Sussex (North East)","[c]","[c]","[c]","[c]"
"Leaver CS","2022","Unknown","Mixed","South East (England)","West Sussex (South West)","[c]","[c]","[c]","[c]"
"Leaver CS","2022","Unknown","Mixed","South West (England)","Bath and North East Somerset, North Somerset and South Gloucestershire","[c]","[c]","[c]","[c]"
"Leaver CS","2022","Unknown","Mixed","South West (England)","Bournemouth, Christchurch and Poole","[c]","[c]","[c]","[c]"
"Leaver CS","2022","Unknown","Mixed","South West (England)","Bristol, City of","[c]","[c]","[c]","[c]"
"Leaver CS","2022","Unknown","Mixed","South West (England)","Cornwall and Isles of Scilly","[c]","[c]","[c]","[c]"
"Leaver CS","2022","Unknown","Mixed","South West (England)","Devon CC","[c]","[c]","[c]","[c]"
"Leaver CS","2022","Unknown","Mixed","South West (England)","Dorset","[c]","[c]","[c]","[c]"
"Leaver CS","2022","Unknown","Mixed","South West (England)","Gloucestershire CC","[c]","[c]","[c]","[c]"
"Leaver CS","2022","Unknown","Mixed","South West (England)","Plymouth","[c]","[c]","[c]","[c]"
"Leaver CS","2022","Unknown","Mixed","South West (England)","Somerset CC","[c]","[c]","[c]","[c]"
"Leaver CS","2022","Unknown","Mixed","South West (England)","Swindon","[c]","[c]","[c]","[c]"
"Leaver CS","2022","Unknown","Mixed","South West (England)","Torbay","[c]","[c]","[c]","[c]"
"Leaver CS","2022","Unknown","Mixed","South West (England)","Wiltshire","[c]","[c]","[c]","[c]"
"Leaver CS","2022","Unknown","Mixed","Unknown","Unknown","[c]","[c]","[c]","[c]"
"Leaver CS","2022","Unknown","Mixed","Wales","Bridgend and Neath Port Talbot","[c]","[c]","[c]","[c]"
"Leaver CS","2022","Unknown","Mixed","Wales","Cardiff and Vale of Glamorgan","[c]","[c]","[c]","[c]"
"Leaver CS","2022","Unknown","Mixed","Wales","Central Valleys","[c]","[c]","[c]","[c]"
"Leaver CS","2022","Unknown","Mixed","Wales","Conwy and Denbighshire","[c]","[c]","[c]","[c]"
"Leaver CS","2022","Unknown","Mixed","Wales","Flintshire and Wrexham","[c]","[c]","[c]","[c]"
"Leaver CS","2022","Unknown","Mixed","Wales","Gwent Valleys","[c]","[c]","[c]","[c]"
"Leaver CS","2022","Unknown","Mixed","Wales","Gwynedd","[c]","[c]","[c]","[c]"
"Leaver CS","2022","Unknown","Mixed","Wales","Isle of Anglesey","[c]","[c]","[c]","[c]"
"Leaver CS","2022","Unknown","Mixed","Wales","Monmouthshire and Newport","[c]","[c]","[c]","[c]"
"Leaver CS","2022","Unknown","Mixed","Wales","Powys","[c]","[c]","[c]","[c]"
"Leaver CS","2022","Unknown","Mixed","Wales","South West Wales","[c]","[c]","[c]","[c]"
"Leaver CS","2022","Unknown","Mixed","Wales","Swansea","[c]","[c]","[c]","[c]"
"Leaver CS","2022","Unknown","Mixed","West Midlands (England)","Birmingham","5","[c]","[c]","[c]"
"Leaver CS","2022","Unknown","Mixed","West Midlands (England)","Coventry","[c]","[c]","[c]","[c]"
"Leaver CS","2022","Unknown","Mixed","West Midlands (England)","Dudley","[c]","[c]","[c]","[c]"
"Leaver CS","2022","Unknown","Mixed","West Midlands (England)","Herefordshire, County of","[c]","[c]","[c]","[c]"
"Leaver CS","2022","Unknown","Mixed","West Midlands (England)","Sandwell","[c]","[c]","[c]","[c]"
"Leaver CS","2022","Unknown","Mixed","West Midlands (England)","Shropshire","[c]","[c]","[c]","[c]"
"Leaver CS","2022","Unknown","Mixed","West Midlands (England)","Solihull","[c]","[c]","[c]","[c]"
"Leaver CS","2022","Unknown","Mixed","West Midlands (England)","Staffordshire CC","[c]","[c]","[c]","[c]"
"Leaver CS","2022","Unknown","Mixed","West Midlands (England)","Stoke-on-Trent","[c]","[c]","[c]","[c]"
"Leaver CS","2022","Unknown","Mixed","West Midlands (England)","Telford and Wrekin","[c]","[c]","[c]","[c]"
"Leaver CS","2022","Unknown","Mixed","West Midlands (England)","Walsall","[c]","[c]","[c]","[c]"
"Leaver CS","2022","Unknown","Mixed","West Midlands (England)","Warwickshire CC","[c]","[c]","[c]","[c]"
"Leaver CS","2022","Unknown","Mixed","West Midlands (England)","Wolverhampton","[c]","[c]","[c]","[c]"
"Leaver CS","2022","Unknown","Mixed","West Midlands (England)","Worcestershire CC","[c]","[c]","[c]","[c]"
"Leaver CS","2022","Unknown","Mixed","Yorkshire and The Humber","Barnsley, Doncaster and Rotherham","[c]","[c]","[c]","[c]"
"Leaver CS","2022","Unknown","Mixed","Yorkshire and The Humber","Bradford","[c]","[c]","[c]","[c]"
"Leaver CS","2022","Unknown","Mixed","Yorkshire and The Humber","Calderdale and Kirklees","[c]","[c]","[c]","[c]"
"Leaver CS","2022","Unknown","Mixed","Yorkshire and The Humber","East Riding of Yorkshire","[c]","[c]","[c]","[c]"
"Leaver CS","2022","Unknown","Mixed","Yorkshire and The Humber","Kingston upon Hull, City of","[c]","[c]","[c]","[c]"
"Leaver CS","2022","Unknown","Mixed","Yorkshire and The Humber","Leeds","[c]","[c]","[c]","[c]"
"Leaver CS","2022","Unknown","Mixed","Yorkshire and The Humber","North and North East Lincolnshire","[c]","[c]","[c]","[c]"
"Leaver CS","2022","Unknown","Mixed","Yorkshire and The Humber","North Yorkshire CC","[c]","[c]","[c]","[c]"
"Leaver CS","2022","Unknown","Mixed","Yorkshire and The Humber","Sheffield","[c]","[c]","[c]","[c]"
"Leaver CS","2022","Unknown","Mixed","Yorkshire and The Humber","Wakefield","[c]","[c]","[c]","[c]"
"Leaver CS","2022","Unknown","Mixed","Yorkshire and The Humber","York","[c]","[c]","[c]","[c]"
"Leaver CS","2022","Unknown","Other ethnicity","East Midlands (England)","Derby","[c]","[c]","[c]","[c]"
"Leaver CS","2022","Unknown","Other ethnicity","East Midlands (England)","East Derbyshire","[c]","[c]","[c]","[c]"
"Leaver CS","2022","Unknown","Other ethnicity","East Midlands (England)","Leicester","[c]","[c]","[c]","[c]"
"Leaver CS","2022","Unknown","Other ethnicity","East Midlands (England)","Leicestershire CC and Rutland","[c]","[c]","[c]","[c]"
"Leaver CS","2022","Unknown","Other ethnicity","East Midlands (England)","Lincolnshire CC","[c]","[c]","[c]","[c]"
"Leaver CS","2022","Unknown","Other ethnicity","East Midlands (England)","North Northamptonshire","[c]","[c]","[c]","[c]"
"Leaver CS","2022","Unknown","Other ethnicity","East Midlands (England)","North Nottinghamshire","[c]","[c]","[c]","[c]"
"Leaver CS","2022","Unknown","Other ethnicity","East Midlands (England)","Nottingham","[c]","[c]","[c]","[c]"
"Leaver CS","2022","Unknown","Other ethnicity","East Midlands (England)","South and West Derbyshire","[c]","[c]","[c]","[c]"
"Leaver CS","2022","Unknown","Other ethnicity","East Midlands (England)","South Nottinghamshire","[c]","[c]","[c]","[c]"
"Leaver CS","2022","Unknown","Other ethnicity","East Midlands (England)","West Northamptonshire","[c]","[c]","[c]","[c]"
"Leaver CS","2022","Unknown","Other ethnicity","East of England","Bedford","[c]","[c]","[c]","[c]"
"Leaver CS","2022","Unknown","Other ethnicity","East of England","Breckland and South Norfolk","[c]","[c]","[c]","[c]"
"Leaver CS","2022","Unknown","Other ethnicity","East of England","Cambridgeshire CC","[c]","[c]","[c]","[c]"
"Leaver CS","2022","Unknown","Other ethnicity","East of England","Central Bedfordshire","[c]","[c]","[c]","[c]"
"Leaver CS","2022","Unknown","Other ethnicity","East of England","Essex Haven Gateway","[c]","[c]","[c]","[c]"
"Leaver CS","2022","Unknown","Other ethnicity","East of England","Essex Thames Gateway","[c]","[c]","[c]","[c]"
"Leaver CS","2022","Unknown","Other ethnicity","East of England","Heart of Essex","[c]","[c]","[c]","[c]"
"Leaver CS","2022","Unknown","Other ethnicity","East of England","Hertfordshire CC","[c]","[c]","[c]","[c]"
"Leaver CS","2022","Unknown","Other ethnicity","East of England","Luton","[c]","[c]","[c]","[c]"
"Leaver CS","2022","Unknown","Other ethnicity","East of England","North and West Norfolk","[c]","[c]","[c]","[c]"
"Leaver CS","2022","Unknown","Other ethnicity","East of England","Norwich and East Norfolk","[c]","[c]","[c]","[c]"
"Leaver CS","2022","Unknown","Other ethnicity","East of England","Peterborough","[c]","[c]","[c]","[c]"
"Leaver CS","2022","Unknown","Other ethnicity","East of England","Southend-on-Sea","[c]","[c]","[c]","[c]"
"Leaver CS","2022","Unknown","Other ethnicity","East of England","Suffolk CC","[c]","[c]","[c]","[c]"
"Leaver CS","2022","Unknown","Other ethnicity","East of England","Thurrock","[c]","[c]","[c]","[c]"
"Leaver CS","2022","Unknown","Other ethnicity","East of England","West Essex","[c]","[c]","[c]","[c]"
"Leaver CS","2022","Unknown","Other ethnicity","London","Barking & Dagenham and Havering","[c]","[c]","[c]","[c]"
"Leaver CS","2022","Unknown","Other ethnicity","London","Barnet","[c]","[c]","[c]","[c]"
"Leaver CS","2022","Unknown","Other ethnicity","London","Bexley and Greenwich","[c]","[c]","[c]","[c]"
"Leaver CS","2022","Unknown","Other ethnicity","London","Brent","[c]","[c]","[c]","[c]"
"Leaver CS","2022","Unknown","Other ethnicity","London","Bromley","[c]","[c]","[c]","[c]"
"Leaver CS","2022","Unknown","Other ethnicity","London","Camden and City of London","[c]","[c]","[c]","[c]"
"Leaver CS","2022","Unknown","Other ethnicity","London","Croydon","[c]","[c]","[c]","[c]"
"Leaver CS","2022","Unknown","Other ethnicity","London","Ealing","[c]","[c]","[c]","[c]"
"Leaver CS","2022","Unknown","Other ethnicity","London","Enfield","[c]","[c]","[c]","[c]"
"Leaver CS","2022","Unknown","Other ethnicity","London","Hackney and Newham","[c]","[c]","[c]","[c]"
"Leaver CS","2022","Unknown","Other ethnicity","London","Haringey and Islington","[c]","[c]","[c]","[c]"
"Leaver CS","2022","Unknown","Other ethnicity","London","Harrow and Hillingdon","[c]","[c]","[c]","[c]"
"Leaver CS","2022","Unknown","Other ethnicity","London","Hounslow and Richmond upon Thames","[c]","[c]","[c]","[c]"
"Leaver CS","2022","Unknown","Other ethnicity","London","Kensington & Chelsea and Hammersmith & Fulham","[c]","[c]","[c]","[c]"
"Leaver CS","2022","Unknown","Other ethnicity","London","Lambeth","[c]","[c]","[c]","[c]"
"Leaver CS","2022","Unknown","Other ethnicity","London","Lewisham and Southwark","[c]","[c]","[c]","[c]"
"Leaver CS","2022","Unknown","Other ethnicity","London","Merton, Kingston upon Thames and Sutton","[c]","[c]","[c]","[c]"
"Leaver CS","2022","Unknown","Other ethnicity","London","Redbridge and Waltham Forest","[c]","[c]","[c]","[c]"
"Leaver CS","2022","Unknown","Other ethnicity","London","Tower Hamlets","10","[c]","[c]","[c]"
"Leaver CS","2022","Unknown","Other ethnicity","London","Wandsworth","[c]","[c]","[c]","[c]"
"Leaver CS","2022","Unknown","Other ethnicity","London","Westminster","10","[c]","[c]","[c]"
"Leaver CS","2022","Unknown","Other ethnicity","North East (England)","Darlington","[c]","[c]","[c]","[c]"
"Leaver CS","2022","Unknown","Other ethnicity","North East (England)","Durham","[c]","[c]","[c]","[c]"
"Leaver CS","2022","Unknown","Other ethnicity","North East (England)","Hartlepool and Stockton-on-Tees","[c]","[c]","[c]","[c]"
"Leaver CS","2022","Unknown","Other ethnicity","North East (England)","Northumberland","[c]","[c]","[c]","[c]"
"Leaver CS","2022","Unknown","Other ethnicity","North East (England)","South Teesside","[c]","[c]","[c]","[c]"
"Leaver CS","2022","Unknown","Other ethnicity","North East (England)","Sunderland","[c]","[c]","[c]","[c]"
"Leaver CS","2022","Unknown","Other ethnicity","North East (England)","Tyneside","[c]","[c]","[c]","[c]"
"Leaver CS","2022","Unknown","Other ethnicity","North West (England)","Blackburn with Darwen","[c]","[c]","[c]","[c]"
"Leaver CS","2022","Unknown","Other ethnicity","North West (England)","Blackpool","[c]","[c]","[c]","[c]"
"Leaver CS","2022","Unknown","Other ethnicity","North West (England)","Cheshire East","[c]","[c]","[c]","[c]"
"Leaver CS","2022","Unknown","Other ethnicity","North West (England)","Cheshire West and Chester","[c]","[c]","[c]","[c]"
"Leaver CS","2022","Unknown","Other ethnicity","North West (England)","Chorley and West Lancashire","[c]","[c]","[c]","[c]"
"Leaver CS","2022","Unknown","Other ethnicity","North West (England)","East Cumbria","[c]","[c]","[c]","[c]"
"Leaver CS","2022","Unknown","Other ethnicity","North West (England)","East Lancashire","[c]","[c]","[c]","[c]"
"Leaver CS","2022","Unknown","Other ethnicity","North West (England)","East Merseyside","[c]","[c]","[c]","[c]"
"Leaver CS","2022","Unknown","Other ethnicity","North West (England)","Greater Manchester North East","[c]","[c]","[c]","[c]"
"Leaver CS","2022","Unknown","Other ethnicity","North West (England)","Greater Manchester North West","[c]","[c]","[c]","[c]"
"Leaver CS","2022","Unknown","Other ethnicity","North West (England)","Greater Manchester South East","[c]","[c]","[c]","[c]"
"Leaver CS","2022","Unknown","Other ethnicity","North West (England)","Greater Manchester South West","[c]","[c]","[c]","[c]"
"Leaver CS","2022","Unknown","Other ethnicity","North West (England)","Lancaster and Wyre","[c]","[c]","[c]","[c]"
"Leaver CS","2022","Unknown","Other ethnicity","North West (England)","Liverpool","[c]","[c]","[c]","[c]"
"Leaver CS","2022","Unknown","Other ethnicity","North West (England)","Manchester","[c]","[c]","[c]","[c]"
"Leaver CS","2022","Unknown","Other ethnicity","North West (England)","Mid Lancashire","[c]","[c]","[c]","[c]"
"Leaver CS","2022","Unknown","Other ethnicity","North West (England)","Sefton","[c]","[c]","[c]","[c]"
"Leaver CS","2022","Unknown","Other ethnicity","North West (England)","Warrington","[c]","[c]","[c]","[c]"
"Leaver CS","2022","Unknown","Other ethnicity","North West (England)","West Cumbria","[c]","[c]","[c]","[c]"
"Leaver CS","2022","Unknown","Other ethnicity","North West (England)","Wirral","[c]","[c]","[c]","[c]"
"Leaver CS","2022","Unknown","Other ethnicity","Northern Ireland","Antrim and Newtownabbey","[c]","[c]","[c]","[c]"
"Leaver CS","2022","Unknown","Other ethnicity","Northern Ireland","Ards and North Down","[c]","[c]","[c]","[c]"
"Leaver CS","2022","Unknown","Other ethnicity","Northern Ireland","Belfast","[c]","[c]","[c]","[c]"
"Leaver CS","2022","Unknown","Other ethnicity","Northern Ireland","Causeway Coast and Glens","[c]","[c]","[c]","[c]"
"Leaver CS","2022","Unknown","Other ethnicity","Northern Ireland","Derry City and Strabane","[c]","[c]","[c]","[c]"
"Leaver CS","2022","Unknown","Other ethnicity","Northern Ireland","Fermanagh and Omagh","[c]","[c]","[c]","[c]"
"Leaver CS","2022","Unknown","Other ethnicity","Northern Ireland","Lisburn and Castlereagh","[c]","[c]","[c]","[c]"
"Leaver CS","2022","Unknown","Other ethnicity","Northern Ireland","Mid and East Antrim","[c]","[c]","[c]","[c]"
"Leaver CS","2022","Unknown","Other ethnicity","Northern Ireland","Newry, Mourne and Down","[c]","[c]","[c]","[c]"
"Leaver CS","2022","Unknown","Other ethnicity","Overseas","Overseas","[c]","[c]","[c]","[c]"
"Leaver CS","2022","Unknown","Other ethnicity","Scotland","Aberdeen City and Aberdeenshire","[c]","[c]","[c]","[c]"
"Leaver CS","2022","Unknown","Other ethnicity","Scotland","Angus and Dundee City","[c]","[c]","[c]","[c]"
"Leaver CS","2022","Unknown","Other ethnicity","Scotland","Caithness and Sutherland, and Ross and Cromarty","[c]","[c]","[c]","[c]"
"Leaver CS","2022","Unknown","Other ethnicity","Scotland","City of Edinburgh","[c]","[c]","[c]","[c]"
"Leaver CS","2022","Unknown","Other ethnicity","Scotland","Clackmannanshire and Fife","[c]","[c]","[c]","[c]"
"Leaver CS","2022","Unknown","Other ethnicity","Scotland","Dumfries and Galloway","[c]","[c]","[c]","[c]"
"Leaver CS","2022","Unknown","Other ethnicity","Scotland","East Ayrshire and North Ayrshire mainland","[c]","[c]","[c]","[c]"
"Leaver CS","2022","Unknown","Other ethnicity","Scotland","East Dunbartonshire, West Dunbartonshire, and Helensburgh and Lomond","[c]","[c]","[c]","[c]"
"Leaver CS","2022","Unknown","Other ethnicity","Scotland","East Lothian and Midlothian","[c]","[c]","[c]","[c]"
"Leaver CS","2022","Unknown","Other ethnicity","Scotland","Falkirk","[c]","[c]","[c]","[c]"
"Leaver CS","2022","Unknown","Other ethnicity","Scotland","Glasgow City","[c]","[c]","[c]","[c]"
"Leaver CS","2022","Unknown","Other ethnicity","Scotland","Inverclyde, East Renfrewshire, and Renfrewshire","[c]","[c]","[c]","[c]"
"Leaver CS","2022","Unknown","Other ethnicity","Scotland","Inverness and Nairn, Moray, and Badenoch and Strathspey","[c]","[c]","[c]","[c]"
"Leaver CS","2022","Unknown","Other ethnicity","Scotland","Lochaber, Skye and Lochalsh, Arran and Cumbrae, and Argyll and Bute","[c]","[c]","[c]","[c]"
"Leaver CS","2022","Unknown","Other ethnicity","Scotland","Na h-Eileanan Siar","[c]","[c]","[c]","[c]"
"Leaver CS","2022","Unknown","Other ethnicity","Scotland","North Lanarkshire","[c]","[c]","[c]","[c]"
"Leaver CS","2022","Unknown","Other ethnicity","Scotland","Orkney Islands","[c]","[c]","[c]","[c]"
"Leaver CS","2022","Unknown","Other ethnicity","Scotland","Perth and Kinross, and Stirling","[c]","[c]","[c]","[c]"
"Leaver CS","2022","Unknown","Other ethnicity","Scotland","Scottish Borders","[c]","[c]","[c]","[c]"
"Leaver CS","2022","Unknown","Other ethnicity","Scotland","Shetland Islands","[c]","[c]","[c]","[c]"
"Leaver CS","2022","Unknown","Other ethnicity","Scotland","South Ayrshire","[c]","[c]","[c]","[c]"
"Leaver CS","2022","Unknown","Other ethnicity","Scotland","South Lanarkshire","[c]","[c]","[c]","[c]"
"Leaver CS","2022","Unknown","Other ethnicity","Scotland","West Lothian","[c]","[c]","[c]","[c]"
"Leaver CS","2022","Unknown","Other ethnicity","South East (England)","Berkshire","[c]","[c]","[c]","[c]"
"Leaver CS","2022","Unknown","Other ethnicity","South East (England)","Brighton and Hove","[c]","[c]","[c]","[c]"
"Leaver CS","2022","Unknown","Other ethnicity","South East (England)","Buckinghamshire","[c]","[c]","[c]","[c]"
"Leaver CS","2022","Unknown","Other ethnicity","South East (England)","Central Hampshire","[c]","[c]","[c]","[c]"
"Leaver CS","2022","Unknown","Other ethnicity","South East (England)","East Kent","[c]","[c]","[c]","[c]"
"Leaver CS","2022","Unknown","Other ethnicity","South East (England)","East Surrey","[c]","[c]","[c]","[c]"
"Leaver CS","2022","Unknown","Other ethnicity","South East (England)","East Sussex CC","[c]","[c]","[c]","[c]"
"Leaver CS","2022","Unknown","Other ethnicity","South East (England)","Isle of Wight","[c]","[c]","[c]","[c]"
"Leaver CS","2022","Unknown","Other ethnicity","South East (England)","Kent Thames Gateway","[c]","[c]","[c]","[c]"
"Leaver CS","2022","Unknown","Other ethnicity","South East (England)","Medway","[c]","[c]","[c]","[c]"
"Leaver CS","2022","Unknown","Other ethnicity","South East (England)","Mid Kent","[c]","[c]","[c]","[c]"
"Leaver CS","2022","Unknown","Other ethnicity","South East (England)","Milton Keynes","[c]","[c]","[c]","[c]"
"Leaver CS","2022","Unknown","Other ethnicity","South East (England)","North Hampshire","[c]","[c]","[c]","[c]"
"Leaver CS","2022","Unknown","Other ethnicity","South East (England)","Oxfordshire CC","[c]","[c]","[c]","[c]"
"Leaver CS","2022","Unknown","Other ethnicity","South East (England)","Portsmouth","[c]","[c]","[c]","[c]"
"Leaver CS","2022","Unknown","Other ethnicity","South East (England)","South Hampshire","[c]","[c]","[c]","[c]"
"Leaver CS","2022","Unknown","Other ethnicity","South East (England)","Southampton","[c]","[c]","[c]","[c]"
"Leaver CS","2022","Unknown","Other ethnicity","South East (England)","West Kent","[c]","[c]","[c]","[c]"
"Leaver CS","2022","Unknown","Other ethnicity","South East (England)","West Surrey","[c]","[c]","[c]","[c]"
"Leaver CS","2022","Unknown","Other ethnicity","South East (England)","West Sussex (North East)","[c]","[c]","[c]","[c]"
"Leaver CS","2022","Unknown","Other ethnicity","South East (England)","West Sussex (South West)","[c]","[c]","[c]","[c]"
"Leaver CS","2022","Unknown","Other ethnicity","South West (England)","Bath and North East Somerset, North Somerset and South Gloucestershire","[c]","[c]","[c]","[c]"
"Leaver CS","2022","Unknown","Other ethnicity","South West (England)","Bournemouth, Christchurch and Poole","[c]","[c]","[c]","[c]"
"Leaver CS","2022","Unknown","Other ethnicity","South West (England)","Bristol, City of","[c]","[c]","[c]","[c]"
"Leaver CS","2022","Unknown","Other ethnicity","South West (England)","Cornwall and Isles of Scilly","[c]","[c]","[c]","[c]"
"Leaver CS","2022","Unknown","Other ethnicity","South West (England)","Devon CC","[c]","[c]","[c]","[c]"
"Leaver CS","2022","Unknown","Other ethnicity","South West (England)","Dorset","[c]","[c]","[c]","[c]"
"Leaver CS","2022","Unknown","Other ethnicity","South West (England)","Gloucestershire CC","[c]","[c]","[c]","[c]"
"Leaver CS","2022","Unknown","Other ethnicity","South West (England)","Plymouth","[c]","[c]","[c]","[c]"
"Leaver CS","2022","Unknown","Other ethnicity","South West (England)","Somerset CC","[c]","[c]","[c]","[c]"
"Leaver CS","2022","Unknown","Other ethnicity","South West (England)","Swindon","[c]","[c]","[c]","[c]"
"Leaver CS","2022","Unknown","Other ethnicity","South West (England)","Torbay","[c]","[c]","[c]","[c]"
"Leaver CS","2022","Unknown","Other ethnicity","South West (England)","Wiltshire","[c]","[c]","[c]","[c]"
"Leaver CS","2022","Unknown","Other ethnicity","Unknown","Unknown","[c]","[c]","[c]","[c]"
"Leaver CS","2022","Unknown","Other ethnicity","Wales","Bridgend and Neath Port Talbot","[c]","[c]","[c]","[c]"
"Leaver CS","2022","Unknown","Other ethnicity","Wales","Cardiff and Vale of Glamorgan","[c]","[c]","[c]","[c]"
"Leaver CS","2022","Unknown","Other ethnicity","Wales","Central Valleys","[c]","[c]","[c]","[c]"
"Leaver CS","2022","Unknown","Other ethnicity","Wales","Conwy and Denbighshire","[c]","[c]","[c]","[c]"
"Leaver CS","2022","Unknown","Other ethnicity","Wales","Flintshire and Wrexham","[c]","[c]","[c]","[c]"
"Leaver CS","2022","Unknown","Other ethnicity","Wales","Gwent Valleys","[c]","[c]","[c]","[c]"
"Leaver CS","2022","Unknown","Other ethnicity","Wales","Gwynedd","[c]","[c]","[c]","[c]"
"Leaver CS","2022","Unknown","Other ethnicity","Wales","Isle of Anglesey","[c]","[c]","[c]","[c]"
"Leaver CS","2022","Unknown","Other ethnicity","Wales","Monmouthshire and Newport","5","[c]","[c]","[c]"
"Leaver CS","2022","Unknown","Other ethnicity","Wales","Powys","[c]","[c]","[c]","[c]"
"Leaver CS","2022","Unknown","Other ethnicity","Wales","South West Wales","[c]","[c]","[c]","[c]"
"Leaver CS","2022","Unknown","Other ethnicity","Wales","Swansea","[c]","[c]","[c]","[c]"
"Leaver CS","2022","Unknown","Other ethnicity","West Midlands (England)","Birmingham","[c]","[c]","[c]","[c]"
"Leaver CS","2022","Unknown","Other ethnicity","West Midlands (England)","Coventry","[c]","[c]","[c]","[c]"
"Leaver CS","2022","Unknown","Other ethnicity","West Midlands (England)","Dudley","[c]","[c]","[c]","[c]"
"Leaver CS","2022","Unknown","Other ethnicity","West Midlands (England)","Herefordshire, County of","[c]","[c]","[c]","[c]"
"Leaver CS","2022","Unknown","Other ethnicity","West Midlands (England)","Sandwell","[c]","[c]","[c]","[c]"
"Leaver CS","2022","Unknown","Other ethnicity","West Midlands (England)","Shropshire","[c]","[c]","[c]","[c]"
"Leaver CS","2022","Unknown","Other ethnicity","West Midlands (England)","Solihull","[c]","[c]","[c]","[c]"
"Leaver CS","2022","Unknown","Other ethnicity","West Midlands (England)","Staffordshire CC","[c]","[c]","[c]","[c]"
"Leaver CS","2022","Unknown","Other ethnicity","West Midlands (England)","Stoke-on-Trent","[c]","[c]","[c]","[c]"
"Leaver CS","2022","Unknown","Other ethnicity","West Midlands (England)","Telford and Wrekin","[c]","[c]","[c]","[c]"
"Leaver CS","2022","Unknown","Other ethnicity","West Midlands (England)","Walsall","[c]","[c]","[c]","[c]"
"Leaver CS","2022","Unknown","Other ethnicity","West Midlands (England)","Warwickshire CC","[c]","[c]","[c]","[c]"
"Leaver CS","2022","Unknown","Other ethnicity","West Midlands (England)","Wolverhampton","[c]","[c]","[c]","[c]"
"Leaver CS","2022","Unknown","Other ethnicity","West Midlands (England)","Worcestershire CC","[c]","[c]","[c]","[c]"
"Leaver CS","2022","Unknown","Other ethnicity","Yorkshire and The Humber","Barnsley, Doncaster and Rotherham","[c]","[c]","[c]","[c]"
"Leaver CS","2022","Unknown","Other ethnicity","Yorkshire and The Humber","Bradford","[c]","[c]","[c]","[c]"
"Leaver CS","2022","Unknown","Other ethnicity","Yorkshire and The Humber","Calderdale and Kirklees","[c]","[c]","[c]","[c]"
"Leaver CS","2022","Unknown","Other ethnicity","Yorkshire and The Humber","East Riding of Yorkshire","[c]","[c]","[c]","[c]"
"Leaver CS","2022","Unknown","Other ethnicity","Yorkshire and The Humber","Kingston upon Hull, City of","[c]","[c]","[c]","[c]"
"Leaver CS","2022","Unknown","Other ethnicity","Yorkshire and The Humber","Leeds","[c]","[c]","[c]","[c]"
"Leaver CS","2022","Unknown","Other ethnicity","Yorkshire and The Humber","North and North East Lincolnshire","[c]","[c]","[c]","[c]"
"Leaver CS","2022","Unknown","Other ethnicity","Yorkshire and The Humber","North Yorkshire CC","[c]","[c]","[c]","[c]"
"Leaver CS","2022","Unknown","Other ethnicity","Yorkshire and The Humber","Sheffield","[c]","[c]","[c]","[c]"
"Leaver CS","2022","Unknown","Other ethnicity","Yorkshire and The Humber","Wakefield","[c]","[c]","[c]","[c]"
"Leaver CS","2022","Unknown","Other ethnicity","Yorkshire and The Humber","York","[c]","[c]","[c]","[c]"
"Leaver CS","2022","Unknown","Undeclared","East Midlands (England)","Leicester","[c]","[c]","[c]","[c]"
"Leaver CS","2022","Unknown","Undeclared","East Midlands (England)","Leicestershire CC and Rutland","[c]","[c]","[c]","[c]"
"Leaver CS","2022","Unknown","Undeclared","East Midlands (England)","Lincolnshire CC","[c]","[c]","[c]","[c]"
"Leaver CS","2022","Unknown","Undeclared","East Midlands (England)","Nottingham","[c]","[c]","[c]","[c]"
"Leaver CS","2022","Unknown","Undeclared","East of England","Cambridgeshire CC","5","[c]","[c]","[c]"
"Leaver CS","2022","Unknown","Undeclared","East of England","Central Bedfordshire","[c]","[c]","[c]","[c]"
"Leaver CS","2022","Unknown","Undeclared","East of England","Heart of Essex","[c]","[c]","[c]","[c]"
"Leaver CS","2022","Unknown","Undeclared","East of England","Hertfordshire CC","[c]","[c]","[c]","[c]"
"Leaver CS","2022","Unknown","Undeclared","East of England","North and West Norfolk","[c]","[c]","[c]","[c]"
"Leaver CS","2022","Unknown","Undeclared","East of England","Suffolk CC","[c]","[c]","[c]","[c]"
"Leaver CS","2022","Unknown","Undeclared","London","Barnet","[c]","[c]","[c]","[c]"
"Leaver CS","2022","Unknown","Undeclared","London","Brent","[c]","[c]","[c]","[c]"
"Leaver CS","2022","Unknown","Undeclared","London","Camden and City of London","5","[c]","[c]","[c]"
"Leaver CS","2022","Unknown","Undeclared","London","Croydon","[c]","[c]","[c]","[c]"
"Leaver CS","2022","Unknown","Undeclared","London","Hackney and Newham","[c]","[c]","[c]","[c]"
"Leaver CS","2022","Unknown","Undeclared","London","Haringey and Islington","[c]","[c]","[c]","[c]"
"Leaver CS","2022","Unknown","Undeclared","London","Lambeth","30","[c]","47010","41340"
"Leaver CS","2022","Unknown","Undeclared","London","Lewisham and Southwark","15","[c]","[c]","[c]"
"Leaver CS","2022","Unknown","Undeclared","London","Tower Hamlets","10","[c]","[c]","[c]"
"Leaver CS","2022","Unknown","Undeclared","London","Westminster","25","[c]","[c]","[c]"
"Leaver CS","2022","Unknown","Undeclared","North East (England)","Durham","[c]","[c]","[c]","[c]"
"Leaver CS","2022","Unknown","Undeclared","North East (England)","Sunderland","[c]","[c]","[c]","[c]"
"Leaver CS","2022","Unknown","Undeclared","North East (England)","Tyneside","5","[c]","[c]","[c]"
"Leaver CS","2022","Unknown","Undeclared","North West (England)","Blackpool","[c]","[c]","[c]","[c]"
"Leaver CS","2022","Unknown","Undeclared","North West (England)","Greater Manchester North East","[c]","[c]","[c]","[c]"
"Leaver CS","2022","Unknown","Undeclared","North West (England)","Liverpool","[c]","[c]","[c]","[c]"
"Leaver CS","2022","Unknown","Undeclared","North West (England)","Manchester","5","[c]","[c]","[c]"
"Leaver CS","2022","Unknown","Undeclared","North West (England)","Sefton","[c]","[c]","[c]","[c]"
"Leaver CS","2022","Unknown","Undeclared","North West (England)","Warrington","[c]","[c]","[c]","[c]"
"Leaver CS","2022","Unknown","Undeclared","Overseas","Overseas","5","[c]","[c]","[c]"
"Leaver CS","2022","Unknown","Undeclared","Scotland","Aberdeen City and Aberdeenshire","[c]","[c]","[c]","[c]"
"Leaver CS","2022","Unknown","Undeclared","Scotland","City of Edinburgh","10","[c]","[c]","[c]"
"Leaver CS","2022","Unknown","Undeclared","Scotland","Clackmannanshire and Fife","[c]","[c]","[c]","[c]"
"Leaver CS","2022","Unknown","Undeclared","Scotland","Dumfries and Galloway","[c]","[c]","[c]","[c]"
"Leaver CS","2022","Unknown","Undeclared","Scotland","East Dunbartonshire, West Dunbartonshire, and Helensburgh and Lomond","5","[c]","[c]","[c]"
"Leaver CS","2022","Unknown","Undeclared","Scotland","Falkirk","[c]","[c]","[c]","[c]"
"Leaver CS","2022","Unknown","Undeclared","Scotland","Glasgow City","5","[c]","[c]","[c]"
"Leaver CS","2022","Unknown","Undeclared","Scotland","North Lanarkshire","[c]","[c]","[c]","[c]"
"Leaver CS","2022","Unknown","Undeclared","Scotland","Perth and Kinross, and Stirling","[c]","[c]","[c]","[c]"
"Leaver CS","2022","Unknown","Undeclared","Scotland","South Lanarkshire","[c]","[c]","[c]","[c]"
"Leaver CS","2022","Unknown","Undeclared","South East (England)","Brighton and Hove","[c]","[c]","[c]","[c]"
"Leaver CS","2022","Unknown","Undeclared","South East (England)","East Kent","[c]","[c]","[c]","[c]"
"Leaver CS","2022","Unknown","Undeclared","South East (England)","East Surrey","[c]","[c]","[c]","[c]"
"Leaver CS","2022","Unknown","Undeclared","South East (England)","Oxfordshire CC","[c]","[c]","[c]","[c]"
"Leaver CS","2022","Unknown","Undeclared","South East (England)","Portsmouth","[c]","[c]","[c]","[c]"
"Leaver CS","2022","Unknown","Undeclared","South East (England)","South Hampshire","50","[c]","23750","20100"
"Leaver CS","2022","Unknown","Undeclared","South East (England)","Southampton","[c]","[c]","[c]","[c]"
"Leaver CS","2022","Unknown","Undeclared","South East (England)","West Surrey","[c]","[c]","[c]","[c]"
"Leaver CS","2022","Unknown","Undeclared","South West (England)","Bath and North East Somerset, North Somerset and South Gloucestershire","10","[c]","[c]","[c]"
"Leaver CS","2022","Unknown","Undeclared","South West (England)","Bristol, City of","[c]","[c]","[c]","[c]"
"Leaver CS","2022","Unknown","Undeclared","South West (England)","Dorset","[c]","[c]","[c]","[c]"
"Leaver CS","2022","Unknown","Undeclared","South West (England)","Plymouth","[c]","[c]","[c]","[c]"
"Leaver CS","2022","Unknown","Undeclared","South West (England)","Somerset CC","[c]","[c]","[c]","[c]"
"Leaver CS","2022","Unknown","Undeclared","South West (England)","Wiltshire","10","[c]","[c]","[c]"
"Leaver CS","2022","Unknown","Undeclared","Wales","Cardiff and Vale of Glamorgan","[c]","[c]","[c]","[c]"
"Leaver CS","2022","Unknown","Undeclared","Wales","Monmouthshire and Newport","55","[c]","27200","23050"
"Leaver CS","2022","Unknown","Undeclared","Wales","Swansea","[c]","[c]","[c]","[c]"
"Leaver CS","2022","Unknown","Undeclared","West Midlands (England)","Birmingham","[c]","[c]","[c]","[c]"
"Leaver CS","2022","Unknown","Undeclared","West Midlands (England)","Coventry","[c]","[c]","[c]","[c]"
"Leaver CS","2022","Unknown","Undeclared","West Midlands (England)","Stoke-on-Trent","[c]","[c]","[c]","[c]"
"Leaver CS","2022","Unknown","Undeclared","Yorkshire and The Humber","Bradford","[c]","[c]","[c]","[c]"
"Leaver CS","2022","Unknown","Undeclared","Yorkshire and The Humber","East Riding of Yorkshire","[c]","[c]","[c]","[c]"
"Leaver CS","2022","Unknown","Undeclared","Yorkshire and The Humber","Kingston upon Hull, City of","[c]","[c]","[c]","[c]"
"Leaver CS","2022","Unknown","Undeclared","Yorkshire and The Humber","Leeds","25","[c]","[c]","[c]"
"Leaver CS","2022","Unknown","Undeclared","Yorkshire and The Humber","North Yorkshire CC","[c]","[c]","[c]","[c]"
"Leaver CS","2022","Unknown","Unknown","East Midlands (England)","Derby","25","[c]","[c]","[c]"
"Leaver CS","2022","Unknown","Unknown","East Midlands (England)","East Derbyshire","5","[c]","[c]","[c]"
"Leaver CS","2022","Unknown","Unknown","East Midlands (England)","Leicester","90","[c]","22090","21260"
"Leaver CS","2022","Unknown","Unknown","East Midlands (England)","Leicestershire CC and Rutland","50","[c]","[c]","[c]"
"Leaver CS","2022","Unknown","Unknown","East Midlands (England)","Lincolnshire CC","25","[c]","[c]","[c]"
"Leaver CS","2022","Unknown","Unknown","East Midlands (England)","North Northamptonshire","10","[c]","[c]","[c]"
"Leaver CS","2022","Unknown","Unknown","East Midlands (England)","North Nottinghamshire","15","[c]","[c]","[c]"
"Leaver CS","2022","Unknown","Unknown","East Midlands (England)","Nottingham","120","[c]","24650","21730"
"Leaver CS","2022","Unknown","Unknown","East Midlands (England)","South and West Derbyshire","10","[c]","[c]","[c]"
"Leaver CS","2022","Unknown","Unknown","East Midlands (England)","South Nottinghamshire","15","[c]","[c]","[c]"
"Leaver CS","2022","Unknown","Unknown","East Midlands (England)","West Northamptonshire","45","[c]","[c]","[c]"
"Leaver CS","2022","Unknown","Unknown","East of England","Bedford","30","[c]","[c]","[c]"
"Leaver CS","2022","Unknown","Unknown","East of England","Breckland and South Norfolk","20","[c]","[c]","[c]"
"Leaver CS","2022","Unknown","Unknown","East of England","Cambridgeshire CC","35","[c]","[c]","[c]"
"Leaver CS","2022","Unknown","Unknown","East of England","Central Bedfordshire","[c]","[c]","[c]","[c]"
"Leaver CS","2022","Unknown","Unknown","East of England","Essex Haven Gateway","10","[c]","[c]","[c]"
"Leaver CS","2022","Unknown","Unknown","East of England","Essex Thames Gateway","10","[c]","[c]","[c]"
"Leaver CS","2022","Unknown","Unknown","East of England","Heart of Essex","45","[c]","[c]","[c]"
"Leaver CS","2022","Unknown","Unknown","East of England","Hertfordshire CC","35","[c]","[c]","[c]"
"Leaver CS","2022","Unknown","Unknown","East of England","Luton","15","[c]","[c]","[c]"
"Leaver CS","2022","Unknown","Unknown","East of England","North and West Norfolk","10","[c]","[c]","[c]"
"Leaver CS","2022","Unknown","Unknown","East of England","Norwich and East Norfolk","30","[c]","[c]","[c]"
"Leaver CS","2022","Unknown","Unknown","East of England","Peterborough","5","[c]","[c]","[c]"
"Leaver CS","2022","Unknown","Unknown","East of England","Southend-on-Sea","20","[c]","[c]","[c]"
"Leaver CS","2022","Unknown","Unknown","East of England","Suffolk CC","50","[c]","[c]","[c]"
"Leaver CS","2022","Unknown","Unknown","East of England","Thurrock","[c]","[c]","[c]","[c]"
"Leaver CS","2022","Unknown","Unknown","East of England","West Essex","[c]","[c]","[c]","[c]"
"Leaver CS","2022","Unknown","Unknown","London","Barking & Dagenham and Havering","10","[c]","[c]","[c]"
"Leaver CS","2022","Unknown","Unknown","London","Barnet","15","[c]","[c]","[c]"
"Leaver CS","2022","Unknown","Unknown","London","Bexley and Greenwich","60","[c]","[c]","[c]"
"Leaver CS","2022","Unknown","Unknown","London","Brent","10","[c]","[c]","[c]"
"Leaver CS","2022","Unknown","Unknown","London","Bromley","5","[c]","[c]","[c]"
"Leaver CS","2022","Unknown","Unknown","London","Camden and City of London","45","[c]","27080","23720"
"Leaver CS","2022","Unknown","Unknown","London","Croydon","120","[c]","33650","29630"
"Leaver CS","2022","Unknown","Unknown","London","Ealing","10","[c]","[c]","[c]"
"Leaver CS","2022","Unknown","Unknown","London","Enfield","5","[c]","[c]","[c]"
"Leaver CS","2022","Unknown","Unknown","London","Hackney and Newham","65","[c]","[c]","[c]"
"Leaver CS","2022","Unknown","Unknown","London","Haringey and Islington","65","[c]","25570","23720"
"Leaver CS","2022","Unknown","Unknown","London","Harrow and Hillingdon","35","[c]","28100","28650"
"Leaver CS","2022","Unknown","Unknown","London","Hounslow and Richmond upon Thames","70","[c]","31850","23720"
"Leaver CS","2022","Unknown","Unknown","London","Kensington & Chelsea and Hammersmith & Fulham","30","[c]","[c]","[c]"
"Leaver CS","2022","Unknown","Unknown","London","Lambeth","40","[c]","[c]","[c]"
"Leaver CS","2022","Unknown","Unknown","London","Lewisham and Southwark","30","[c]","[c]","[c]"
"Leaver CS","2022","Unknown","Unknown","London","Merton, Kingston upon Thames and Sutton","15","[c]","[c]","[c]"
"Leaver CS","2022","Unknown","Unknown","London","Redbridge and Waltham Forest","30","[c]","[c]","[c]"
"Leaver CS","2022","Unknown","Unknown","London","Tower Hamlets","85","[c]","39170","32870"
"Leaver CS","2022","Unknown","Unknown","London","Wandsworth","50","[c]","[c]","[c]"
"Leaver CS","2022","Unknown","Unknown","London","Westminster","1325","[c]","43510","36800"
"Leaver CS","2022","Unknown","Unknown","North East (England)","Darlington","5","[c]","[c]","[c]"
"Leaver CS","2022","Unknown","Unknown","North East (England)","Durham","80","[c]","23180","22030"
"Leaver CS","2022","Unknown","Unknown","North East (England)","Hartlepool and Stockton-on-Tees","15","[c]","[c]","[c]"
"Leaver CS","2022","Unknown","Unknown","North East (England)","Northumberland","[c]","[c]","[c]","[c]"
"Leaver CS","2022","Unknown","Unknown","North East (England)","South Teesside","[c]","[c]","[c]","[c]"
"Leaver CS","2022","Unknown","Unknown","North East (England)","Sunderland","55","[c]","[c]","[c]"
"Leaver CS","2022","Unknown","Unknown","North East (England)","Tyneside","290","[c]","27860","21590"
"Leaver CS","2022","Unknown","Unknown","North West (England)","Blackburn with Darwen","[c]","[c]","[c]","[c]"
"Leaver CS","2022","Unknown","Unknown","North West (England)","Blackpool","50","[c]","24550","21260"
"Leaver CS","2022","Unknown","Unknown","North West (England)","Cheshire East","15","[c]","[c]","[c]"
"Leaver CS","2022","Unknown","Unknown","North West (England)","Cheshire West and Chester","[c]","[c]","[c]","[c]"
"Leaver CS","2022","Unknown","Unknown","North West (England)","Chorley and West Lancashire","35","[c]","[c]","[c]"
"Leaver CS","2022","Unknown","Unknown","North West (England)","East Cumbria","5","[c]","[c]","[c]"
"Leaver CS","2022","Unknown","Unknown","North West (England)","East Lancashire","5","[c]","[c]","[c]"
"Leaver CS","2022","Unknown","Unknown","North West (England)","East Merseyside","15","[c]","[c]","[c]"
"Leaver CS","2022","Unknown","Unknown","North West (England)","Greater Manchester North East","20","[c]","[c]","[c]"
"Leaver CS","2022","Unknown","Unknown","North West (England)","Greater Manchester North West","15","[c]","[c]","[c]"
"Leaver CS","2022","Unknown","Unknown","North West (England)","Greater Manchester South East","20","[c]","[c]","[c]"
"Leaver CS","2022","Unknown","Unknown","North West (England)","Greater Manchester South West","125","[c]","[c]","[c]"
"Leaver CS","2022","Unknown","Unknown","North West (England)","Lancaster and Wyre","10","[c]","[c]","[c]"
"Leaver CS","2022","Unknown","Unknown","North West (England)","Liverpool","105","[c]","30520","24880"
"Leaver CS","2022","Unknown","Unknown","North West (England)","Manchester","130","[c]","30130","26710"
"Leaver CS","2022","Unknown","Unknown","North West (England)","Mid Lancashire","70","[c]","25570","21260"
"Leaver CS","2022","Unknown","Unknown","North West (England)","Sefton","65","[c]","28010","26860"
"Leaver CS","2022","Unknown","Unknown","North West (England)","Warrington","20","[c]","[c]","[c]"
"Leaver CS","2022","Unknown","Unknown","North West (England)","West Cumbria","5","[c]","[c]","[c]"
"Leaver CS","2022","Unknown","Unknown","North West (England)","Wirral","20","[c]","[c]","[c]"
"Leaver CS","2022","Unknown","Unknown","Northern Ireland","Antrim and Newtownabbey","[c]","[c]","[c]","[c]"
"Leaver CS","2022","Unknown","Unknown","Northern Ireland","Belfast","40","[c]","[c]","[c]"
"Leaver CS","2022","Unknown","Unknown","Northern Ireland","Lisburn and Castlereagh","[c]","[c]","[c]","[c]"
"Leaver CS","2022","Unknown","Unknown","Northern Ireland","Newry, Mourne and Down","[c]","[c]","[c]","[c]"
"Leaver CS","2022","Unknown","Unknown","Overseas","Overseas","35","[c]","44300","41600"
"Leaver CS","2022","Unknown","Unknown","Scotland","Aberdeen City and Aberdeenshire","45","[c]","28530","26900"
"Leaver CS","2022","Unknown","Unknown","Scotland","Angus and Dundee City","60","[c]","[c]","[c]"
"Leaver CS","2022","Unknown","Unknown","Scotland","Caithness and Sutherland, and Ross and Cromarty","[c]","[c]","[c]","[c]"
"Leaver CS","2022","Unknown","Unknown","Scotland","City of Edinburgh","315","[c]","34980","31540"
"Leaver CS","2022","Unknown","Unknown","Scotland","Clackmannanshire and Fife","30","[c]","[c]","[c]"
"Leaver CS","2022","Unknown","Unknown","Scotland","Dumfries and Galloway","10","[c]","[c]","[c]"
"Leaver CS","2022","Unknown","Unknown","Scotland","East Ayrshire and North Ayrshire mainland","10","[c]","[c]","[c]"
"Leaver CS","2022","Unknown","Unknown","Scotland","East Dunbartonshire, West Dunbartonshire, and Helensburgh and Lomond","30","[c]","25110","22550"
"Leaver CS","2022","Unknown","Unknown","Scotland","Falkirk","50","[c]","27640","23550"
"Leaver CS","2022","Unknown","Unknown","Scotland","Glasgow City","140","[c]","31710","27230"
"Leaver CS","2022","Unknown","Unknown","Scotland","Inverclyde, East Renfrewshire, and Renfrewshire","25","[c]","[c]","[c]"
"Leaver CS","2022","Unknown","Unknown","Scotland","Inverness and Nairn, Moray, and Badenoch and Strathspey","15","[c]","[c]","[c]"
"Leaver CS","2022","Unknown","Unknown","Scotland","Lochaber, Skye and Lochalsh, Arran and Cumbrae, and Argyll and Bute","[c]","[c]","[c]","[c]"
"Leaver CS","2022","Unknown","Unknown","Scotland","Na h-Eileanan Siar","[c]","[c]","[c]","[c]"
"Leaver CS","2022","Unknown","Unknown","Scotland","North Lanarkshire","55","[c]","[c]","[c]"
"Leaver CS","2022","Unknown","Unknown","Scotland","Perth and Kinross, and Stirling","45","[c]","30610","30450"
"Leaver CS","2022","Unknown","Unknown","Scotland","Scottish Borders","5","[c]","[c]","[c]"
"Leaver CS","2022","Unknown","Unknown","Scotland","Shetland Islands","[c]","[c]","[c]","[c]"
"Leaver CS","2022","Unknown","Unknown","Scotland","South Ayrshire","5","[c]","[c]","[c]"
"Leaver CS","2022","Unknown","Unknown","Scotland","South Lanarkshire","95","[c]","32260","27570"
"Leaver CS","2022","Unknown","Unknown","Scotland","West Lothian","15","[c]","[c]","[c]"
"Leaver CS","2022","Unknown","Unknown","South East (England)","Berkshire","60","[c]","31650","27140"
"Leaver CS","2022","Unknown","Unknown","South East (England)","Brighton and Hove","10","[c]","[c]","[c]"
"Leaver CS","2022","Unknown","Unknown","South East (England)","Buckinghamshire","25","[c]","[c]","[c]"
"Leaver CS","2022","Unknown","Unknown","South East (England)","Central Hampshire","35","[c]","[c]","[c]"
"Leaver CS","2022","Unknown","Unknown","South East (England)","East Kent","35","[c]","[c]","[c]"
"Leaver CS","2022","Unknown","Unknown","South East (England)","East Surrey","25","[c]","[c]","[c]"
"Leaver CS","2022","Unknown","Unknown","South East (England)","East Sussex CC","30","[c]","[c]","[c]"
"Leaver CS","2022","Unknown","Unknown","South East (England)","Isle of Wight","5","[c]","[c]","[c]"
"Leaver CS","2022","Unknown","Unknown","South East (England)","Kent Thames Gateway","45","[c]","[c]","[c]"
"Leaver CS","2022","Unknown","Unknown","South East (England)","Medway","30","[c]","[c]","[c]"
"Leaver CS","2022","Unknown","Unknown","South East (England)","Mid Kent","15","[c]","[c]","[c]"
"Leaver CS","2022","Unknown","Unknown","South East (England)","Milton Keynes","45","[c]","[c]","[c]"
"Leaver CS","2022","Unknown","Unknown","South East (England)","North Hampshire","15","[c]","[c]","[c]"
"Leaver CS","2022","Unknown","Unknown","South East (England)","Oxfordshire CC","80","[c]","28510","22750"
"Leaver CS","2022","Unknown","Unknown","South East (England)","Portsmouth","50","[c]","[c]","[c]"
"Leaver CS","2022","Unknown","Unknown","South East (England)","South Hampshire","15","[c]","[c]","[c]"
"Leaver CS","2022","Unknown","Unknown","South East (England)","Southampton","20","[c]","[c]","[c]"
"Leaver CS","2022","Unknown","Unknown","South East (England)","West Kent","[c]","[c]","[c]","[c]"
"Leaver CS","2022","Unknown","Unknown","South East (England)","West Surrey","45","[c]","[c]","[c]"
"Leaver CS","2022","Unknown","Unknown","South East (England)","West Sussex (North East)","10","[c]","[c]","[c]"
"Leaver CS","2022","Unknown","Unknown","South East (England)","West Sussex (South West)","20","[c]","[c]","[c]"
"Leaver CS","2022","Unknown","Unknown","South West (England)","Bath and North East Somerset, North Somerset and South Gloucestershire","130","[c]","28360","23440"
"Leaver CS","2022","Unknown","Unknown","South West (England)","Bournemouth, Christchurch and Poole","10","[c]","[c]","[c]"
"Leaver CS","2022","Unknown","Unknown","South West (England)","Bristol, City of","130","[c]","28200","21590"
"Leaver CS","2022","Unknown","Unknown","South West (England)","Cornwall and Isles of Scilly","20","[c]","[c]","[c]"
"Leaver CS","2022","Unknown","Unknown","South West (England)","Devon CC","50","[c]","[c]","[c]"
"Leaver CS","2022","Unknown","Unknown","South West (England)","Dorset","30","[c]","[c]","[c]"
"Leaver CS","2022","Unknown","Unknown","South West (England)","Gloucestershire CC","10","[c]","[c]","[c]"
"Leaver CS","2022","Unknown","Unknown","South West (England)","Plymouth","40","[c]","28820","25680"
"Leaver CS","2022","Unknown","Unknown","South West (England)","Somerset CC","30","[c]","[c]","[c]"
"Leaver CS","2022","Unknown","Unknown","South West (England)","Swindon","30","[c]","[c]","[c]"
"Leaver CS","2022","Unknown","Unknown","South West (England)","Torbay","[c]","[c]","[c]","[c]"
"Leaver CS","2022","Unknown","Unknown","South West (England)","Wiltshire","45","[c]","32460","30370"
"Leaver CS","2022","Unknown","Unknown","Unknown","Unknown","680","[c]","35400","31990"
"Leaver CS","2022","Unknown","Unknown","Wales","Bridgend and Neath Port Talbot","[c]","[c]","[c]","[c]"
"Leaver CS","2022","Unknown","Unknown","Wales","Cardiff and Vale of Glamorgan","140","[c]","31210","23610"
"Leaver CS","2022","Unknown","Unknown","Wales","Central Valleys","25","[c]","[c]","[c]"
"Leaver CS","2022","Unknown","Unknown","Wales","Conwy and Denbighshire","[c]","[c]","[c]","[c]"
"Leaver CS","2022","Unknown","Unknown","Wales","Flintshire and Wrexham","50","[c]","[c]","[c]"
"Leaver CS","2022","Unknown","Unknown","Wales","Gwent Valleys","[c]","[c]","[c]","[c]"
"Leaver CS","2022","Unknown","Unknown","Wales","Gwynedd","10","[c]","[c]","[c]"
"Leaver CS","2022","Unknown","Unknown","Wales","Isle of Anglesey","[c]","[c]","[c]","[c]"
"Leaver CS","2022","Unknown","Unknown","Wales","Monmouthshire and Newport","45","[c]","27560","24030"
"Leaver CS","2022","Unknown","Unknown","Wales","Powys","5","[c]","[c]","[c]"
"Leaver CS","2022","Unknown","Unknown","Wales","South West Wales","10","[c]","[c]","[c]"
"Leaver CS","2022","Unknown","Unknown","Wales","Swansea","30","[c]","[c]","[c]"
"Leaver CS","2022","Unknown","Unknown","West Midlands (England)","Birmingham","205","[c]","28430","24890"
"Leaver CS","2022","Unknown","Unknown","West Midlands (England)","Coventry","25","[c]","[c]","[c]"
"Leaver CS","2022","Unknown","Unknown","West Midlands (England)","Dudley","15","[c]","[c]","[c]"
"Leaver CS","2022","Unknown","Unknown","West Midlands (England)","Herefordshire, County of","5","[c]","[c]","[c]"
"Leaver CS","2022","Unknown","Unknown","West Midlands (England)","Sandwell","[c]","[c]","[c]","[c]"
"Leaver CS","2022","Unknown","Unknown","West Midlands (England)","Shropshire","10","[c]","[c]","[c]"
"Leaver CS","2022","Unknown","Unknown","West Midlands (England)","Solihull","5","[c]","[c]","[c]"
"Leaver CS","2022","Unknown","Unknown","West Midlands (England)","Staffordshire CC","70","[c]","[c]","[c]"
"Leaver CS","2022","Unknown","Unknown","West Midlands (England)","Stoke-on-Trent","20","[c]","[c]","[c]"
"Leaver CS","2022","Unknown","Unknown","West Midlands (England)","Telford and Wrekin","15","[c]","[c]","[c]"
"Leaver CS","2022","Unknown","Unknown","West Midlands (England)","Walsall","5","[c]","[c]","[c]"
"Leaver CS","2022","Unknown","Unknown","West Midlands (England)","Warwickshire CC","25","[c]","[c]","[c]"
"Leaver CS","2022","Unknown","Unknown","West Midlands (England)","Wolverhampton","10","[c]","[c]","[c]"
"Leaver CS","2022","Unknown","Unknown","West Midlands (England)","Worcestershire CC","40","[c]","[c]","[c]"
"Leaver CS","2022","Unknown","Unknown","Yorkshire and The Humber","Barnsley, Doncaster and Rotherham","55","[c]","[c]","[c]"
"Leaver CS","2022","Unknown","Unknown","Yorkshire and The Humber","Bradford","85","[c]","23690","21260"
"Leaver CS","2022","Unknown","Unknown","Yorkshire and The Humber","Calderdale and Kirklees","25","[c]","[c]","[c]"
"Leaver CS","2022","Unknown","Unknown","Yorkshire and The Humber","East Riding of Yorkshire","20","[c]","[c]","[c]"
"Leaver CS","2022","Unknown","Unknown","Yorkshire and The Humber","Kingston upon Hull, City of","20","[c]","[c]","[c]"
"Leaver CS","2022","Unknown","Unknown","Yorkshire and The Humber","Leeds","310","[c]","35760","27570"
"Leaver CS","2022","Unknown","Unknown","Yorkshire and The Humber","North and North East Lincolnshire","10","[c]","[c]","[c]"
"Leaver CS","2022","Unknown","Unknown","Yorkshire and The Humber","North Yorkshire CC","20","[c]","[c]","[c]"
"Leaver CS","2022","Unknown","Unknown","Yorkshire and The Humber","Sheffield","60","[c]","31850","27020"
"Leaver CS","2022","Unknown","Unknown","Yorkshire and The Humber","Wakefield","20","[c]","[c]","[c]"
"Leaver CS","2022","Unknown","Unknown","Yorkshire and The Humber","York","35","[c]","[c]","[c]"
"Leaver CS","2022","Unknown","White","East Midlands (England)","Derby","[c]","[c]","[c]","[c]"
"Leaver CS","2022","Unknown","White","East Midlands (England)","East Derbyshire","[c]","[c]","[c]","[c]"
"Leaver CS","2022","Unknown","White","East Midlands (England)","Leicester","20","[c]","[c]","[c]"
"Leaver CS","2022","Unknown","White","East Midlands (England)","Leicestershire CC and Rutland","10","[c]","[c]","[c]"
"Leaver CS","2022","Unknown","White","East Midlands (England)","Lincolnshire CC","5","[c]","[c]","[c]"
"Leaver CS","2022","Unknown","White","East Midlands (England)","North Northamptonshire","[c]","[c]","[c]","[c]"
"Leaver CS","2022","Unknown","White","East Midlands (England)","North Nottinghamshire","[c]","[c]","[c]","[c]"
"Leaver CS","2022","Unknown","White","East Midlands (England)","Nottingham","25","[c]","[c]","[c]"
"Leaver CS","2022","Unknown","White","East Midlands (England)","South and West Derbyshire","[c]","[c]","[c]","[c]"
"Leaver CS","2022","Unknown","White","East Midlands (England)","South Nottinghamshire","[c]","[c]","[c]","[c]"
"Leaver CS","2022","Unknown","White","East Midlands (England)","West Northamptonshire","[c]","[c]","[c]","[c]"
"Leaver CS","2022","Unknown","White","East of England","Bedford","5","[c]","[c]","[c]"
"Leaver CS","2022","Unknown","White","East of England","Breckland and South Norfolk","[c]","[c]","[c]","[c]"
"Leaver CS","2022","Unknown","White","East of England","Cambridgeshire CC","30","[c]","[c]","[c]"
"Leaver CS","2022","Unknown","White","East of England","Central Bedfordshire","[c]","[c]","[c]","[c]"
"Leaver CS","2022","Unknown","White","East of England","Essex Haven Gateway","[c]","[c]","[c]","[c]"
"Leaver CS","2022","Unknown","White","East of England","Essex Thames Gateway","[c]","[c]","[c]","[c]"
"Leaver CS","2022","Unknown","White","East of England","Heart of Essex","[c]","[c]","[c]","[c]"
"Leaver CS","2022","Unknown","White","East of England","Hertfordshire CC","35","[c]","39800","38790"
"Leaver CS","2022","Unknown","White","East of England","Luton","[c]","[c]","[c]","[c]"
"Leaver CS","2022","Unknown","White","East of England","North and West Norfolk","[c]","[c]","[c]","[c]"
"Leaver CS","2022","Unknown","White","East of England","Norwich and East Norfolk","[c]","[c]","[c]","[c]"
"Leaver CS","2022","Unknown","White","East of England","Peterborough","[c]","[c]","[c]","[c]"
"Leaver CS","2022","Unknown","White","East of England","Southend-on-Sea","5","[c]","[c]","[c]"
"Leaver CS","2022","Unknown","White","East of England","Suffolk CC","25","[c]","[c]","[c]"
"Leaver CS","2022","Unknown","White","East of England","Thurrock","[c]","[c]","[c]","[c]"
"Leaver CS","2022","Unknown","White","East of England","West Essex","5","[c]","[c]","[c]"
"Leaver CS","2022","Unknown","White","London","Barking & Dagenham and Havering","[c]","[c]","[c]","[c]"
"Leaver CS","2022","Unknown","White","London","Barnet","20","[c]","[c]","[c]"
"Leaver CS","2022","Unknown","White","London","Bexley and Greenwich","[c]","[c]","[c]","[c]"
"Leaver CS","2022","Unknown","White","London","Brent","[c]","[c]","[c]","[c]"
"Leaver CS","2022","Unknown","White","London","Bromley","[c]","[c]","[c]","[c]"
"Leaver CS","2022","Unknown","White","London","Camden and City of London","15","[c]","[c]","[c]"
"Leaver CS","2022","Unknown","White","London","Croydon","10","[c]","[c]","[c]"
"Leaver CS","2022","Unknown","White","London","Ealing","[c]","[c]","[c]","[c]"
"Leaver CS","2022","Unknown","White","London","Enfield","[c]","[c]","[c]","[c]"
"Leaver CS","2022","Unknown","White","London","Hackney and Newham","15","[c]","[c]","[c]"
"Leaver CS","2022","Unknown","White","London","Haringey and Islington","[c]","[c]","[c]","[c]"
"Leaver CS","2022","Unknown","White","London","Harrow and Hillingdon","[c]","[c]","[c]","[c]"
"Leaver CS","2022","Unknown","White","London","Hounslow and Richmond upon Thames","15","[c]","[c]","[c]"
"Leaver CS","2022","Unknown","White","London","Kensington & Chelsea and Hammersmith & Fulham","[c]","[c]","[c]","[c]"
"Leaver CS","2022","Unknown","White","London","Lambeth","90","[c]","52390","41070"
"Leaver CS","2022","Unknown","White","London","Lewisham and Southwark","20","[c]","[c]","[c]"
"Leaver CS","2022","Unknown","White","London","Merton, Kingston upon Thames and Sutton","[c]","[c]","[c]","[c]"
"Leaver CS","2022","Unknown","White","London","Redbridge and Waltham Forest","[c]","[c]","[c]","[c]"
"Leaver CS","2022","Unknown","White","London","Tower Hamlets","70","[c]","57050","53830"
"Leaver CS","2022","Unknown","White","London","Wandsworth","[c]","[c]","[c]","[c]"
"Leaver CS","2022","Unknown","White","London","Westminster","170","[c]","43150","40230"
"Leaver CS","2022","Unknown","White","North East (England)","Darlington","[c]","[c]","[c]","[c]"
"Leaver CS","2022","Unknown","White","North East (England)","Durham","10","[c]","[c]","[c]"
"Leaver CS","2022","Unknown","White","North East (England)","Hartlepool and Stockton-on-Tees","[c]","[c]","[c]","[c]"
"Leaver CS","2022","Unknown","White","North East (England)","Northumberland","[c]","[c]","[c]","[c]"
"Leaver CS","2022","Unknown","White","North East (England)","South Teesside","[c]","[c]","[c]","[c]"
"Leaver CS","2022","Unknown","White","North East (England)","Sunderland","25","[c]","[c]","[c]"
"Leaver CS","2022","Unknown","White","North East (England)","Tyneside","70","[c]","[c]","[c]"
"Leaver CS","2022","Unknown","White","North West (England)","Blackburn with Darwen","[c]","[c]","[c]","[c]"
"Leaver CS","2022","Unknown","White","North West (England)","Blackpool","5","[c]","[c]","[c]"
"Leaver CS","2022","Unknown","White","North West (England)","Cheshire East","[c]","[c]","[c]","[c]"
"Leaver CS","2022","Unknown","White","North West (England)","Cheshire West and Chester","[c]","[c]","[c]","[c]"
"Leaver CS","2022","Unknown","White","North West (England)","Chorley and West Lancashire","5","[c]","[c]","[c]"
"Leaver CS","2022","Unknown","White","North West (England)","East Cumbria","[c]","[c]","[c]","[c]"
"Leaver CS","2022","Unknown","White","North West (England)","East Lancashire","[c]","[c]","[c]","[c]"
"Leaver CS","2022","Unknown","White","North West (England)","East Merseyside","[c]","[c]","[c]","[c]"
"Leaver CS","2022","Unknown","White","North West (England)","Greater Manchester North East","[c]","[c]","[c]","[c]"
"Leaver CS","2022","Unknown","White","North West (England)","Greater Manchester North West","[c]","[c]","[c]","[c]"
"Leaver CS","2022","Unknown","White","North West (England)","Greater Manchester South East","[c]","[c]","[c]","[c]"
"Leaver CS","2022","Unknown","White","North West (England)","Greater Manchester South West","30","[c]","[c]","[c]"
"Leaver CS","2022","Unknown","White","North West (England)","Lancaster and Wyre","[c]","[c]","[c]","[c]"
"Leaver CS","2022","Unknown","White","North West (England)","Liverpool","30","[c]","[c]","[c]"
"Leaver CS","2022","Unknown","White","North West (England)","Manchester","30","[c]","[c]","[c]"
"Leaver CS","2022","Unknown","White","North West (England)","Mid Lancashire","20","[c]","[c]","[c]"
"Leaver CS","2022","Unknown","White","North West (England)","Sefton","25","[c]","[c]","[c]"
"Leaver CS","2022","Unknown","White","North West (England)","Warrington","30","[c]","38500","34140"
"Leaver CS","2022","Unknown","White","North West (England)","West Cumbria","[c]","[c]","[c]","[c]"
"Leaver CS","2022","Unknown","White","North West (England)","Wirral","5","[c]","[c]","[c]"
"Leaver CS","2022","Unknown","White","Northern Ireland","Antrim and Newtownabbey","[c]","[c]","[c]","[c]"
"Leaver CS","2022","Unknown","White","Northern Ireland","Ards and North Down","[c]","[c]","[c]","[c]"
"Leaver CS","2022","Unknown","White","Northern Ireland","Belfast","10","[c]","[c]","[c]"
"Leaver CS","2022","Unknown","White","Northern Ireland","Causeway Coast and Glens","[c]","[c]","[c]","[c]"
"Leaver CS","2022","Unknown","White","Northern Ireland","Derry City and Strabane","[c]","[c]","[c]","[c]"
"Leaver CS","2022","Unknown","White","Northern Ireland","Fermanagh and Omagh","[c]","[c]","[c]","[c]"
"Leaver CS","2022","Unknown","White","Northern Ireland","Lisburn and Castlereagh","[c]","[c]","[c]","[c]"
"Leaver CS","2022","Unknown","White","Northern Ireland","Mid and East Antrim","[c]","[c]","[c]","[c]"
"Leaver CS","2022","Unknown","White","Northern Ireland","Newry, Mourne and Down","[c]","[c]","[c]","[c]"
"Leaver CS","2022","Unknown","White","Overseas","Overseas","20","[c]","[c]","[c]"
"Leaver CS","2022","Unknown","White","Scotland","Aberdeen City and Aberdeenshire","15","[c]","[c]","[c]"
"Leaver CS","2022","Unknown","White","Scotland","Angus and Dundee City","15","[c]","[c]","[c]"
"Leaver CS","2022","Unknown","White","Scotland","Caithness and Sutherland, and Ross and Cromarty","[c]","[c]","[c]","[c]"
"Leaver CS","2022","Unknown","White","Scotland","City of Edinburgh","85","[c]","37420","35000"
"Leaver CS","2022","Unknown","White","Scotland","Clackmannanshire and Fife","10","[c]","[c]","[c]"
"Leaver CS","2022","Unknown","White","Scotland","Dumfries and Galloway","10","[c]","[c]","[c]"
"Leaver CS","2022","Unknown","White","Scotland","East Ayrshire and North Ayrshire mainland","[c]","[c]","[c]","[c]"
"Leaver CS","2022","Unknown","White","Scotland","East Dunbartonshire, West Dunbartonshire, and Helensburgh and Lomond","25","[c]","[c]","[c]"
"Leaver CS","2022","Unknown","White","Scotland","East Lothian and Midlothian","[c]","[c]","[c]","[c]"
"Leaver CS","2022","Unknown","White","Scotland","Falkirk","[c]","[c]","[c]","[c]"
"Leaver CS","2022","Unknown","White","Scotland","Glasgow City","45","[c]","43420","35000"
"Leaver CS","2022","Unknown","White","Scotland","Inverclyde, East Renfrewshire, and Renfrewshire","[c]","[c]","[c]","[c]"
"Leaver CS","2022","Unknown","White","Scotland","Inverness and Nairn, Moray, and Badenoch and Strathspey","10","[c]","[c]","[c]"
"Leaver CS","2022","Unknown","White","Scotland","Lochaber, Skye and Lochalsh, Arran and Cumbrae, and Argyll and Bute","[c]","[c]","[c]","[c]"
"Leaver CS","2022","Unknown","White","Scotland","Na h-Eileanan Siar","[c]","[c]","[c]","[c]"
"Leaver CS","2022","Unknown","White","Scotland","North Lanarkshire","15","[c]","[c]","[c]"
"Leaver CS","2022","Unknown","White","Scotland","Orkney Islands","[c]","[c]","[c]","[c]"
"Leaver CS","2022","Unknown","White","Scotland","Perth and Kinross, and Stirling","20","[c]","[c]","[c]"
"Leaver CS","2022","Unknown","White","Scotland","Scottish Borders","[c]","[c]","[c]","[c]"
"Leaver CS","2022","Unknown","White","Scotland","Shetland Islands","[c]","[c]","[c]","[c]"
"Leaver CS","2022","Unknown","White","Scotland","South Ayrshire","[c]","[c]","[c]","[c]"
"Leaver CS","2022","Unknown","White","Scotland","South Lanarkshire","20","[c]","[c]","[c]"
"Leaver CS","2022","Unknown","White","Scotland","West Lothian","[c]","[c]","[c]","[c]"
"Leaver CS","2022","Unknown","White","South East (England)","Berkshire","25","[c]","[c]","[c]"
"Leaver CS","2022","Unknown","White","South East (England)","Brighton and Hove","[c]","[c]","[c]","[c]"
"Leaver CS","2022","Unknown","White","South East (England)","Buckinghamshire","5","[c]","[c]","[c]"
"Leaver CS","2022","Unknown","White","South East (England)","Central Hampshire","10","[c]","[c]","[c]"
"Leaver CS","2022","Unknown","White","South East (England)","East Kent","15","[c]","[c]","[c]"
"Leaver CS","2022","Unknown","White","South East (England)","East Surrey","[c]","[c]","[c]","[c]"
"Leaver CS","2022","Unknown","White","South East (England)","East Sussex CC","[c]","[c]","[c]","[c]"
"Leaver CS","2022","Unknown","White","South East (England)","Isle of Wight","[c]","[c]","[c]","[c]"
"Leaver CS","2022","Unknown","White","South East (England)","Kent Thames Gateway","[c]","[c]","[c]","[c]"
"Leaver CS","2022","Unknown","White","South East (England)","Medway","[c]","[c]","[c]","[c]"
"Leaver CS","2022","Unknown","White","South East (England)","Mid Kent","[c]","[c]","[c]","[c]"
"Leaver CS","2022","Unknown","White","South East (England)","Milton Keynes","5","[c]","[c]","[c]"
"Leaver CS","2022","Unknown","White","South East (England)","North Hampshire","[c]","[c]","[c]","[c]"
"Leaver CS","2022","Unknown","White","South East (England)","Oxfordshire CC","35","[c]","26770","20970"
"Leaver CS","2022","Unknown","White","South East (England)","Portsmouth","25","[c]","[c]","[c]"
"Leaver CS","2022","Unknown","White","South East (England)","South Hampshire","60","[c]","20920","19610"
"Leaver CS","2022","Unknown","White","South East (England)","Southampton","10","[c]","[c]","[c]"
"Leaver CS","2022","Unknown","White","South East (England)","West Kent","[c]","[c]","[c]","[c]"
"Leaver CS","2022","Unknown","White","South East (England)","West Surrey","[c]","[c]","[c]","[c]"
"Leaver CS","2022","Unknown","White","South East (England)","West Sussex (North East)","5","[c]","[c]","[c]"
"Leaver CS","2022","Unknown","White","South East (England)","West Sussex (South West)","[c]","[c]","[c]","[c]"
"Leaver CS","2022","Unknown","White","South West (England)","Bath and North East Somerset, North Somerset and South Gloucestershire","60","[c]","38510","34140"
"Leaver CS","2022","Unknown","White","South West (England)","Bournemouth, Christchurch and Poole","[c]","[c]","[c]","[c]"
"Leaver CS","2022","Unknown","White","South West (England)","Bristol, City of","30","[c]","[c]","[c]"
"Leaver CS","2022","Unknown","White","South West (England)","Cornwall and Isles of Scilly","10","[c]","[c]","[c]"
"Leaver CS","2022","Unknown","White","South West (England)","Devon CC","10","[c]","[c]","[c]"
"Leaver CS","2022","Unknown","White","South West (England)","Dorset","5","[c]","[c]","[c]"
"Leaver CS","2022","Unknown","White","South West (England)","Gloucestershire CC","5","[c]","[c]","[c]"
"Leaver CS","2022","Unknown","White","South West (England)","Plymouth","15","[c]","[c]","[c]"
"Leaver CS","2022","Unknown","White","South West (England)","Somerset CC","15","[c]","[c]","[c]"
"Leaver CS","2022","Unknown","White","South West (England)","Swindon","[c]","[c]","[c]","[c]"
"Leaver CS","2022","Unknown","White","South West (England)","Torbay","[c]","[c]","[c]","[c]"
"Leaver CS","2022","Unknown","White","South West (England)","Wiltshire","40","[c]","37220","34940"
"Leaver CS","2022","Unknown","White","Unknown","Unknown","25","[c]","[c]","[c]"
"Leaver CS","2022","Unknown","White","Wales","Bridgend and Neath Port Talbot","[c]","[c]","[c]","[c]"
"Leaver CS","2022","Unknown","White","Wales","Cardiff and Vale of Glamorgan","50","[c]","37590","29670"
"Leaver CS","2022","Unknown","White","Wales","Central Valleys","[c]","[c]","[c]","[c]"
"Leaver CS","2022","Unknown","White","Wales","Conwy and Denbighshire","[c]","[c]","[c]","[c]"
"Leaver CS","2022","Unknown","White","Wales","Flintshire and Wrexham","[c]","[c]","[c]","[c]"
"Leaver CS","2022","Unknown","White","Wales","Gwent Valleys","[c]","[c]","[c]","[c]"
"Leaver CS","2022","Unknown","White","Wales","Gwynedd","[c]","[c]","[c]","[c]"
"Leaver CS","2022","Unknown","White","Wales","Isle of Anglesey","[c]","[c]","[c]","[c]"
"Leaver CS","2022","Unknown","White","Wales","Monmouthshire and Newport","10","[c]","[c]","[c]"
"Leaver CS","2022","Unknown","White","Wales","Powys","[c]","[c]","[c]","[c]"
"Leaver CS","2022","Unknown","White","Wales","South West Wales","5","[c]","[c]","[c]"
"Leaver CS","2022","Unknown","White","Wales","Swansea","10","[c]","[c]","[c]"
"Leaver CS","2022","Unknown","White","West Midlands (England)","Birmingham","70","[c]","46590","39890"
"Leaver CS","2022","Unknown","White","West Midlands (England)","Coventry","15","[c]","[c]","[c]"
"Leaver CS","2022","Unknown","White","West Midlands (England)","Dudley","[c]","[c]","[c]","[c]"
"Leaver CS","2022","Unknown","White","West Midlands (England)","Herefordshire, County of","5","[c]","[c]","[c]"
"Leaver CS","2022","Unknown","White","West Midlands (England)","Sandwell","[c]","[c]","[c]","[c]"
"Leaver CS","2022","Unknown","White","West Midlands (England)","Shropshire","[c]","[c]","[c]","[c]"
"Leaver CS","2022","Unknown","White","West Midlands (England)","Solihull","[c]","[c]","[c]","[c]"
"Leaver CS","2022","Unknown","White","West Midlands (England)","Staffordshire CC","5","[c]","[c]","[c]"
"Leaver CS","2022","Unknown","White","West Midlands (England)","Stoke-on-Trent","[c]","[c]","[c]","[c]"
"Leaver CS","2022","Unknown","White","West Midlands (England)","Telford and Wrekin","10","[c]","[c]","[c]"
"Leaver CS","2022","Unknown","White","West Midlands (England)","Walsall","[c]","[c]","[c]","[c]"
"Leaver CS","2022","Unknown","White","West Midlands (England)","Warwickshire CC","[c]","[c]","[c]","[c]"
"Leaver CS","2022","Unknown","White","West Midlands (England)","Wolverhampton","[c]","[c]","[c]","[c]"
"Leaver CS","2022","Unknown","White","West Midlands (England)","Worcestershire CC","[c]","[c]","[c]","[c]"
"Leaver CS","2022","Unknown","White","Yorkshire and The Humber","Barnsley, Doncaster and Rotherham","[c]","[c]","[c]","[c]"
"Leaver CS","2022","Unknown","White","Yorkshire and The Humber","Bradford","5","[c]","[c]","[c]"
"Leaver CS","2022","Unknown","White","Yorkshire and The Humber","Calderdale and Kirklees","[c]","[c]","[c]","[c]"
"Leaver CS","2022","Unknown","White","Yorkshire and The Humber","East Riding of Yorkshire","5","[c]","[c]","[c]"
"Leaver CS","2022","Unknown","White","Yorkshire and The Humber","Kingston upon Hull, City of","[c]","[c]","[c]","[c]"
"Leaver CS","2022","Unknown","White","Yorkshire and The Humber","Leeds","85","[c]","33940","31780"
"Leaver CS","2022","Unknown","White","Yorkshire and The Humber","North and North East Lincolnshire","[c]","[c]","[c]","[c]"
"Leaver CS","2022","Unknown","White","Yorkshire and The Humber","North Yorkshire CC","15","[c]","[c]","[c]"
"Leaver CS","2022","Unknown","White","Yorkshire and The Humber","Sheffield","20","[c]","[c]","[c]"
"Leaver CS","2022","Unknown","White","Yorkshire and The Humber","Wakefield","10","[c]","[c]","[c]"
"Leaver CS","2022","Unknown","White","Yorkshire and The Humber","York","[c]","[c]","[c]","[c]"
"Leaver Dept.","2022","Declared disabled","Asian","East Midlands (England)","Derby","[c]","[c]","[c]","[c]"
"Leaver Dept.","2022","Declared disabled","Asian","East Midlands (England)","East Derbyshire","[c]","[c]","[c]","[c]"
"Leaver Dept.","2022","Declared disabled","Asian","East Midlands (England)","Leicester","[c]","[c]","[c]","[c]"
"Leaver Dept.","2022","Declared disabled","Asian","East Midlands (England)","Leicestershire CC and Rutland","[c]","[c]","[c]","[c]"
"Leaver Dept.","2022","Declared disabled","Asian","East Midlands (England)","Lincolnshire CC","[c]","[c]","[c]","[c]"
"Leaver Dept.","2022","Declared disabled","Asian","East Midlands (England)","North Northamptonshire","[c]","[c]","[c]","[c]"
"Leaver Dept.","2022","Declared disabled","Asian","East Midlands (England)","North Nottinghamshire","[c]","[c]","[c]","[c]"
"Leaver Dept.","2022","Declared disabled","Asian","East Midlands (England)","Nottingham","[c]","[c]","[c]","[c]"
"Leaver Dept.","2022","Declared disabled","Asian","East Midlands (England)","South and West Derbyshire","[c]","[c]","[c]","[c]"
"Leaver Dept.","2022","Declared disabled","Asian","East Midlands (England)","South Nottinghamshire","[c]","[c]","[c]","[c]"
"Leaver Dept.","2022","Declared disabled","Asian","East Midlands (England)","West Northamptonshire","[c]","[c]","[c]","[c]"
"Leaver Dept.","2022","Declared disabled","Asian","East of England","Bedford","[c]","[c]","[c]","[c]"
"Leaver Dept.","2022","Declared disabled","Asian","East of England","Breckland and South Norfolk","[c]","[c]","[c]","[c]"
"Leaver Dept.","2022","Declared disabled","Asian","East of England","Cambridgeshire CC","[c]","[c]","[c]","[c]"
"Leaver Dept.","2022","Declared disabled","Asian","East of England","Central Bedfordshire","[c]","[c]","[c]","[c]"
"Leaver Dept.","2022","Declared disabled","Asian","East of England","Essex Haven Gateway","[c]","[c]","[c]","[c]"
"Leaver Dept.","2022","Declared disabled","Asian","East of England","Essex Thames Gateway","[c]","[c]","[c]","[c]"
"Leaver Dept.","2022","Declared disabled","Asian","East of England","Heart of Essex","[c]","[c]","[c]","[c]"
"Leaver Dept.","2022","Declared disabled","Asian","East of England","Hertfordshire CC","[c]","[c]","[c]","[c]"
"Leaver Dept.","2022","Declared disabled","Asian","East of England","Luton","[c]","[c]","[c]","[c]"
"Leaver Dept.","2022","Declared disabled","Asian","East of England","North and West Norfolk","[c]","[c]","[c]","[c]"
"Leaver Dept.","2022","Declared disabled","Asian","East of England","Norwich and East Norfolk","[c]","[c]","[c]","[c]"
"Leaver Dept.","2022","Declared disabled","Asian","East of England","Peterborough","[c]","[c]","[c]","[c]"
"Leaver Dept.","2022","Declared disabled","Asian","East of England","Southend-on-Sea","[c]","[c]","[c]","[c]"
"Leaver Dept.","2022","Declared disabled","Asian","East of England","Suffolk CC","[c]","[c]","[c]","[c]"
"Leaver Dept.","2022","Declared disabled","Asian","East of England","Thurrock","[c]","[c]","[c]","[c]"
"Leaver Dept.","2022","Declared disabled","Asian","East of England","West Essex","[c]","[c]","[c]","[c]"
"Leaver Dept.","2022","Declared disabled","Asian","London","Barking & Dagenham and Havering","[c]","[c]","[c]","[c]"
"Leaver Dept.","2022","Declared disabled","Asian","London","Barnet","[c]","[c]","[c]","[c]"
"Leaver Dept.","2022","Declared disabled","Asian","London","Bexley and Greenwich","[c]","[c]","[c]","[c]"
"Leaver Dept.","2022","Declared disabled","Asian","London","Brent","[c]","[c]","[c]","[c]"
"Leaver Dept.","2022","Declared disabled","Asian","London","Bromley","[c]","[c]","[c]","[c]"
"Leaver Dept.","2022","Declared disabled","Asian","London","Camden and City of London","[c]","[c]","[c]","[c]"
"Leaver Dept.","2022","Declared disabled","Asian","London","Croydon","[c]","[c]","[c]","[c]"
"Leaver Dept.","2022","Declared disabled","Asian","London","Ealing","[c]","[c]","[c]","[c]"
"Leaver Dept.","2022","Declared disabled","Asian","London","Enfield","[c]","[c]","[c]","[c]"
"Leaver Dept.","2022","Declared disabled","Asian","London","Hackney and Newham","[c]","[c]","[c]","[c]"
"Leaver Dept.","2022","Declared disabled","Asian","London","Haringey and Islington","[c]","[c]","[c]","[c]"
"Leaver Dept.","2022","Declared disabled","Asian","London","Harrow and Hillingdon","[c]","[c]","[c]","[c]"
"Leaver Dept.","2022","Declared disabled","Asian","London","Hounslow and Richmond upon Thames","[c]","[c]","[c]","[c]"
"Leaver Dept.","2022","Declared disabled","Asian","London","Kensington & Chelsea and Hammersmith & Fulham","[c]","[c]","[c]","[c]"
"Leaver Dept.","2022","Declared disabled","Asian","London","Lambeth","10","[c]","[c]","[c]"
"Leaver Dept.","2022","Declared disabled","Asian","London","Lewisham and Southwark","[c]","[c]","[c]","[c]"
"Leaver Dept.","2022","Declared disabled","Asian","London","Merton, Kingston upon Thames and Sutton","[c]","[c]","[c]","[c]"
"Leaver Dept.","2022","Declared disabled","Asian","London","Redbridge and Waltham Forest","[c]","[c]","[c]","[c]"
"Leaver Dept.","2022","Declared disabled","Asian","London","Tower Hamlets","[c]","[c]","[c]","[c]"
"Leaver Dept.","2022","Declared disabled","Asian","London","Wandsworth","[c]","[c]","[c]","[c]"
"Leaver Dept.","2022","Declared disabled","Asian","London","Westminster","60","[c]","39770","34810"
"Leaver Dept.","2022","Declared disabled","Asian","North East (England)","Darlington","[c]","[c]","[c]","[c]"
"Leaver Dept.","2022","Declared disabled","Asian","North East (England)","Durham","[c]","[c]","[c]","[c]"
"Leaver Dept.","2022","Declared disabled","Asian","North East (England)","Hartlepool and Stockton-on-Tees","[c]","[c]","[c]","[c]"
"Leaver Dept.","2022","Declared disabled","Asian","North East (England)","Northumberland","[c]","[c]","[c]","[c]"
"Leaver Dept.","2022","Declared disabled","Asian","North East (England)","South Teesside","[c]","[c]","[c]","[c]"
"Leaver Dept.","2022","Declared disabled","Asian","North East (England)","Sunderland","[c]","[c]","[c]","[c]"
"Leaver Dept.","2022","Declared disabled","Asian","North East (England)","Tyneside","[c]","[c]","[c]","[c]"
"Leaver Dept.","2022","Declared disabled","Asian","North West (England)","Blackburn with Darwen","[c]","[c]","[c]","[c]"
"Leaver Dept.","2022","Declared disabled","Asian","North West (England)","Blackpool","[c]","[c]","[c]","[c]"
"Leaver Dept.","2022","Declared disabled","Asian","North West (England)","Cheshire East","[c]","[c]","[c]","[c]"
"Leaver Dept.","2022","Declared disabled","Asian","North West (England)","Cheshire West and Chester","[c]","[c]","[c]","[c]"
"Leaver Dept.","2022","Declared disabled","Asian","North West (England)","Chorley and West Lancashire","[c]","[c]","[c]","[c]"
"Leaver Dept.","2022","Declared disabled","Asian","North West (England)","East Cumbria","[c]","[c]","[c]","[c]"
"Leaver Dept.","2022","Declared disabled","Asian","North West (England)","East Lancashire","[c]","[c]","[c]","[c]"
"Leaver Dept.","2022","Declared disabled","Asian","North West (England)","East Merseyside","[c]","[c]","[c]","[c]"
"Leaver Dept.","2022","Declared disabled","Asian","North West (England)","Greater Manchester North East","[c]","[c]","[c]","[c]"
"Leaver Dept.","2022","Declared disabled","Asian","North West (England)","Greater Manchester North West","[c]","[c]","[c]","[c]"
"Leaver Dept.","2022","Declared disabled","Asian","North West (England)","Greater Manchester South East","[c]","[c]","[c]","[c]"
"Leaver Dept.","2022","Declared disabled","Asian","North West (England)","Greater Manchester South West","[c]","[c]","[c]","[c]"
"Leaver Dept.","2022","Declared disabled","Asian","North West (England)","Lancaster and Wyre","[c]","[c]","[c]","[c]"
"Leaver Dept.","2022","Declared disabled","Asian","North West (England)","Liverpool","[c]","[c]","[c]","[c]"
"Leaver Dept.","2022","Declared disabled","Asian","North West (England)","Manchester","5","[c]","[c]","[c]"
"Leaver Dept.","2022","Declared disabled","Asian","North West (England)","Mid Lancashire","[c]","[c]","[c]","[c]"
"Leaver Dept.","2022","Declared disabled","Asian","North West (England)","Sefton","[c]","[c]","[c]","[c]"
"Leaver Dept.","2022","Declared disabled","Asian","North West (England)","Warrington","[c]","[c]","[c]","[c]"
"Leaver Dept.","2022","Declared disabled","Asian","North West (England)","West Cumbria","[c]","[c]","[c]","[c]"
"Leaver Dept.","2022","Declared disabled","Asian","North West (England)","Wirral","[c]","[c]","[c]","[c]"
"Leaver Dept.","2022","Declared disabled","Asian","Northern Ireland","Ards and North Down","[c]","[c]","[c]","[c]"
"Leaver Dept.","2022","Declared disabled","Asian","Northern Ireland","Belfast","[c]","[c]","[c]","[c]"
"Leaver Dept.","2022","Declared disabled","Asian","Northern Ireland","Lisburn and Castlereagh","[c]","[c]","[c]","[c]"
"Leaver Dept.","2022","Declared disabled","Asian","Overseas","Overseas","[c]","[c]","[c]","[c]"
"Leaver Dept.","2022","Declared disabled","Asian","Scotland","Aberdeen City and Aberdeenshire","[c]","[c]","[c]","[c]"
"Leaver Dept.","2022","Declared disabled","Asian","Scotland","Angus and Dundee City","[c]","[c]","[c]","[c]"
"Leaver Dept.","2022","Declared disabled","Asian","Scotland","Caithness and Sutherland, and Ross and Cromarty","[c]","[c]","[c]","[c]"
"Leaver Dept.","2022","Declared disabled","Asian","Scotland","City of Edinburgh","[c]","[c]","[c]","[c]"
"Leaver Dept.","2022","Declared disabled","Asian","Scotland","Clackmannanshire and Fife","[c]","[c]","[c]","[c]"
"Leaver Dept.","2022","Declared disabled","Asian","Scotland","Dumfries and Galloway","[c]","[c]","[c]","[c]"
"Leaver Dept.","2022","Declared disabled","Asian","Scotland","East Ayrshire and North Ayrshire mainland","[c]","[c]","[c]","[c]"
"Leaver Dept.","2022","Declared disabled","Asian","Scotland","East Dunbartonshire, West Dunbartonshire, and Helensburgh and Lomond","[c]","[c]","[c]","[c]"
"Leaver Dept.","2022","Declared disabled","Asian","Scotland","East Lothian and Midlothian","[c]","[c]","[c]","[c]"
"Leaver Dept.","2022","Declared disabled","Asian","Scotland","Falkirk","[c]","[c]","[c]","[c]"
"Leaver Dept.","2022","Declared disabled","Asian","Scotland","Glasgow City","[c]","[c]","[c]","[c]"
"Leaver Dept.","2022","Declared disabled","Asian","Scotland","Inverclyde, East Renfrewshire, and Renfrewshire","[c]","[c]","[c]","[c]"
"Leaver Dept.","2022","Declared disabled","Asian","Scotland","Inverness and Nairn, Moray, and Badenoch and Strathspey","[c]","[c]","[c]","[c]"
"Leaver Dept.","2022","Declared disabled","Asian","Scotland","Lochaber, Skye and Lochalsh, Arran and Cumbrae, and Argyll and Bute","[c]","[c]","[c]","[c]"
"Leaver Dept.","2022","Declared disabled","Asian","Scotland","Na h-Eileanan Siar","[c]","[c]","[c]","[c]"
"Leaver Dept.","2022","Declared disabled","Asian","Scotland","North Lanarkshire","[c]","[c]","[c]","[c]"
"Leaver Dept.","2022","Declared disabled","Asian","Scotland","Orkney Islands","[c]","[c]","[c]","[c]"
"Leaver Dept.","2022","Declared disabled","Asian","Scotland","Perth and Kinross, and Stirling","[c]","[c]","[c]","[c]"
"Leaver Dept.","2022","Declared disabled","Asian","Scotland","Scottish Borders","[c]","[c]","[c]","[c]"
"Leaver Dept.","2022","Declared disabled","Asian","Scotland","South Ayrshire","[c]","[c]","[c]","[c]"
"Leaver Dept.","2022","Declared disabled","Asian","Scotland","South Lanarkshire","[c]","[c]","[c]","[c]"
"Leaver Dept.","2022","Declared disabled","Asian","Scotland","West Lothian","[c]","[c]","[c]","[c]"
"Leaver Dept.","2022","Declared disabled","Asian","South East (England)","Berkshire","[c]","[c]","[c]","[c]"
"Leaver Dept.","2022","Declared disabled","Asian","South East (England)","Brighton and Hove","[c]","[c]","[c]","[c]"
"Leaver Dept.","2022","Declared disabled","Asian","South East (England)","Buckinghamshire","[c]","[c]","[c]","[c]"
"Leaver Dept.","2022","Declared disabled","Asian","South East (England)","Central Hampshire","[c]","[c]","[c]","[c]"
"Leaver Dept.","2022","Declared disabled","Asian","South East (England)","East Kent","[c]","[c]","[c]","[c]"
"Leaver Dept.","2022","Declared disabled","Asian","South East (England)","East Surrey","[c]","[c]","[c]","[c]"
"Leaver Dept.","2022","Declared disabled","Asian","South East (England)","East Sussex CC","[c]","[c]","[c]","[c]"
"Leaver Dept.","2022","Declared disabled","Asian","South East (England)","Isle of Wight","[c]","[c]","[c]","[c]"
"Leaver Dept.","2022","Declared disabled","Asian","South East (England)","Kent Thames Gateway","[c]","[c]","[c]","[c]"
"Leaver Dept.","2022","Declared disabled","Asian","South East (England)","Medway","[c]","[c]","[c]","[c]"
"Leaver Dept.","2022","Declared disabled","Asian","South East (England)","Mid Kent","[c]","[c]","[c]","[c]"
"Leaver Dept.","2022","Declared disabled","Asian","South East (England)","Milton Keynes","[c]","[c]","[c]","[c]"
"Leaver Dept.","2022","Declared disabled","Asian","South East (England)","North Hampshire","[c]","[c]","[c]","[c]"
"Leaver Dept.","2022","Declared disabled","Asian","South East (England)","Oxfordshire CC","[c]","[c]","[c]","[c]"
"Leaver Dept.","2022","Declared disabled","Asian","South East (England)","Portsmouth","[c]","[c]","[c]","[c]"
"Leaver Dept.","2022","Declared disabled","Asian","South East (England)","South Hampshire","[c]","[c]","[c]","[c]"
"Leaver Dept.","2022","Declared disabled","Asian","South East (England)","Southampton","[c]","[c]","[c]","[c]"
"Leaver Dept.","2022","Declared disabled","Asian","South East (England)","West Kent","[c]","[c]","[c]","[c]"
"Leaver Dept.","2022","Declared disabled","Asian","South East (England)","West Surrey","[c]","[c]","[c]","[c]"
"Leaver Dept.","2022","Declared disabled","Asian","South East (England)","West Sussex (North East)","[c]","[c]","[c]","[c]"
"Leaver Dept.","2022","Declared disabled","Asian","South East (England)","West Sussex (South West)","[c]","[c]","[c]","[c]"
"Leaver Dept.","2022","Declared disabled","Asian","South West (England)","Bath and North East Somerset, North Somerset and South Gloucestershire","[c]","[c]","[c]","[c]"
"Leaver Dept.","2022","Declared disabled","Asian","South West (England)","Bournemouth, Christchurch and Poole","[c]","[c]","[c]","[c]"
"Leaver Dept.","2022","Declared disabled","Asian","South West (England)","Bristol, City of","[c]","[c]","[c]","[c]"
"Leaver Dept.","2022","Declared disabled","Asian","South West (England)","Cornwall and Isles of Scilly","[c]","[c]","[c]","[c]"
"Leaver Dept.","2022","Declared disabled","Asian","South West (England)","Devon CC","[c]","[c]","[c]","[c]"
"Leaver Dept.","2022","Declared disabled","Asian","South West (England)","Dorset","[c]","[c]","[c]","[c]"
"Leaver Dept.","2022","Declared disabled","Asian","South West (England)","Gloucestershire CC","[c]","[c]","[c]","[c]"
"Leaver Dept.","2022","Declared disabled","Asian","South West (England)","Plymouth","[c]","[c]","[c]","[c]"
"Leaver Dept.","2022","Declared disabled","Asian","South West (England)","Somerset CC","[c]","[c]","[c]","[c]"
"Leaver Dept.","2022","Declared disabled","Asian","South West (England)","Swindon","[c]","[c]","[c]","[c]"
"Leaver Dept.","2022","Declared disabled","Asian","South West (England)","Torbay","[c]","[c]","[c]","[c]"
"Leaver Dept.","2022","Declared disabled","Asian","South West (England)","Wiltshire","[c]","[c]","[c]","[c]"
"Leaver Dept.","2022","Declared disabled","Asian","Unknown","Unknown","[c]","[c]","[c]","[c]"
"Leaver Dept.","2022","Declared disabled","Asian","Wales","Bridgend and Neath Port Talbot","[c]","[c]","[c]","[c]"
"Leaver Dept.","2022","Declared disabled","Asian","Wales","Cardiff and Vale of Glamorgan","[c]","[c]","[c]","[c]"
"Leaver Dept.","2022","Declared disabled","Asian","Wales","Central Valleys","[c]","[c]","[c]","[c]"
"Leaver Dept.","2022","Declared disabled","Asian","Wales","Conwy and Denbighshire","[c]","[c]","[c]","[c]"
"Leaver Dept.","2022","Declared disabled","Asian","Wales","Flintshire and Wrexham","[c]","[c]","[c]","[c]"
"Leaver Dept.","2022","Declared disabled","Asian","Wales","Gwent Valleys","[c]","[c]","[c]","[c]"
"Leaver Dept.","2022","Declared disabled","Asian","Wales","Gwynedd","[c]","[c]","[c]","[c]"
"Leaver Dept.","2022","Declared disabled","Asian","Wales","Isle of Anglesey","[c]","[c]","[c]","[c]"
"Leaver Dept.","2022","Declared disabled","Asian","Wales","Monmouthshire and Newport","[c]","[c]","[c]","[c]"
"Leaver Dept.","2022","Declared disabled","Asian","Wales","Powys","[c]","[c]","[c]","[c]"
"Leaver Dept.","2022","Declared disabled","Asian","Wales","South West Wales","[c]","[c]","[c]","[c]"
"Leaver Dept.","2022","Declared disabled","Asian","Wales","Swansea","[c]","[c]","[c]","[c]"
"Leaver Dept.","2022","Declared disabled","Asian","West Midlands (England)","Birmingham","15","[c]","[c]","[c]"
"Leaver Dept.","2022","Declared disabled","Asian","West Midlands (England)","Coventry","[c]","[c]","[c]","[c]"
"Leaver Dept.","2022","Declared disabled","Asian","West Midlands (England)","Dudley","[c]","[c]","[c]","[c]"
"Leaver Dept.","2022","Declared disabled","Asian","West Midlands (England)","Herefordshire, County of","[c]","[c]","[c]","[c]"
"Leaver Dept.","2022","Declared disabled","Asian","West Midlands (England)","Sandwell","[c]","[c]","[c]","[c]"
"Leaver Dept.","2022","Declared disabled","Asian","West Midlands (England)","Shropshire","[c]","[c]","[c]","[c]"
"Leaver Dept.","2022","Declared disabled","Asian","West Midlands (England)","Solihull","[c]","[c]","[c]","[c]"
"Leaver Dept.","2022","Declared disabled","Asian","West Midlands (England)","Staffordshire CC","[c]","[c]","[c]","[c]"
"Leaver Dept.","2022","Declared disabled","Asian","West Midlands (England)","Stoke-on-Trent","[c]","[c]","[c]","[c]"
"Leaver Dept.","2022","Declared disabled","Asian","West Midlands (England)","Telford and Wrekin","[c]","[c]","[c]","[c]"
"Leaver Dept.","2022","Declared disabled","Asian","West Midlands (England)","Walsall","[c]","[c]","[c]","[c]"
"Leaver Dept.","2022","Declared disabled","Asian","West Midlands (England)","Warwickshire CC","[c]","[c]","[c]","[c]"
"Leaver Dept.","2022","Declared disabled","Asian","West Midlands (England)","Wolverhampton","[c]","[c]","[c]","[c]"
"Leaver Dept.","2022","Declared disabled","Asian","West Midlands (England)","Worcestershire CC","[c]","[c]","[c]","[c]"
"Leaver Dept.","2022","Declared disabled","Asian","Yorkshire and The Humber","Barnsley, Doncaster and Rotherham","[c]","[c]","[c]","[c]"
"Leaver Dept.","2022","Declared disabled","Asian","Yorkshire and The Humber","Bradford","5","[c]","[c]","[c]"
"Leaver Dept.","2022","Declared disabled","Asian","Yorkshire and The Humber","Calderdale and Kirklees","[c]","[c]","[c]","[c]"
"Leaver Dept.","2022","Declared disabled","Asian","Yorkshire and The Humber","East Riding of Yorkshire","[c]","[c]","[c]","[c]"
"Leaver Dept.","2022","Declared disabled","Asian","Yorkshire and The Humber","Kingston upon Hull, City of","[c]","[c]","[c]","[c]"
"Leaver Dept.","2022","Declared disabled","Asian","Yorkshire and The Humber","Leeds","15","[c]","[c]","[c]"
"Leaver Dept.","2022","Declared disabled","Asian","Yorkshire and The Humber","North and North East Lincolnshire","[c]","[c]","[c]","[c]"
"Leaver Dept.","2022","Declared disabled","Asian","Yorkshire and The Humber","North Yorkshire CC","[c]","[c]","[c]","[c]"
"Leaver Dept.","2022","Declared disabled","Asian","Yorkshire and The Humber","Sheffield","[c]","[c]","[c]","[c]"
"Leaver Dept.","2022","Declared disabled","Asian","Yorkshire and The Humber","Wakefield","[c]","[c]","[c]","[c]"
"Leaver Dept.","2022","Declared disabled","Asian","Yorkshire and The Humber","York","[c]","[c]","[c]","[c]"
"Leaver Dept.","2022","Declared disabled","Black","East Midlands (England)","Derby","[c]","[c]","[c]","[c]"
"Leaver Dept.","2022","Declared disabled","Black","East Midlands (England)","East Derbyshire","[c]","[c]","[c]","[c]"
"Leaver Dept.","2022","Declared disabled","Black","East Midlands (England)","Leicester","[c]","[c]","[c]","[c]"
"Leaver Dept.","2022","Declared disabled","Black","East Midlands (England)","Leicestershire CC and Rutland","[c]","[c]","[c]","[c]"
"Leaver Dept.","2022","Declared disabled","Black","East Midlands (England)","Lincolnshire CC","[c]","[c]","[c]","[c]"
"Leaver Dept.","2022","Declared disabled","Black","East Midlands (England)","North Northamptonshire","[c]","[c]","[c]","[c]"
"Leaver Dept.","2022","Declared disabled","Black","East Midlands (England)","North Nottinghamshire","[c]","[c]","[c]","[c]"
"Leaver Dept.","2022","Declared disabled","Black","East Midlands (England)","Nottingham","[c]","[c]","[c]","[c]"
"Leaver Dept.","2022","Declared disabled","Black","East Midlands (England)","South and West Derbyshire","[c]","[c]","[c]","[c]"
"Leaver Dept.","2022","Declared disabled","Black","East Midlands (England)","South Nottinghamshire","[c]","[c]","[c]","[c]"
"Leaver Dept.","2022","Declared disabled","Black","East Midlands (England)","West Northamptonshire","[c]","[c]","[c]","[c]"
"Leaver Dept.","2022","Declared disabled","Black","East of England","Bedford","[c]","[c]","[c]","[c]"
"Leaver Dept.","2022","Declared disabled","Black","East of England","Breckland and South Norfolk","[c]","[c]","[c]","[c]"
"Leaver Dept.","2022","Declared disabled","Black","East of England","Cambridgeshire CC","[c]","[c]","[c]","[c]"
"Leaver Dept.","2022","Declared disabled","Black","East of England","Central Bedfordshire","[c]","[c]","[c]","[c]"
"Leaver Dept.","2022","Declared disabled","Black","East of England","Essex Haven Gateway","[c]","[c]","[c]","[c]"
"Leaver Dept.","2022","Declared disabled","Black","East of England","Essex Thames Gateway","[c]","[c]","[c]","[c]"
"Leaver Dept.","2022","Declared disabled","Black","East of England","Heart of Essex","[c]","[c]","[c]","[c]"
"Leaver Dept.","2022","Declared disabled","Black","East of England","Hertfordshire CC","[c]","[c]","[c]","[c]"
"Leaver Dept.","2022","Declared disabled","Black","East of England","Luton","[c]","[c]","[c]","[c]"
"Leaver Dept.","2022","Declared disabled","Black","East of England","North and West Norfolk","[c]","[c]","[c]","[c]"
"Leaver Dept.","2022","Declared disabled","Black","East of England","Norwich and East Norfolk","[c]","[c]","[c]","[c]"
"Leaver Dept.","2022","Declared disabled","Black","East of England","Peterborough","[c]","[c]","[c]","[c]"
"Leaver Dept.","2022","Declared disabled","Black","East of England","Southend-on-Sea","[c]","[c]","[c]","[c]"
"Leaver Dept.","2022","Declared disabled","Black","East of England","Suffolk CC","[c]","[c]","[c]","[c]"
"Leaver Dept.","2022","Declared disabled","Black","East of England","Thurrock","[c]","[c]","[c]","[c]"
"Leaver Dept.","2022","Declared disabled","Black","East of England","West Essex","[c]","[c]","[c]","[c]"
"Leaver Dept.","2022","Declared disabled","Black","London","Barking & Dagenham and Havering","[c]","[c]","[c]","[c]"
"Leaver Dept.","2022","Declared disabled","Black","London","Barnet","[c]","[c]","[c]","[c]"
"Leaver Dept.","2022","Declared disabled","Black","London","Bexley and Greenwich","[c]","[c]","[c]","[c]"
"Leaver Dept.","2022","Declared disabled","Black","London","Brent","[c]","[c]","[c]","[c]"
"Leaver Dept.","2022","Declared disabled","Black","London","Bromley","[c]","[c]","[c]","[c]"
"Leaver Dept.","2022","Declared disabled","Black","London","Camden and City of London","[c]","[c]","[c]","[c]"
"Leaver Dept.","2022","Declared disabled","Black","London","Croydon","10","[c]","[c]","[c]"
"Leaver Dept.","2022","Declared disabled","Black","London","Ealing","[c]","[c]","[c]","[c]"
"Leaver Dept.","2022","Declared disabled","Black","London","Enfield","[c]","[c]","[c]","[c]"
"Leaver Dept.","2022","Declared disabled","Black","London","Hackney and Newham","[c]","[c]","[c]","[c]"
"Leaver Dept.","2022","Declared disabled","Black","London","Haringey and Islington","[c]","[c]","[c]","[c]"
"Leaver Dept.","2022","Declared disabled","Black","London","Harrow and Hillingdon","[c]","[c]","[c]","[c]"
"Leaver Dept.","2022","Declared disabled","Black","London","Hounslow and Richmond upon Thames","[c]","[c]","[c]","[c]"
"Leaver Dept.","2022","Declared disabled","Black","London","Kensington & Chelsea and Hammersmith & Fulham","[c]","[c]","[c]","[c]"
"Leaver Dept.","2022","Declared disabled","Black","London","Lambeth","5","[c]","[c]","[c]"
"Leaver Dept.","2022","Declared disabled","Black","London","Lewisham and Southwark","[c]","[c]","[c]","[c]"
"Leaver Dept.","2022","Declared disabled","Black","London","Merton, Kingston upon Thames and Sutton","[c]","[c]","[c]","[c]"
"Leaver Dept.","2022","Declared disabled","Black","London","Redbridge and Waltham Forest","[c]","[c]","[c]","[c]"
"Leaver Dept.","2022","Declared disabled","Black","London","Tower Hamlets","[c]","[c]","[c]","[c]"
"Leaver Dept.","2022","Declared disabled","Black","London","Wandsworth","[c]","[c]","[c]","[c]"
"Leaver Dept.","2022","Declared disabled","Black","London","Westminster","25","[c]","[c]","[c]"
"Leaver Dept.","2022","Declared disabled","Black","North East (England)","Darlington","[c]","[c]","[c]","[c]"
"Leaver Dept.","2022","Declared disabled","Black","North East (England)","Durham","[c]","[c]","[c]","[c]"
"Leaver Dept.","2022","Declared disabled","Black","North East (England)","Hartlepool and Stockton-on-Tees","[c]","[c]","[c]","[c]"
"Leaver Dept.","2022","Declared disabled","Black","North East (England)","Northumberland","[c]","[c]","[c]","[c]"
"Leaver Dept.","2022","Declared disabled","Black","North East (England)","South Teesside","[c]","[c]","[c]","[c]"
"Leaver Dept.","2022","Declared disabled","Black","North East (England)","Sunderland","[c]","[c]","[c]","[c]"
"Leaver Dept.","2022","Declared disabled","Black","North East (England)","Tyneside","[c]","[c]","[c]","[c]"
"Leaver Dept.","2022","Declared disabled","Black","North West (England)","Blackburn with Darwen","[c]","[c]","[c]","[c]"
"Leaver Dept.","2022","Declared disabled","Black","North West (England)","Blackpool","[c]","[c]","[c]","[c]"
"Leaver Dept.","2022","Declared disabled","Black","North West (England)","Cheshire East","[c]","[c]","[c]","[c]"
"Leaver Dept.","2022","Declared disabled","Black","North West (England)","Cheshire West and Chester","[c]","[c]","[c]","[c]"
"Leaver Dept.","2022","Declared disabled","Black","North West (England)","Chorley and West Lancashire","[c]","[c]","[c]","[c]"
"Leaver Dept.","2022","Declared disabled","Black","North West (England)","East Cumbria","[c]","[c]","[c]","[c]"
"Leaver Dept.","2022","Declared disabled","Black","North West (England)","East Lancashire","[c]","[c]","[c]","[c]"
"Leaver Dept.","2022","Declared disabled","Black","North West (England)","East Merseyside","[c]","[c]","[c]","[c]"
"Leaver Dept.","2022","Declared disabled","Black","North West (England)","Greater Manchester North East","[c]","[c]","[c]","[c]"
"Leaver Dept.","2022","Declared disabled","Black","North West (England)","Greater Manchester North West","[c]","[c]","[c]","[c]"
"Leaver Dept.","2022","Declared disabled","Black","North West (England)","Greater Manchester South East","[c]","[c]","[c]","[c]"
"Leaver Dept.","2022","Declared disabled","Black","North West (England)","Greater Manchester South West","[c]","[c]","[c]","[c]"
"Leaver Dept.","2022","Declared disabled","Black","North West (England)","Lancaster and Wyre","[c]","[c]","[c]","[c]"
"Leaver Dept.","2022","Declared disabled","Black","North West (England)","Liverpool","[c]","[c]","[c]","[c]"
"Leaver Dept.","2022","Declared disabled","Black","North West (England)","Manchester","[c]","[c]","[c]","[c]"
"Leaver Dept.","2022","Declared disabled","Black","North West (England)","Mid Lancashire","[c]","[c]","[c]","[c]"
"Leaver Dept.","2022","Declared disabled","Black","North West (England)","Sefton","[c]","[c]","[c]","[c]"
"Leaver Dept.","2022","Declared disabled","Black","North West (England)","Warrington","[c]","[c]","[c]","[c]"
"Leaver Dept.","2022","Declared disabled","Black","North West (England)","West Cumbria","[c]","[c]","[c]","[c]"
"Leaver Dept.","2022","Declared disabled","Black","North West (England)","Wirral","[c]","[c]","[c]","[c]"
"Leaver Dept.","2022","Declared disabled","Black","Northern Ireland","Ards and North Down","[c]","[c]","[c]","[c]"
"Leaver Dept.","2022","Declared disabled","Black","Northern Ireland","Belfast","[c]","[c]","[c]","[c]"
"Leaver Dept.","2022","Declared disabled","Black","Northern Ireland","Lisburn and Castlereagh","[c]","[c]","[c]","[c]"
"Leaver Dept.","2022","Declared disabled","Black","Overseas","Overseas","[c]","[c]","[c]","[c]"
"Leaver Dept.","2022","Declared disabled","Black","Scotland","Aberdeen City and Aberdeenshire","[c]","[c]","[c]","[c]"
"Leaver Dept.","2022","Declared disabled","Black","Scotland","Angus and Dundee City","[c]","[c]","[c]","[c]"
"Leaver Dept.","2022","Declared disabled","Black","Scotland","Caithness and Sutherland, and Ross and Cromarty","[c]","[c]","[c]","[c]"
"Leaver Dept.","2022","Declared disabled","Black","Scotland","City of Edinburgh","[c]","[c]","[c]","[c]"
"Leaver Dept.","2022","Declared disabled","Black","Scotland","Clackmannanshire and Fife","[c]","[c]","[c]","[c]"
"Leaver Dept.","2022","Declared disabled","Black","Scotland","Dumfries and Galloway","[c]","[c]","[c]","[c]"
"Leaver Dept.","2022","Declared disabled","Black","Scotland","East Ayrshire and North Ayrshire mainland","[c]","[c]","[c]","[c]"
"Leaver Dept.","2022","Declared disabled","Black","Scotland","East Dunbartonshire, West Dunbartonshire, and Helensburgh and Lomond","[c]","[c]","[c]","[c]"
"Leaver Dept.","2022","Declared disabled","Black","Scotland","East Lothian and Midlothian","[c]","[c]","[c]","[c]"
"Leaver Dept.","2022","Declared disabled","Black","Scotland","Falkirk","[c]","[c]","[c]","[c]"
"Leaver Dept.","2022","Declared disabled","Black","Scotland","Glasgow City","[c]","[c]","[c]","[c]"
"Leaver Dept.","2022","Declared disabled","Black","Scotland","Inverclyde, East Renfrewshire, and Renfrewshire","[c]","[c]","[c]","[c]"
"Leaver Dept.","2022","Declared disabled","Black","Scotland","Inverness and Nairn, Moray, and Badenoch and Strathspey","[c]","[c]","[c]","[c]"
"Leaver Dept.","2022","Declared disabled","Black","Scotland","Lochaber, Skye and Lochalsh, Arran and Cumbrae, and Argyll and Bute","[c]","[c]","[c]","[c]"
"Leaver Dept.","2022","Declared disabled","Black","Scotland","Na h-Eileanan Siar","[c]","[c]","[c]","[c]"
"Leaver Dept.","2022","Declared disabled","Black","Scotland","North Lanarkshire","[c]","[c]","[c]","[c]"
"Leaver Dept.","2022","Declared disabled","Black","Scotland","Orkney Islands","[c]","[c]","[c]","[c]"
"Leaver Dept.","2022","Declared disabled","Black","Scotland","Perth and Kinross, and Stirling","[c]","[c]","[c]","[c]"
"Leaver Dept.","2022","Declared disabled","Black","Scotland","Scottish Borders","[c]","[c]","[c]","[c]"
"Leaver Dept.","2022","Declared disabled","Black","Scotland","South Ayrshire","[c]","[c]","[c]","[c]"
"Leaver Dept.","2022","Declared disabled","Black","Scotland","South Lanarkshire","[c]","[c]","[c]","[c]"
"Leaver Dept.","2022","Declared disabled","Black","Scotland","West Lothian","[c]","[c]","[c]","[c]"
"Leaver Dept.","2022","Declared disabled","Black","South East (England)","Berkshire","[c]","[c]","[c]","[c]"
"Leaver Dept.","2022","Declared disabled","Black","South East (England)","Brighton and Hove","[c]","[c]","[c]","[c]"
"Leaver Dept.","2022","Declared disabled","Black","South East (England)","Buckinghamshire","[c]","[c]","[c]","[c]"
"Leaver Dept.","2022","Declared disabled","Black","South East (England)","Central Hampshire","[c]","[c]","[c]","[c]"
"Leaver Dept.","2022","Declared disabled","Black","South East (England)","East Kent","[c]","[c]","[c]","[c]"
"Leaver Dept.","2022","Declared disabled","Black","South East (England)","East Surrey","[c]","[c]","[c]","[c]"
"Leaver Dept.","2022","Declared disabled","Black","South East (England)","East Sussex CC","[c]","[c]","[c]","[c]"
"Leaver Dept.","2022","Declared disabled","Black","South East (England)","Isle of Wight","[c]","[c]","[c]","[c]"
"Leaver Dept.","2022","Declared disabled","Black","South East (England)","Kent Thames Gateway","[c]","[c]","[c]","[c]"
"Leaver Dept.","2022","Declared disabled","Black","South East (England)","Medway","[c]","[c]","[c]","[c]"
"Leaver Dept.","2022","Declared disabled","Black","South East (England)","Mid Kent","[c]","[c]","[c]","[c]"
"Leaver Dept.","2022","Declared disabled","Black","South East (England)","Milton Keynes","[c]","[c]","[c]","[c]"
"Leaver Dept.","2022","Declared disabled","Black","South East (England)","North Hampshire","[c]","[c]","[c]","[c]"
"Leaver Dept.","2022","Declared disabled","Black","South East (England)","Oxfordshire CC","[c]","[c]","[c]","[c]"
"Leaver Dept.","2022","Declared disabled","Black","South East (England)","Portsmouth","[c]","[c]","[c]","[c]"
"Leaver Dept.","2022","Declared disabled","Black","South East (England)","South Hampshire","[c]","[c]","[c]","[c]"
"Leaver Dept.","2022","Declared disabled","Black","South East (England)","Southampton","[c]","[c]","[c]","[c]"
"Leaver Dept.","2022","Declared disabled","Black","South East (England)","West Kent","[c]","[c]","[c]","[c]"
"Leaver Dept.","2022","Declared disabled","Black","South East (England)","West Surrey","[c]","[c]","[c]","[c]"
"Leaver Dept.","2022","Declared disabled","Black","South East (England)","West Sussex (North East)","[c]","[c]","[c]","[c]"
"Leaver Dept.","2022","Declared disabled","Black","South East (England)","West Sussex (South West)","[c]","[c]","[c]","[c]"
"Leaver Dept.","2022","Declared disabled","Black","South West (England)","Bath and North East Somerset, North Somerset and South Gloucestershire","[c]","[c]","[c]","[c]"
"Leaver Dept.","2022","Declared disabled","Black","South West (England)","Bournemouth, Christchurch and Poole","[c]","[c]","[c]","[c]"
"Leaver Dept.","2022","Declared disabled","Black","South West (England)","Bristol, City of","[c]","[c]","[c]","[c]"
"Leaver Dept.","2022","Declared disabled","Black","South West (England)","Cornwall and Isles of Scilly","[c]","[c]","[c]","[c]"
"Leaver Dept.","2022","Declared disabled","Black","South West (England)","Devon CC","[c]","[c]","[c]","[c]"
"Leaver Dept.","2022","Declared disabled","Black","South West (England)","Dorset","[c]","[c]","[c]","[c]"
"Leaver Dept.","2022","Declared disabled","Black","South West (England)","Gloucestershire CC","[c]","[c]","[c]","[c]"
"Leaver Dept.","2022","Declared disabled","Black","South West (England)","Plymouth","[c]","[c]","[c]","[c]"
"Leaver Dept.","2022","Declared disabled","Black","South West (England)","Somerset CC","[c]","[c]","[c]","[c]"
"Leaver Dept.","2022","Declared disabled","Black","South West (England)","Swindon","[c]","[c]","[c]","[c]"
"Leaver Dept.","2022","Declared disabled","Black","South West (England)","Torbay","[c]","[c]","[c]","[c]"
"Leaver Dept.","2022","Declared disabled","Black","South West (England)","Wiltshire","[c]","[c]","[c]","[c]"
"Leaver Dept.","2022","Declared disabled","Black","Unknown","Unknown","[c]","[c]","[c]","[c]"
"Leaver Dept.","2022","Declared disabled","Black","Wales","Bridgend and Neath Port Talbot","[c]","[c]","[c]","[c]"
"Leaver Dept.","2022","Declared disabled","Black","Wales","Cardiff and Vale of Glamorgan","[c]","[c]","[c]","[c]"
"Leaver Dept.","2022","Declared disabled","Black","Wales","Central Valleys","[c]","[c]","[c]","[c]"
"Leaver Dept.","2022","Declared disabled","Black","Wales","Conwy and Denbighshire","[c]","[c]","[c]","[c]"
"Leaver Dept.","2022","Declared disabled","Black","Wales","Flintshire and Wrexham","[c]","[c]","[c]","[c]"
"Leaver Dept.","2022","Declared disabled","Black","Wales","Gwent Valleys","[c]","[c]","[c]","[c]"
"Leaver Dept.","2022","Declared disabled","Black","Wales","Gwynedd","[c]","[c]","[c]","[c]"
"Leaver Dept.","2022","Declared disabled","Black","Wales","Isle of Anglesey","[c]","[c]","[c]","[c]"
"Leaver Dept.","2022","Declared disabled","Black","Wales","Monmouthshire and Newport","[c]","[c]","[c]","[c]"
"Leaver Dept.","2022","Declared disabled","Black","Wales","Powys","[c]","[c]","[c]","[c]"
"Leaver Dept.","2022","Declared disabled","Black","Wales","South West Wales","[c]","[c]","[c]","[c]"
"Leaver Dept.","2022","Declared disabled","Black","Wales","Swansea","[c]","[c]","[c]","[c]"
"Leaver Dept.","2022","Declared disabled","Black","West Midlands (England)","Birmingham","5","[c]","[c]","[c]"
"Leaver Dept.","2022","Declared disabled","Black","West Midlands (England)","Coventry","[c]","[c]","[c]","[c]"
"Leaver Dept.","2022","Declared disabled","Black","West Midlands (England)","Dudley","[c]","[c]","[c]","[c]"
"Leaver Dept.","2022","Declared disabled","Black","West Midlands (England)","Herefordshire, County of","[c]","[c]","[c]","[c]"
"Leaver Dept.","2022","Declared disabled","Black","West Midlands (England)","Sandwell","[c]","[c]","[c]","[c]"
"Leaver Dept.","2022","Declared disabled","Black","West Midlands (England)","Shropshire","[c]","[c]","[c]","[c]"
"Leaver Dept.","2022","Declared disabled","Black","West Midlands (England)","Solihull","[c]","[c]","[c]","[c]"
"Leaver Dept.","2022","Declared disabled","Black","West Midlands (England)","Staffordshire CC","[c]","[c]","[c]","[c]"
"Leaver Dept.","2022","Declared disabled","Black","West Midlands (England)","Stoke-on-Trent","[c]","[c]","[c]","[c]"
"Leaver Dept.","2022","Declared disabled","Black","West Midlands (England)","Telford and Wrekin","[c]","[c]","[c]","[c]"
"Leaver Dept.","2022","Declared disabled","Black","West Midlands (England)","Walsall","[c]","[c]","[c]","[c]"
"Leaver Dept.","2022","Declared disabled","Black","West Midlands (England)","Warwickshire CC","[c]","[c]","[c]","[c]"
"Leaver Dept.","2022","Declared disabled","Black","West Midlands (England)","Wolverhampton","[c]","[c]","[c]","[c]"
"Leaver Dept.","2022","Declared disabled","Black","West Midlands (England)","Worcestershire CC","[c]","[c]","[c]","[c]"
"Leaver Dept.","2022","Declared disabled","Black","Yorkshire and The Humber","Barnsley, Doncaster and Rotherham","[c]","[c]","[c]","[c]"
"Leaver Dept.","2022","Declared disabled","Black","Yorkshire and The Humber","Bradford","[c]","[c]","[c]","[c]"
"Leaver Dept.","2022","Declared disabled","Black","Yorkshire and The Humber","Calderdale and Kirklees","[c]","[c]","[c]","[c]"
"Leaver Dept.","2022","Declared disabled","Black","Yorkshire and The Humber","East Riding of Yorkshire","[c]","[c]","[c]","[c]"
"Leaver Dept.","2022","Declared disabled","Black","Yorkshire and The Humber","Kingston upon Hull, City of","[c]","[c]","[c]","[c]"
"Leaver Dept.","2022","Declared disabled","Black","Yorkshire and The Humber","Leeds","[c]","[c]","[c]","[c]"
"Leaver Dept.","2022","Declared disabled","Black","Yorkshire and The Humber","North and North East Lincolnshire","[c]","[c]","[c]","[c]"
"Leaver Dept.","2022","Declared disabled","Black","Yorkshire and The Humber","North Yorkshire CC","[c]","[c]","[c]","[c]"
"Leaver Dept.","2022","Declared disabled","Black","Yorkshire and The Humber","Sheffield","[c]","[c]","[c]","[c]"
"Leaver Dept.","2022","Declared disabled","Black","Yorkshire and The Humber","Wakefield","[c]","[c]","[c]","[c]"
"Leaver Dept.","2022","Declared disabled","Black","Yorkshire and The Humber","York","[c]","[c]","[c]","[c]"
"Leaver Dept.","2022","Declared disabled","Mixed","East Midlands (England)","Derby","[c]","[c]","[c]","[c]"
"Leaver Dept.","2022","Declared disabled","Mixed","East Midlands (England)","East Derbyshire","[c]","[c]","[c]","[c]"
"Leaver Dept.","2022","Declared disabled","Mixed","East Midlands (England)","Leicester","[c]","[c]","[c]","[c]"
"Leaver Dept.","2022","Declared disabled","Mixed","East Midlands (England)","Leicestershire CC and Rutland","[c]","[c]","[c]","[c]"
"Leaver Dept.","2022","Declared disabled","Mixed","East Midlands (England)","Lincolnshire CC","[c]","[c]","[c]","[c]"
"Leaver Dept.","2022","Declared disabled","Mixed","East Midlands (England)","North Northamptonshire","[c]","[c]","[c]","[c]"
"Leaver Dept.","2022","Declared disabled","Mixed","East Midlands (England)","North Nottinghamshire","[c]","[c]","[c]","[c]"
"Leaver Dept.","2022","Declared disabled","Mixed","East Midlands (England)","Nottingham","[c]","[c]","[c]","[c]"
"Leaver Dept.","2022","Declared disabled","Mixed","East Midlands (England)","South and West Derbyshire","[c]","[c]","[c]","[c]"
"Leaver Dept.","2022","Declared disabled","Mixed","East Midlands (England)","South Nottinghamshire","[c]","[c]","[c]","[c]"
"Leaver Dept.","2022","Declared disabled","Mixed","East Midlands (England)","West Northamptonshire","[c]","[c]","[c]","[c]"
"Leaver Dept.","2022","Declared disabled","Mixed","East of England","Bedford","[c]","[c]","[c]","[c]"
"Leaver Dept.","2022","Declared disabled","Mixed","East of England","Breckland and South Norfolk","[c]","[c]","[c]","[c]"
"Leaver Dept.","2022","Declared disabled","Mixed","East of England","Cambridgeshire CC","[c]","[c]","[c]","[c]"
"Leaver Dept.","2022","Declared disabled","Mixed","East of England","Central Bedfordshire","[c]","[c]","[c]","[c]"
"Leaver Dept.","2022","Declared disabled","Mixed","East of England","Essex Haven Gateway","[c]","[c]","[c]","[c]"
"Leaver Dept.","2022","Declared disabled","Mixed","East of England","Essex Thames Gateway","[c]","[c]","[c]","[c]"
"Leaver Dept.","2022","Declared disabled","Mixed","East of England","Heart of Essex","[c]","[c]","[c]","[c]"
"Leaver Dept.","2022","Declared disabled","Mixed","East of England","Hertfordshire CC","[c]","[c]","[c]","[c]"
"Leaver Dept.","2022","Declared disabled","Mixed","East of England","Luton","[c]","[c]","[c]","[c]"
"Leaver Dept.","2022","Declared disabled","Mixed","East of England","North and West Norfolk","[c]","[c]","[c]","[c]"
"Leaver Dept.","2022","Declared disabled","Mixed","East of England","Norwich and East Norfolk","[c]","[c]","[c]","[c]"
"Leaver Dept.","2022","Declared disabled","Mixed","East of England","Peterborough","[c]","[c]","[c]","[c]"
"Leaver Dept.","2022","Declared disabled","Mixed","East of England","Southend-on-Sea","[c]","[c]","[c]","[c]"
"Leaver Dept.","2022","Declared disabled","Mixed","East of England","Suffolk CC","[c]","[c]","[c]","[c]"
"Leaver Dept.","2022","Declared disabled","Mixed","East of England","Thurrock","[c]","[c]","[c]","[c]"
"Leaver Dept.","2022","Declared disabled","Mixed","East of England","West Essex","[c]","[c]","[c]","[c]"
"Leaver Dept.","2022","Declared disabled","Mixed","London","Barking & Dagenham and Havering","[c]","[c]","[c]","[c]"
"Leaver Dept.","2022","Declared disabled","Mixed","London","Barnet","[c]","[c]","[c]","[c]"
"Leaver Dept.","2022","Declared disabled","Mixed","London","Bexley and Greenwich","[c]","[c]","[c]","[c]"
"Leaver Dept.","2022","Declared disabled","Mixed","London","Brent","[c]","[c]","[c]","[c]"
"Leaver Dept.","2022","Declared disabled","Mixed","London","Bromley","[c]","[c]","[c]","[c]"
"Leaver Dept.","2022","Declared disabled","Mixed","London","Camden and City of London","[c]","[c]","[c]","[c]"
"Leaver Dept.","2022","Declared disabled","Mixed","London","Croydon","[c]","[c]","[c]","[c]"
"Leaver Dept.","2022","Declared disabled","Mixed","London","Ealing","[c]","[c]","[c]","[c]"
"Leaver Dept.","2022","Declared disabled","Mixed","London","Enfield","[c]","[c]","[c]","[c]"
"Leaver Dept.","2022","Declared disabled","Mixed","London","Hackney and Newham","[c]","[c]","[c]","[c]"
"Leaver Dept.","2022","Declared disabled","Mixed","London","Haringey and Islington","[c]","[c]","[c]","[c]"
"Leaver Dept.","2022","Declared disabled","Mixed","London","Harrow and Hillingdon","[c]","[c]","[c]","[c]"
"Leaver Dept.","2022","Declared disabled","Mixed","London","Hounslow and Richmond upon Thames","[c]","[c]","[c]","[c]"
"Leaver Dept.","2022","Declared disabled","Mixed","London","Kensington & Chelsea and Hammersmith & Fulham","[c]","[c]","[c]","[c]"
"Leaver Dept.","2022","Declared disabled","Mixed","London","Lambeth","[c]","[c]","[c]","[c]"
"Leaver Dept.","2022","Declared disabled","Mixed","London","Lewisham and Southwark","[c]","[c]","[c]","[c]"
"Leaver Dept.","2022","Declared disabled","Mixed","London","Merton, Kingston upon Thames and Sutton","[c]","[c]","[c]","[c]"
"Leaver Dept.","2022","Declared disabled","Mixed","London","Redbridge and Waltham Forest","[c]","[c]","[c]","[c]"
"Leaver Dept.","2022","Declared disabled","Mixed","London","Tower Hamlets","[c]","[c]","[c]","[c]"
"Leaver Dept.","2022","Declared disabled","Mixed","London","Wandsworth","[c]","[c]","[c]","[c]"
"Leaver Dept.","2022","Declared disabled","Mixed","London","Westminster","25","[c]","[c]","[c]"
"Leaver Dept.","2022","Declared disabled","Mixed","North East (England)","Darlington","[c]","[c]","[c]","[c]"
"Leaver Dept.","2022","Declared disabled","Mixed","North East (England)","Durham","[c]","[c]","[c]","[c]"
"Leaver Dept.","2022","Declared disabled","Mixed","North East (England)","Hartlepool and Stockton-on-Tees","[c]","[c]","[c]","[c]"
"Leaver Dept.","2022","Declared disabled","Mixed","North East (England)","Northumberland","[c]","[c]","[c]","[c]"
"Leaver Dept.","2022","Declared disabled","Mixed","North East (England)","South Teesside","[c]","[c]","[c]","[c]"
"Leaver Dept.","2022","Declared disabled","Mixed","North East (England)","Sunderland","[c]","[c]","[c]","[c]"
"Leaver Dept.","2022","Declared disabled","Mixed","North East (England)","Tyneside","[c]","[c]","[c]","[c]"
"Leaver Dept.","2022","Declared disabled","Mixed","North West (England)","Blackburn with Darwen","[c]","[c]","[c]","[c]"
"Leaver Dept.","2022","Declared disabled","Mixed","North West (England)","Blackpool","[c]","[c]","[c]","[c]"
"Leaver Dept.","2022","Declared disabled","Mixed","North West (England)","Cheshire East","[c]","[c]","[c]","[c]"
"Leaver Dept.","2022","Declared disabled","Mixed","North West (England)","Cheshire West and Chester","[c]","[c]","[c]","[c]"
"Leaver Dept.","2022","Declared disabled","Mixed","North West (England)","Chorley and West Lancashire","[c]","[c]","[c]","[c]"
"Leaver Dept.","2022","Declared disabled","Mixed","North West (England)","East Cumbria","[c]","[c]","[c]","[c]"
"Leaver Dept.","2022","Declared disabled","Mixed","North West (England)","East Lancashire","[c]","[c]","[c]","[c]"
"Leaver Dept.","2022","Declared disabled","Mixed","North West (England)","East Merseyside","[c]","[c]","[c]","[c]"
"Leaver Dept.","2022","Declared disabled","Mixed","North West (England)","Greater Manchester North East","[c]","[c]","[c]","[c]"
"Leaver Dept.","2022","Declared disabled","Mixed","North West (England)","Greater Manchester North West","[c]","[c]","[c]","[c]"
"Leaver Dept.","2022","Declared disabled","Mixed","North West (England)","Greater Manchester South East","[c]","[c]","[c]","[c]"
"Leaver Dept.","2022","Declared disabled","Mixed","North West (England)","Greater Manchester South West","[c]","[c]","[c]","[c]"
"Leaver Dept.","2022","Declared disabled","Mixed","North West (England)","Lancaster and Wyre","[c]","[c]","[c]","[c]"
"Leaver Dept.","2022","Declared disabled","Mixed","North West (England)","Liverpool","[c]","[c]","[c]","[c]"
"Leaver Dept.","2022","Declared disabled","Mixed","North West (England)","Manchester","[c]","[c]","[c]","[c]"
"Leaver Dept.","2022","Declared disabled","Mixed","North West (England)","Mid Lancashire","[c]","[c]","[c]","[c]"
"Leaver Dept.","2022","Declared disabled","Mixed","North West (England)","Sefton","[c]","[c]","[c]","[c]"
"Leaver Dept.","2022","Declared disabled","Mixed","North West (England)","Warrington","[c]","[c]","[c]","[c]"
"Leaver Dept.","2022","Declared disabled","Mixed","North West (England)","West Cumbria","[c]","[c]","[c]","[c]"
"Leaver Dept.","2022","Declared disabled","Mixed","North West (England)","Wirral","[c]","[c]","[c]","[c]"
"Leaver Dept.","2022","Declared disabled","Mixed","Northern Ireland","Ards and North Down","[c]","[c]","[c]","[c]"
"Leaver Dept.","2022","Declared disabled","Mixed","Northern Ireland","Belfast","[c]","[c]","[c]","[c]"
"Leaver Dept.","2022","Declared disabled","Mixed","Northern Ireland","Lisburn and Castlereagh","[c]","[c]","[c]","[c]"
"Leaver Dept.","2022","Declared disabled","Mixed","Overseas","Overseas","[c]","[c]","[c]","[c]"
"Leaver Dept.","2022","Declared disabled","Mixed","Scotland","Aberdeen City and Aberdeenshire","[c]","[c]","[c]","[c]"
"Leaver Dept.","2022","Declared disabled","Mixed","Scotland","Angus and Dundee City","[c]","[c]","[c]","[c]"
"Leaver Dept.","2022","Declared disabled","Mixed","Scotland","Caithness and Sutherland, and Ross and Cromarty","[c]","[c]","[c]","[c]"
"Leaver Dept.","2022","Declared disabled","Mixed","Scotland","City of Edinburgh","[c]","[c]","[c]","[c]"
"Leaver Dept.","2022","Declared disabled","Mixed","Scotland","Clackmannanshire and Fife","[c]","[c]","[c]","[c]"
"Leaver Dept.","2022","Declared disabled","Mixed","Scotland","Dumfries and Galloway","[c]","[c]","[c]","[c]"
"Leaver Dept.","2022","Declared disabled","Mixed","Scotland","East Ayrshire and North Ayrshire mainland","[c]","[c]","[c]","[c]"
"Leaver Dept.","2022","Declared disabled","Mixed","Scotland","East Dunbartonshire, West Dunbartonshire, and Helensburgh and Lomond","[c]","[c]","[c]","[c]"
"Leaver Dept.","2022","Declared disabled","Mixed","Scotland","East Lothian and Midlothian","[c]","[c]","[c]","[c]"
"Leaver Dept.","2022","Declared disabled","Mixed","Scotland","Falkirk","[c]","[c]","[c]","[c]"
"Leaver Dept.","2022","Declared disabled","Mixed","Scotland","Glasgow City","[c]","[c]","[c]","[c]"
"Leaver Dept.","2022","Declared disabled","Mixed","Scotland","Inverclyde, East Renfrewshire, and Renfrewshire","[c]","[c]","[c]","[c]"
"Leaver Dept.","2022","Declared disabled","Mixed","Scotland","Inverness and Nairn, Moray, and Badenoch and Strathspey","[c]","[c]","[c]","[c]"
"Leaver Dept.","2022","Declared disabled","Mixed","Scotland","Lochaber, Skye and Lochalsh, Arran and Cumbrae, and Argyll and Bute","[c]","[c]","[c]","[c]"
"Leaver Dept.","2022","Declared disabled","Mixed","Scotland","Na h-Eileanan Siar","[c]","[c]","[c]","[c]"
"Leaver Dept.","2022","Declared disabled","Mixed","Scotland","North Lanarkshire","[c]","[c]","[c]","[c]"
"Leaver Dept.","2022","Declared disabled","Mixed","Scotland","Orkney Islands","[c]","[c]","[c]","[c]"
"Leaver Dept.","2022","Declared disabled","Mixed","Scotland","Perth and Kinross, and Stirling","[c]","[c]","[c]","[c]"
"Leaver Dept.","2022","Declared disabled","Mixed","Scotland","Scottish Borders","[c]","[c]","[c]","[c]"
"Leaver Dept.","2022","Declared disabled","Mixed","Scotland","South Ayrshire","[c]","[c]","[c]","[c]"
"Leaver Dept.","2022","Declared disabled","Mixed","Scotland","South Lanarkshire","[c]","[c]","[c]","[c]"
"Leaver Dept.","2022","Declared disabled","Mixed","Scotland","West Lothian","[c]","[c]","[c]","[c]"
"Leaver Dept.","2022","Declared disabled","Mixed","South East (England)","Berkshire","[c]","[c]","[c]","[c]"
"Leaver Dept.","2022","Declared disabled","Mixed","South East (England)","Brighton and Hove","[c]","[c]","[c]","[c]"
"Leaver Dept.","2022","Declared disabled","Mixed","South East (England)","Buckinghamshire","[c]","[c]","[c]","[c]"
"Leaver Dept.","2022","Declared disabled","Mixed","South East (England)","Central Hampshire","[c]","[c]","[c]","[c]"
"Leaver Dept.","2022","Declared disabled","Mixed","South East (England)","East Kent","[c]","[c]","[c]","[c]"
"Leaver Dept.","2022","Declared disabled","Mixed","South East (England)","East Surrey","[c]","[c]","[c]","[c]"
"Leaver Dept.","2022","Declared disabled","Mixed","South East (England)","East Sussex CC","[c]","[c]","[c]","[c]"
"Leaver Dept.","2022","Declared disabled","Mixed","South East (England)","Isle of Wight","[c]","[c]","[c]","[c]"
"Leaver Dept.","2022","Declared disabled","Mixed","South East (England)","Kent Thames Gateway","[c]","[c]","[c]","[c]"
"Leaver Dept.","2022","Declared disabled","Mixed","South East (England)","Medway","[c]","[c]","[c]","[c]"
"Leaver Dept.","2022","Declared disabled","Mixed","South East (England)","Mid Kent","[c]","[c]","[c]","[c]"
"Leaver Dept.","2022","Declared disabled","Mixed","South East (England)","Milton Keynes","[c]","[c]","[c]","[c]"
"Leaver Dept.","2022","Declared disabled","Mixed","South East (England)","North Hampshire","[c]","[c]","[c]","[c]"
"Leaver Dept.","2022","Declared disabled","Mixed","South East (England)","Oxfordshire CC","[c]","[c]","[c]","[c]"
"Leaver Dept.","2022","Declared disabled","Mixed","South East (England)","Portsmouth","[c]","[c]","[c]","[c]"
"Leaver Dept.","2022","Declared disabled","Mixed","South East (England)","South Hampshire","[c]","[c]","[c]","[c]"
"Leaver Dept.","2022","Declared disabled","Mixed","South East (England)","Southampton","[c]","[c]","[c]","[c]"
"Leaver Dept.","2022","Declared disabled","Mixed","South East (England)","West Kent","[c]","[c]","[c]","[c]"
"Leaver Dept.","2022","Declared disabled","Mixed","South East (England)","West Surrey","[c]","[c]","[c]","[c]"
"Leaver Dept.","2022","Declared disabled","Mixed","South East (England)","West Sussex (North East)","[c]","[c]","[c]","[c]"
"Leaver Dept.","2022","Declared disabled","Mixed","South East (England)","West Sussex (South West)","[c]","[c]","[c]","[c]"
"Leaver Dept.","2022","Declared disabled","Mixed","South West (England)","Bath and North East Somerset, North Somerset and South Gloucestershire","[c]","[c]","[c]","[c]"
"Leaver Dept.","2022","Declared disabled","Mixed","South West (England)","Bournemouth, Christchurch and Poole","[c]","[c]","[c]","[c]"
"Leaver Dept.","2022","Declared disabled","Mixed","South West (England)","Bristol, City of","[c]","[c]","[c]","[c]"
"Leaver Dept.","2022","Declared disabled","Mixed","South West (England)","Cornwall and Isles of Scilly","[c]","[c]","[c]","[c]"
"Leaver Dept.","2022","Declared disabled","Mixed","South West (England)","Devon CC","[c]","[c]","[c]","[c]"
"Leaver Dept.","2022","Declared disabled","Mixed","South West (England)","Dorset","[c]","[c]","[c]","[c]"
"Leaver Dept.","2022","Declared disabled","Mixed","South West (England)","Gloucestershire CC","[c]","[c]","[c]","[c]"
"Leaver Dept.","2022","Declared disabled","Mixed","South West (England)","Plymouth","[c]","[c]","[c]","[c]"
"Leaver Dept.","2022","Declared disabled","Mixed","South West (England)","Somerset CC","[c]","[c]","[c]","[c]"
"Leaver Dept.","2022","Declared disabled","Mixed","South West (England)","Swindon","[c]","[c]","[c]","[c]"
"Leaver Dept.","2022","Declared disabled","Mixed","South West (England)","Torbay","[c]","[c]","[c]","[c]"
"Leaver Dept.","2022","Declared disabled","Mixed","South West (England)","Wiltshire","[c]","[c]","[c]","[c]"
"Leaver Dept.","2022","Declared disabled","Mixed","Unknown","Unknown","[c]","[c]","[c]","[c]"
"Leaver Dept.","2022","Declared disabled","Mixed","Wales","Bridgend and Neath Port Talbot","[c]","[c]","[c]","[c]"
"Leaver Dept.","2022","Declared disabled","Mixed","Wales","Cardiff and Vale of Glamorgan","[c]","[c]","[c]","[c]"
"Leaver Dept.","2022","Declared disabled","Mixed","Wales","Central Valleys","[c]","[c]","[c]","[c]"
"Leaver Dept.","2022","Declared disabled","Mixed","Wales","Conwy and Denbighshire","[c]","[c]","[c]","[c]"
"Leaver Dept.","2022","Declared disabled","Mixed","Wales","Flintshire and Wrexham","[c]","[c]","[c]","[c]"
"Leaver Dept.","2022","Declared disabled","Mixed","Wales","Gwent Valleys","[c]","[c]","[c]","[c]"
"Leaver Dept.","2022","Declared disabled","Mixed","Wales","Gwynedd","[c]","[c]","[c]","[c]"
"Leaver Dept.","2022","Declared disabled","Mixed","Wales","Isle of Anglesey","[c]","[c]","[c]","[c]"
"Leaver Dept.","2022","Declared disabled","Mixed","Wales","Monmouthshire and Newport","[c]","[c]","[c]","[c]"
"Leaver Dept.","2022","Declared disabled","Mixed","Wales","Powys","[c]","[c]","[c]","[c]"
"Leaver Dept.","2022","Declared disabled","Mixed","Wales","South West Wales","[c]","[c]","[c]","[c]"
"Leaver Dept.","2022","Declared disabled","Mixed","Wales","Swansea","[c]","[c]","[c]","[c]"
"Leaver Dept.","2022","Declared disabled","Mixed","West Midlands (England)","Birmingham","[c]","[c]","[c]","[c]"
"Leaver Dept.","2022","Declared disabled","Mixed","West Midlands (England)","Coventry","[c]","[c]","[c]","[c]"
"Leaver Dept.","2022","Declared disabled","Mixed","West Midlands (England)","Dudley","[c]","[c]","[c]","[c]"
"Leaver Dept.","2022","Declared disabled","Mixed","West Midlands (England)","Herefordshire, County of","[c]","[c]","[c]","[c]"
"Leaver Dept.","2022","Declared disabled","Mixed","West Midlands (England)","Sandwell","[c]","[c]","[c]","[c]"
"Leaver Dept.","2022","Declared disabled","Mixed","West Midlands (England)","Shropshire","[c]","[c]","[c]","[c]"
"Leaver Dept.","2022","Declared disabled","Mixed","West Midlands (England)","Solihull","[c]","[c]","[c]","[c]"
"Leaver Dept.","2022","Declared disabled","Mixed","West Midlands (England)","Staffordshire CC","[c]","[c]","[c]","[c]"
"Leaver Dept.","2022","Declared disabled","Mixed","West Midlands (England)","Stoke-on-Trent","[c]","[c]","[c]","[c]"
"Leaver Dept.","2022","Declared disabled","Mixed","West Midlands (England)","Telford and Wrekin","[c]","[c]","[c]","[c]"
"Leaver Dept.","2022","Declared disabled","Mixed","West Midlands (England)","Walsall","[c]","[c]","[c]","[c]"
"Leaver Dept.","2022","Declared disabled","Mixed","West Midlands (England)","Warwickshire CC","[c]","[c]","[c]","[c]"
"Leaver Dept.","2022","Declared disabled","Mixed","West Midlands (England)","Wolverhampton","[c]","[c]","[c]","[c]"
"Leaver Dept.","2022","Declared disabled","Mixed","West Midlands (England)","Worcestershire CC","[c]","[c]","[c]","[c]"
"Leaver Dept.","2022","Declared disabled","Mixed","Yorkshire and The Humber","Barnsley, Doncaster and Rotherham","[c]","[c]","[c]","[c]"
"Leaver Dept.","2022","Declared disabled","Mixed","Yorkshire and The Humber","Bradford","[c]","[c]","[c]","[c]"
"Leaver Dept.","2022","Declared disabled","Mixed","Yorkshire and The Humber","Calderdale and Kirklees","[c]","[c]","[c]","[c]"
"Leaver Dept.","2022","Declared disabled","Mixed","Yorkshire and The Humber","East Riding of Yorkshire","[c]","[c]","[c]","[c]"
"Leaver Dept.","2022","Declared disabled","Mixed","Yorkshire and The Humber","Kingston upon Hull, City of","[c]","[c]","[c]","[c]"
"Leaver Dept.","2022","Declared disabled","Mixed","Yorkshire and The Humber","Leeds","[c]","[c]","[c]","[c]"
"Leaver Dept.","2022","Declared disabled","Mixed","Yorkshire and The Humber","North and North East Lincolnshire","[c]","[c]","[c]","[c]"
"Leaver Dept.","2022","Declared disabled","Mixed","Yorkshire and The Humber","North Yorkshire CC","[c]","[c]","[c]","[c]"
"Leaver Dept.","2022","Declared disabled","Mixed","Yorkshire and The Humber","Sheffield","[c]","[c]","[c]","[c]"
"Leaver Dept.","2022","Declared disabled","Mixed","Yorkshire and The Humber","Wakefield","[c]","[c]","[c]","[c]"
"Leaver Dept.","2022","Declared disabled","Mixed","Yorkshire and The Humber","York","[c]","[c]","[c]","[c]"
"Leaver Dept.","2022","Declared disabled","Other ethnicity","East Midlands (England)","Derby","[c]","[c]","[c]","[c]"
"Leaver Dept.","2022","Declared disabled","Other ethnicity","East Midlands (England)","East Derbyshire","[c]","[c]","[c]","[c]"
"Leaver Dept.","2022","Declared disabled","Other ethnicity","East Midlands (England)","Leicester","[c]","[c]","[c]","[c]"
"Leaver Dept.","2022","Declared disabled","Other ethnicity","East Midlands (England)","Leicestershire CC and Rutland","[c]","[c]","[c]","[c]"
"Leaver Dept.","2022","Declared disabled","Other ethnicity","East Midlands (England)","Lincolnshire CC","[c]","[c]","[c]","[c]"
"Leaver Dept.","2022","Declared disabled","Other ethnicity","East Midlands (England)","North Northamptonshire","[c]","[c]","[c]","[c]"
"Leaver Dept.","2022","Declared disabled","Other ethnicity","East Midlands (England)","North Nottinghamshire","[c]","[c]","[c]","[c]"
"Leaver Dept.","2022","Declared disabled","Other ethnicity","East Midlands (England)","Nottingham","[c]","[c]","[c]","[c]"
"Leaver Dept.","2022","Declared disabled","Other ethnicity","East Midlands (England)","South and West Derbyshire","[c]","[c]","[c]","[c]"
"Leaver Dept.","2022","Declared disabled","Other ethnicity","East Midlands (England)","South Nottinghamshire","[c]","[c]","[c]","[c]"
"Leaver Dept.","2022","Declared disabled","Other ethnicity","East Midlands (England)","West Northamptonshire","[c]","[c]","[c]","[c]"
"Leaver Dept.","2022","Declared disabled","Other ethnicity","East of England","Bedford","[c]","[c]","[c]","[c]"
"Leaver Dept.","2022","Declared disabled","Other ethnicity","East of England","Breckland and South Norfolk","[c]","[c]","[c]","[c]"
"Leaver Dept.","2022","Declared disabled","Other ethnicity","East of England","Cambridgeshire CC","[c]","[c]","[c]","[c]"
"Leaver Dept.","2022","Declared disabled","Other ethnicity","East of England","Central Bedfordshire","[c]","[c]","[c]","[c]"
"Leaver Dept.","2022","Declared disabled","Other ethnicity","East of England","Essex Haven Gateway","[c]","[c]","[c]","[c]"
"Leaver Dept.","2022","Declared disabled","Other ethnicity","East of England","Essex Thames Gateway","[c]","[c]","[c]","[c]"
"Leaver Dept.","2022","Declared disabled","Other ethnicity","East of England","Heart of Essex","[c]","[c]","[c]","[c]"
"Leaver Dept.","2022","Declared disabled","Other ethnicity","East of England","Hertfordshire CC","[c]","[c]","[c]","[c]"
"Leaver Dept.","2022","Declared disabled","Other ethnicity","East of England","Luton","[c]","[c]","[c]","[c]"
"Leaver Dept.","2022","Declared disabled","Other ethnicity","East of England","North and West Norfolk","[c]","[c]","[c]","[c]"
"Leaver Dept.","2022","Declared disabled","Other ethnicity","East of England","Norwich and East Norfolk","[c]","[c]","[c]","[c]"
"Leaver Dept.","2022","Declared disabled","Other ethnicity","East of England","Peterborough","[c]","[c]","[c]","[c]"
"Leaver Dept.","2022","Declared disabled","Other ethnicity","East of England","Southend-on-Sea","[c]","[c]","[c]","[c]"
"Leaver Dept.","2022","Declared disabled","Other ethnicity","East of England","Suffolk CC","[c]","[c]","[c]","[c]"
"Leaver Dept.","2022","Declared disabled","Other ethnicity","East of England","Thurrock","[c]","[c]","[c]","[c]"
"Leaver Dept.","2022","Declared disabled","Other ethnicity","East of England","West Essex","[c]","[c]","[c]","[c]"
"Leaver Dept.","2022","Declared disabled","Other ethnicity","London","Barking & Dagenham and Havering","[c]","[c]","[c]","[c]"
"Leaver Dept.","2022","Declared disabled","Other ethnicity","London","Barnet","[c]","[c]","[c]","[c]"
"Leaver Dept.","2022","Declared disabled","Other ethnicity","London","Bexley and Greenwich","[c]","[c]","[c]","[c]"
"Leaver Dept.","2022","Declared disabled","Other ethnicity","London","Brent","[c]","[c]","[c]","[c]"
"Leaver Dept.","2022","Declared disabled","Other ethnicity","London","Bromley","[c]","[c]","[c]","[c]"
"Leaver Dept.","2022","Declared disabled","Other ethnicity","London","Camden and City of London","[c]","[c]","[c]","[c]"
"Leaver Dept.","2022","Declared disabled","Other ethnicity","London","Croydon","[c]","[c]","[c]","[c]"
"Leaver Dept.","2022","Declared disabled","Other ethnicity","London","Ealing","[c]","[c]","[c]","[c]"
"Leaver Dept.","2022","Declared disabled","Other ethnicity","London","Enfield","[c]","[c]","[c]","[c]"
"Leaver Dept.","2022","Declared disabled","Other ethnicity","London","Hackney and Newham","[c]","[c]","[c]","[c]"
"Leaver Dept.","2022","Declared disabled","Other ethnicity","London","Haringey and Islington","[c]","[c]","[c]","[c]"
"Leaver Dept.","2022","Declared disabled","Other ethnicity","London","Harrow and Hillingdon","[c]","[c]","[c]","[c]"
"Leaver Dept.","2022","Declared disabled","Other ethnicity","London","Hounslow and Richmond upon Thames","[c]","[c]","[c]","[c]"
"Leaver Dept.","2022","Declared disabled","Other ethnicity","London","Kensington & Chelsea and Hammersmith & Fulham","[c]","[c]","[c]","[c]"
"Leaver Dept.","2022","Declared disabled","Other ethnicity","London","Lambeth","[c]","[c]","[c]","[c]"
"Leaver Dept.","2022","Declared disabled","Other ethnicity","London","Lewisham and Southwark","[c]","[c]","[c]","[c]"
"Leaver Dept.","2022","Declared disabled","Other ethnicity","London","Merton, Kingston upon Thames and Sutton","[c]","[c]","[c]","[c]"
"Leaver Dept.","2022","Declared disabled","Other ethnicity","London","Redbridge and Waltham Forest","[c]","[c]","[c]","[c]"
"Leaver Dept.","2022","Declared disabled","Other ethnicity","London","Tower Hamlets","[c]","[c]","[c]","[c]"
"Leaver Dept.","2022","Declared disabled","Other ethnicity","London","Wandsworth","[c]","[c]","[c]","[c]"
"Leaver Dept.","2022","Declared disabled","Other ethnicity","London","Westminster","[c]","[c]","[c]","[c]"
"Leaver Dept.","2022","Declared disabled","Other ethnicity","North East (England)","Darlington","[c]","[c]","[c]","[c]"
"Leaver Dept.","2022","Declared disabled","Other ethnicity","North East (England)","Durham","[c]","[c]","[c]","[c]"
"Leaver Dept.","2022","Declared disabled","Other ethnicity","North East (England)","Hartlepool and Stockton-on-Tees","[c]","[c]","[c]","[c]"
"Leaver Dept.","2022","Declared disabled","Other ethnicity","North East (England)","Northumberland","[c]","[c]","[c]","[c]"
"Leaver Dept.","2022","Declared disabled","Other ethnicity","North East (England)","South Teesside","[c]","[c]","[c]","[c]"
"Leaver Dept.","2022","Declared disabled","Other ethnicity","North East (England)","Sunderland","[c]","[c]","[c]","[c]"
"Leaver Dept.","2022","Declared disabled","Other ethnicity","North East (England)","Tyneside","[c]","[c]","[c]","[c]"
"Leaver Dept.","2022","Declared disabled","Other ethnicity","North West (England)","Blackburn with Darwen","[c]","[c]","[c]","[c]"
"Leaver Dept.","2022","Declared disabled","Other ethnicity","North West (England)","Blackpool","[c]","[c]","[c]","[c]"
"Leaver Dept.","2022","Declared disabled","Other ethnicity","North West (England)","Cheshire East","[c]","[c]","[c]","[c]"
"Leaver Dept.","2022","Declared disabled","Other ethnicity","North West (England)","Cheshire West and Chester","[c]","[c]","[c]","[c]"
"Leaver Dept.","2022","Declared disabled","Other ethnicity","North West (England)","Chorley and West Lancashire","[c]","[c]","[c]","[c]"
"Leaver Dept.","2022","Declared disabled","Other ethnicity","North West (England)","East Cumbria","[c]","[c]","[c]","[c]"
"Leaver Dept.","2022","Declared disabled","Other ethnicity","North West (England)","East Lancashire","[c]","[c]","[c]","[c]"
"Leaver Dept.","2022","Declared disabled","Other ethnicity","North West (England)","East Merseyside","[c]","[c]","[c]","[c]"
"Leaver Dept.","2022","Declared disabled","Other ethnicity","North West (England)","Greater Manchester North East","[c]","[c]","[c]","[c]"
"Leaver Dept.","2022","Declared disabled","Other ethnicity","North West (England)","Greater Manchester North West","[c]","[c]","[c]","[c]"
"Leaver Dept.","2022","Declared disabled","Other ethnicity","North West (England)","Greater Manchester South East","[c]","[c]","[c]","[c]"
"Leaver Dept.","2022","Declared disabled","Other ethnicity","North West (England)","Greater Manchester South West","[c]","[c]","[c]","[c]"
"Leaver Dept.","2022","Declared disabled","Other ethnicity","North West (England)","Lancaster and Wyre","[c]","[c]","[c]","[c]"
"Leaver Dept.","2022","Declared disabled","Other ethnicity","North West (England)","Liverpool","[c]","[c]","[c]","[c]"
"Leaver Dept.","2022","Declared disabled","Other ethnicity","North West (England)","Manchester","[c]","[c]","[c]","[c]"
"Leaver Dept.","2022","Declared disabled","Other ethnicity","North West (England)","Mid Lancashire","[c]","[c]","[c]","[c]"
"Leaver Dept.","2022","Declared disabled","Other ethnicity","North West (England)","Sefton","[c]","[c]","[c]","[c]"
"Leaver Dept.","2022","Declared disabled","Other ethnicity","North West (England)","Warrington","[c]","[c]","[c]","[c]"
"Leaver Dept.","2022","Declared disabled","Other ethnicity","North West (England)","West Cumbria","[c]","[c]","[c]","[c]"
"Leaver Dept.","2022","Declared disabled","Other ethnicity","North West (England)","Wirral","[c]","[c]","[c]","[c]"
"Leaver Dept.","2022","Declared disabled","Other ethnicity","Northern Ireland","Ards and North Down","[c]","[c]","[c]","[c]"
"Leaver Dept.","2022","Declared disabled","Other ethnicity","Northern Ireland","Belfast","[c]","[c]","[c]","[c]"
"Leaver Dept.","2022","Declared disabled","Other ethnicity","Northern Ireland","Lisburn and Castlereagh","[c]","[c]","[c]","[c]"
"Leaver Dept.","2022","Declared disabled","Other ethnicity","Overseas","Overseas","[c]","[c]","[c]","[c]"
"Leaver Dept.","2022","Declared disabled","Other ethnicity","Scotland","Aberdeen City and Aberdeenshire","[c]","[c]","[c]","[c]"
"Leaver Dept.","2022","Declared disabled","Other ethnicity","Scotland","Angus and Dundee City","[c]","[c]","[c]","[c]"
"Leaver Dept.","2022","Declared disabled","Other ethnicity","Scotland","Caithness and Sutherland, and Ross and Cromarty","[c]","[c]","[c]","[c]"
"Leaver Dept.","2022","Declared disabled","Other ethnicity","Scotland","City of Edinburgh","[c]","[c]","[c]","[c]"
"Leaver Dept.","2022","Declared disabled","Other ethnicity","Scotland","Clackmannanshire and Fife","[c]","[c]","[c]","[c]"
"Leaver Dept.","2022","Declared disabled","Other ethnicity","Scotland","Dumfries and Galloway","[c]","[c]","[c]","[c]"
"Leaver Dept.","2022","Declared disabled","Other ethnicity","Scotland","East Ayrshire and North Ayrshire mainland","[c]","[c]","[c]","[c]"
"Leaver Dept.","2022","Declared disabled","Other ethnicity","Scotland","East Dunbartonshire, West Dunbartonshire, and Helensburgh and Lomond","[c]","[c]","[c]","[c]"
"Leaver Dept.","2022","Declared disabled","Other ethnicity","Scotland","East Lothian and Midlothian","[c]","[c]","[c]","[c]"
"Leaver Dept.","2022","Declared disabled","Other ethnicity","Scotland","Falkirk","[c]","[c]","[c]","[c]"
"Leaver Dept.","2022","Declared disabled","Other ethnicity","Scotland","Glasgow City","[c]","[c]","[c]","[c]"
"Leaver Dept.","2022","Declared disabled","Other ethnicity","Scotland","Inverclyde, East Renfrewshire, and Renfrewshire","[c]","[c]","[c]","[c]"
"Leaver Dept.","2022","Declared disabled","Other ethnicity","Scotland","Inverness and Nairn, Moray, and Badenoch and Strathspey","[c]","[c]","[c]","[c]"
"Leaver Dept.","2022","Declared disabled","Other ethnicity","Scotland","Lochaber, Skye and Lochalsh, Arran and Cumbrae, and Argyll and Bute","[c]","[c]","[c]","[c]"
"Leaver Dept.","2022","Declared disabled","Other ethnicity","Scotland","Na h-Eileanan Siar","[c]","[c]","[c]","[c]"
"Leaver Dept.","2022","Declared disabled","Other ethnicity","Scotland","North Lanarkshire","[c]","[c]","[c]","[c]"
"Leaver Dept.","2022","Declared disabled","Other ethnicity","Scotland","Orkney Islands","[c]","[c]","[c]","[c]"
"Leaver Dept.","2022","Declared disabled","Other ethnicity","Scotland","Perth and Kinross, and Stirling","[c]","[c]","[c]","[c]"
"Leaver Dept.","2022","Declared disabled","Other ethnicity","Scotland","Scottish Borders","[c]","[c]","[c]","[c]"
"Leaver Dept.","2022","Declared disabled","Other ethnicity","Scotland","South Ayrshire","[c]","[c]","[c]","[c]"
"Leaver Dept.","2022","Declared disabled","Other ethnicity","Scotland","South Lanarkshire","[c]","[c]","[c]","[c]"
"Leaver Dept.","2022","Declared disabled","Other ethnicity","Scotland","West Lothian","[c]","[c]","[c]","[c]"
"Leaver Dept.","2022","Declared disabled","Other ethnicity","South East (England)","Berkshire","[c]","[c]","[c]","[c]"
"Leaver Dept.","2022","Declared disabled","Other ethnicity","South East (England)","Brighton and Hove","[c]","[c]","[c]","[c]"
"Leaver Dept.","2022","Declared disabled","Other ethnicity","South East (England)","Buckinghamshire","[c]","[c]","[c]","[c]"
"Leaver Dept.","2022","Declared disabled","Other ethnicity","South East (England)","Central Hampshire","[c]","[c]","[c]","[c]"
"Leaver Dept.","2022","Declared disabled","Other ethnicity","South East (England)","East Kent","[c]","[c]","[c]","[c]"
"Leaver Dept.","2022","Declared disabled","Other ethnicity","South East (England)","East Surrey","[c]","[c]","[c]","[c]"
"Leaver Dept.","2022","Declared disabled","Other ethnicity","South East (England)","East Sussex CC","[c]","[c]","[c]","[c]"
"Leaver Dept.","2022","Declared disabled","Other ethnicity","South East (England)","Isle of Wight","[c]","[c]","[c]","[c]"
"Leaver Dept.","2022","Declared disabled","Other ethnicity","South East (England)","Kent Thames Gateway","[c]","[c]","[c]","[c]"
"Leaver Dept.","2022","Declared disabled","Other ethnicity","South East (England)","Medway","[c]","[c]","[c]","[c]"
"Leaver Dept.","2022","Declared disabled","Other ethnicity","South East (England)","Mid Kent","[c]","[c]","[c]","[c]"
"Leaver Dept.","2022","Declared disabled","Other ethnicity","South East (England)","Milton Keynes","[c]","[c]","[c]","[c]"
"Leaver Dept.","2022","Declared disabled","Other ethnicity","South East (England)","North Hampshire","[c]","[c]","[c]","[c]"
"Leaver Dept.","2022","Declared disabled","Other ethnicity","South East (England)","Oxfordshire CC","[c]","[c]","[c]","[c]"
"Leaver Dept.","2022","Declared disabled","Other ethnicity","South East (England)","Portsmouth","[c]","[c]","[c]","[c]"
"Leaver Dept.","2022","Declared disabled","Other ethnicity","South East (England)","South Hampshire","[c]","[c]","[c]","[c]"
"Leaver Dept.","2022","Declared disabled","Other ethnicity","South East (England)","Southampton","[c]","[c]","[c]","[c]"
"Leaver Dept.","2022","Declared disabled","Other ethnicity","South East (England)","West Kent","[c]","[c]","[c]","[c]"
"Leaver Dept.","2022","Declared disabled","Other ethnicity","South East (England)","West Surrey","[c]","[c]","[c]","[c]"
"Leaver Dept.","2022","Declared disabled","Other ethnicity","South East (England)","West Sussex (North East)","[c]","[c]","[c]","[c]"
"Leaver Dept.","2022","Declared disabled","Other ethnicity","South East (England)","West Sussex (South West)","[c]","[c]","[c]","[c]"
"Leaver Dept.","2022","Declared disabled","Other ethnicity","South West (England)","Bath and North East Somerset, North Somerset and South Gloucestershire","[c]","[c]","[c]","[c]"
"Leaver Dept.","2022","Declared disabled","Other ethnicity","South West (England)","Bournemouth, Christchurch and Poole","[c]","[c]","[c]","[c]"
"Leaver Dept.","2022","Declared disabled","Other ethnicity","South West (England)","Bristol, City of","[c]","[c]","[c]","[c]"
"Leaver Dept.","2022","Declared disabled","Other ethnicity","South West (England)","Cornwall and Isles of Scilly","[c]","[c]","[c]","[c]"
"Leaver Dept.","2022","Declared disabled","Other ethnicity","South West (England)","Devon CC","[c]","[c]","[c]","[c]"
"Leaver Dept.","2022","Declared disabled","Other ethnicity","South West (England)","Dorset","[c]","[c]","[c]","[c]"
"Leaver Dept.","2022","Declared disabled","Other ethnicity","South West (England)","Gloucestershire CC","[c]","[c]","[c]","[c]"
"Leaver Dept.","2022","Declared disabled","Other ethnicity","South West (England)","Plymouth","[c]","[c]","[c]","[c]"
"Leaver Dept.","2022","Declared disabled","Other ethnicity","South West (England)","Somerset CC","[c]","[c]","[c]","[c]"
"Leaver Dept.","2022","Declared disabled","Other ethnicity","South West (England)","Swindon","[c]","[c]","[c]","[c]"
"Leaver Dept.","2022","Declared disabled","Other ethnicity","South West (England)","Torbay","[c]","[c]","[c]","[c]"
"Leaver Dept.","2022","Declared disabled","Other ethnicity","South West (England)","Wiltshire","[c]","[c]","[c]","[c]"
"Leaver Dept.","2022","Declared disabled","Other ethnicity","Unknown","Unknown","[c]","[c]","[c]","[c]"
"Leaver Dept.","2022","Declared disabled","Other ethnicity","Wales","Bridgend and Neath Port Talbot","[c]","[c]","[c]","[c]"
"Leaver Dept.","2022","Declared disabled","Other ethnicity","Wales","Cardiff and Vale of Glamorgan","[c]","[c]","[c]","[c]"
"Leaver Dept.","2022","Declared disabled","Other ethnicity","Wales","Central Valleys","[c]","[c]","[c]","[c]"
"Leaver Dept.","2022","Declared disabled","Other ethnicity","Wales","Conwy and Denbighshire","[c]","[c]","[c]","[c]"
"Leaver Dept.","2022","Declared disabled","Other ethnicity","Wales","Flintshire and Wrexham","[c]","[c]","[c]","[c]"
"Leaver Dept.","2022","Declared disabled","Other ethnicity","Wales","Gwent Valleys","[c]","[c]","[c]","[c]"
"Leaver Dept.","2022","Declared disabled","Other ethnicity","Wales","Gwynedd","[c]","[c]","[c]","[c]"
"Leaver Dept.","2022","Declared disabled","Other ethnicity","Wales","Isle of Anglesey","[c]","[c]","[c]","[c]"
"Leaver Dept.","2022","Declared disabled","Other ethnicity","Wales","Monmouthshire and Newport","[c]","[c]","[c]","[c]"
"Leaver Dept.","2022","Declared disabled","Other ethnicity","Wales","Powys","[c]","[c]","[c]","[c]"
"Leaver Dept.","2022","Declared disabled","Other ethnicity","Wales","South West Wales","[c]","[c]","[c]","[c]"
"Leaver Dept.","2022","Declared disabled","Other ethnicity","Wales","Swansea","[c]","[c]","[c]","[c]"
"Leaver Dept.","2022","Declared disabled","Other ethnicity","West Midlands (England)","Birmingham","[c]","[c]","[c]","[c]"
"Leaver Dept.","2022","Declared disabled","Other ethnicity","West Midlands (England)","Coventry","[c]","[c]","[c]","[c]"
"Leaver Dept.","2022","Declared disabled","Other ethnicity","West Midlands (England)","Dudley","[c]","[c]","[c]","[c]"
"Leaver Dept.","2022","Declared disabled","Other ethnicity","West Midlands (England)","Herefordshire, County of","[c]","[c]","[c]","[c]"
"Leaver Dept.","2022","Declared disabled","Other ethnicity","West Midlands (England)","Sandwell","[c]","[c]","[c]","[c]"
"Leaver Dept.","2022","Declared disabled","Other ethnicity","West Midlands (England)","Shropshire","[c]","[c]","[c]","[c]"
"Leaver Dept.","2022","Declared disabled","Other ethnicity","West Midlands (England)","Solihull","[c]","[c]","[c]","[c]"
"Leaver Dept.","2022","Declared disabled","Other ethnicity","West Midlands (England)","Staffordshire CC","[c]","[c]","[c]","[c]"
"Leaver Dept.","2022","Declared disabled","Other ethnicity","West Midlands (England)","Stoke-on-Trent","[c]","[c]","[c]","[c]"
"Leaver Dept.","2022","Declared disabled","Other ethnicity","West Midlands (England)","Telford and Wrekin","[c]","[c]","[c]","[c]"
"Leaver Dept.","2022","Declared disabled","Other ethnicity","West Midlands (England)","Walsall","[c]","[c]","[c]","[c]"
"Leaver Dept.","2022","Declared disabled","Other ethnicity","West Midlands (England)","Warwickshire CC","[c]","[c]","[c]","[c]"
"Leaver Dept.","2022","Declared disabled","Other ethnicity","West Midlands (England)","Wolverhampton","[c]","[c]","[c]","[c]"
"Leaver Dept.","2022","Declared disabled","Other ethnicity","West Midlands (England)","Worcestershire CC","[c]","[c]","[c]","[c]"
"Leaver Dept.","2022","Declared disabled","Other ethnicity","Yorkshire and The Humber","Barnsley, Doncaster and Rotherham","[c]","[c]","[c]","[c]"
"Leaver Dept.","2022","Declared disabled","Other ethnicity","Yorkshire and The Humber","Bradford","[c]","[c]","[c]","[c]"
"Leaver Dept.","2022","Declared disabled","Other ethnicity","Yorkshire and The Humber","Calderdale and Kirklees","[c]","[c]","[c]","[c]"
"Leaver Dept.","2022","Declared disabled","Other ethnicity","Yorkshire and The Humber","East Riding of Yorkshire","[c]","[c]","[c]","[c]"
"Leaver Dept.","2022","Declared disabled","Other ethnicity","Yorkshire and The Humber","Kingston upon Hull, City of","[c]","[c]","[c]","[c]"
"Leaver Dept.","2022","Declared disabled","Other ethnicity","Yorkshire and The Humber","Leeds","[c]","[c]","[c]","[c]"
"Leaver Dept.","2022","Declared disabled","Other ethnicity","Yorkshire and The Humber","North and North East Lincolnshire","[c]","[c]","[c]","[c]"
"Leaver Dept.","2022","Declared disabled","Other ethnicity","Yorkshire and The Humber","North Yorkshire CC","[c]","[c]","[c]","[c]"
"Leaver Dept.","2022","Declared disabled","Other ethnicity","Yorkshire and The Humber","Sheffield","[c]","[c]","[c]","[c]"
"Leaver Dept.","2022","Declared disabled","Other ethnicity","Yorkshire and The Humber","Wakefield","[c]","[c]","[c]","[c]"
"Leaver Dept.","2022","Declared disabled","Other ethnicity","Yorkshire and The Humber","York","[c]","[c]","[c]","[c]"
"Leaver Dept.","2022","Declared disabled","Undeclared","East Midlands (England)","Derby","[c]","[c]","[c]","[c]"
"Leaver Dept.","2022","Declared disabled","Undeclared","East Midlands (England)","East Derbyshire","[c]","[c]","[c]","[c]"
"Leaver Dept.","2022","Declared disabled","Undeclared","East Midlands (England)","Leicester","[c]","[c]","[c]","[c]"
"Leaver Dept.","2022","Declared disabled","Undeclared","East Midlands (England)","Leicestershire CC and Rutland","[c]","[c]","[c]","[c]"
"Leaver Dept.","2022","Declared disabled","Undeclared","East Midlands (England)","Lincolnshire CC","[c]","[c]","[c]","[c]"
"Leaver Dept.","2022","Declared disabled","Undeclared","East Midlands (England)","North Northamptonshire","[c]","[c]","[c]","[c]"
"Leaver Dept.","2022","Declared disabled","Undeclared","East Midlands (England)","North Nottinghamshire","[c]","[c]","[c]","[c]"
"Leaver Dept.","2022","Declared disabled","Undeclared","East Midlands (England)","Nottingham","[c]","[c]","[c]","[c]"
"Leaver Dept.","2022","Declared disabled","Undeclared","East Midlands (England)","South and West Derbyshire","[c]","[c]","[c]","[c]"
"Leaver Dept.","2022","Declared disabled","Undeclared","East Midlands (England)","South Nottinghamshire","[c]","[c]","[c]","[c]"
"Leaver Dept.","2022","Declared disabled","Undeclared","East Midlands (England)","West Northamptonshire","[c]","[c]","[c]","[c]"
"Leaver Dept.","2022","Declared disabled","Undeclared","East of England","Bedford","[c]","[c]","[c]","[c]"
"Leaver Dept.","2022","Declared disabled","Undeclared","East of England","Breckland and South Norfolk","[c]","[c]","[c]","[c]"
"Leaver Dept.","2022","Declared disabled","Undeclared","East of England","Cambridgeshire CC","[c]","[c]","[c]","[c]"
"Leaver Dept.","2022","Declared disabled","Undeclared","East of England","Central Bedfordshire","[c]","[c]","[c]","[c]"
"Leaver Dept.","2022","Declared disabled","Undeclared","East of England","Essex Haven Gateway","[c]","[c]","[c]","[c]"
"Leaver Dept.","2022","Declared disabled","Undeclared","East of England","Essex Thames Gateway","[c]","[c]","[c]","[c]"
"Leaver Dept.","2022","Declared disabled","Undeclared","East of England","Heart of Essex","[c]","[c]","[c]","[c]"
"Leaver Dept.","2022","Declared disabled","Undeclared","East of England","Hertfordshire CC","[c]","[c]","[c]","[c]"
"Leaver Dept.","2022","Declared disabled","Undeclared","East of England","Luton","[c]","[c]","[c]","[c]"
"Leaver Dept.","2022","Declared disabled","Undeclared","East of England","North and West Norfolk","[c]","[c]","[c]","[c]"
"Leaver Dept.","2022","Declared disabled","Undeclared","East of England","Norwich and East Norfolk","[c]","[c]","[c]","[c]"
"Leaver Dept.","2022","Declared disabled","Undeclared","East of England","Peterborough","[c]","[c]","[c]","[c]"
"Leaver Dept.","2022","Declared disabled","Undeclared","East of England","Southend-on-Sea","[c]","[c]","[c]","[c]"
"Leaver Dept.","2022","Declared disabled","Undeclared","East of England","Suffolk CC","[c]","[c]","[c]","[c]"
"Leaver Dept.","2022","Declared disabled","Undeclared","East of England","Thurrock","[c]","[c]","[c]","[c]"
"Leaver Dept.","2022","Declared disabled","Undeclared","East of England","West Essex","[c]","[c]","[c]","[c]"
"Leaver Dept.","2022","Declared disabled","Undeclared","London","Barking & Dagenham and Havering","[c]","[c]","[c]","[c]"
"Leaver Dept.","2022","Declared disabled","Undeclared","London","Barnet","[c]","[c]","[c]","[c]"
"Leaver Dept.","2022","Declared disabled","Undeclared","London","Bexley and Greenwich","[c]","[c]","[c]","[c]"
"Leaver Dept.","2022","Declared disabled","Undeclared","London","Brent","[c]","[c]","[c]","[c]"
"Leaver Dept.","2022","Declared disabled","Undeclared","London","Bromley","[c]","[c]","[c]","[c]"
"Leaver Dept.","2022","Declared disabled","Undeclared","London","Camden and City of London","[c]","[c]","[c]","[c]"
"Leaver Dept.","2022","Declared disabled","Undeclared","London","Croydon","[c]","[c]","[c]","[c]"
"Leaver Dept.","2022","Declared disabled","Undeclared","London","Ealing","[c]","[c]","[c]","[c]"
"Leaver Dept.","2022","Declared disabled","Undeclared","London","Enfield","[c]","[c]","[c]","[c]"
"Leaver Dept.","2022","Declared disabled","Undeclared","London","Hackney and Newham","[c]","[c]","[c]","[c]"
"Leaver Dept.","2022","Declared disabled","Undeclared","London","Haringey and Islington","[c]","[c]","[c]","[c]"
"Leaver Dept.","2022","Declared disabled","Undeclared","London","Harrow and Hillingdon","[c]","[c]","[c]","[c]"
"Leaver Dept.","2022","Declared disabled","Undeclared","London","Hounslow and Richmond upon Thames","[c]","[c]","[c]","[c]"
"Leaver Dept.","2022","Declared disabled","Undeclared","London","Kensington & Chelsea and Hammersmith & Fulham","[c]","[c]","[c]","[c]"
"Leaver Dept.","2022","Declared disabled","Undeclared","London","Lambeth","5","[c]","[c]","[c]"
"Leaver Dept.","2022","Declared disabled","Undeclared","London","Lewisham and Southwark","[c]","[c]","[c]","[c]"
"Leaver Dept.","2022","Declared disabled","Undeclared","London","Merton, Kingston upon Thames and Sutton","[c]","[c]","[c]","[c]"
"Leaver Dept.","2022","Declared disabled","Undeclared","London","Redbridge and Waltham Forest","[c]","[c]","[c]","[c]"
"Leaver Dept.","2022","Declared disabled","Undeclared","London","Tower Hamlets","[c]","[c]","[c]","[c]"
"Leaver Dept.","2022","Declared disabled","Undeclared","London","Wandsworth","[c]","[c]","[c]","[c]"
"Leaver Dept.","2022","Declared disabled","Undeclared","London","Westminster","15","[c]","[c]","[c]"
"Leaver Dept.","2022","Declared disabled","Undeclared","North East (England)","Darlington","[c]","[c]","[c]","[c]"
"Leaver Dept.","2022","Declared disabled","Undeclared","North East (England)","Durham","[c]","[c]","[c]","[c]"
"Leaver Dept.","2022","Declared disabled","Undeclared","North East (England)","Hartlepool and Stockton-on-Tees","[c]","[c]","[c]","[c]"
"Leaver Dept.","2022","Declared disabled","Undeclared","North East (England)","Northumberland","[c]","[c]","[c]","[c]"
"Leaver Dept.","2022","Declared disabled","Undeclared","North East (England)","South Teesside","[c]","[c]","[c]","[c]"
"Leaver Dept.","2022","Declared disabled","Undeclared","North East (England)","Sunderland","[c]","[c]","[c]","[c]"
"Leaver Dept.","2022","Declared disabled","Undeclared","North East (England)","Tyneside","[c]","[c]","[c]","[c]"
"Leaver Dept.","2022","Declared disabled","Undeclared","North West (England)","Blackburn with Darwen","[c]","[c]","[c]","[c]"
"Leaver Dept.","2022","Declared disabled","Undeclared","North West (England)","Blackpool","[c]","[c]","[c]","[c]"
"Leaver Dept.","2022","Declared disabled","Undeclared","North West (England)","Cheshire East","[c]","[c]","[c]","[c]"
"Leaver Dept.","2022","Declared disabled","Undeclared","North West (England)","Cheshire West and Chester","[c]","[c]","[c]","[c]"
"Leaver Dept.","2022","Declared disabled","Undeclared","North West (England)","Chorley and West Lancashire","[c]","[c]","[c]","[c]"
"Leaver Dept.","2022","Declared disabled","Undeclared","North West (England)","East Cumbria","[c]","[c]","[c]","[c]"
"Leaver Dept.","2022","Declared disabled","Undeclared","North West (England)","East Lancashire","[c]","[c]","[c]","[c]"
"Leaver Dept.","2022","Declared disabled","Undeclared","North West (England)","East Merseyside","[c]","[c]","[c]","[c]"
"Leaver Dept.","2022","Declared disabled","Undeclared","North West (England)","Greater Manchester North East","[c]","[c]","[c]","[c]"
"Leaver Dept.","2022","Declared disabled","Undeclared","North West (England)","Greater Manchester North West","[c]","[c]","[c]","[c]"
"Leaver Dept.","2022","Declared disabled","Undeclared","North West (England)","Greater Manchester South East","[c]","[c]","[c]","[c]"
"Leaver Dept.","2022","Declared disabled","Undeclared","North West (England)","Greater Manchester South West","[c]","[c]","[c]","[c]"
"Leaver Dept.","2022","Declared disabled","Undeclared","North West (England)","Lancaster and Wyre","[c]","[c]","[c]","[c]"
"Leaver Dept.","2022","Declared disabled","Undeclared","North West (England)","Liverpool","[c]","[c]","[c]","[c]"
"Leaver Dept.","2022","Declared disabled","Undeclared","North West (England)","Manchester","[c]","[c]","[c]","[c]"
"Leaver Dept.","2022","Declared disabled","Undeclared","North West (England)","Mid Lancashire","[c]","[c]","[c]","[c]"
"Leaver Dept.","2022","Declared disabled","Undeclared","North West (England)","Sefton","[c]","[c]","[c]","[c]"
"Leaver Dept.","2022","Declared disabled","Undeclared","North West (England)","Warrington","[c]","[c]","[c]","[c]"
"Leaver Dept.","2022","Declared disabled","Undeclared","North West (England)","West Cumbria","[c]","[c]","[c]","[c]"
"Leaver Dept.","2022","Declared disabled","Undeclared","North West (England)","Wirral","[c]","[c]","[c]","[c]"
"Leaver Dept.","2022","Declared disabled","Undeclared","Northern Ireland","Ards and North Down","[c]","[c]","[c]","[c]"
"Leaver Dept.","2022","Declared disabled","Undeclared","Northern Ireland","Belfast","[c]","[c]","[c]","[c]"
"Leaver Dept.","2022","Declared disabled","Undeclared","Northern Ireland","Lisburn and Castlereagh","[c]","[c]","[c]","[c]"
"Leaver Dept.","2022","Declared disabled","Undeclared","Overseas","Overseas","[c]","[c]","[c]","[c]"
"Leaver Dept.","2022","Declared disabled","Undeclared","Scotland","Aberdeen City and Aberdeenshire","[c]","[c]","[c]","[c]"
"Leaver Dept.","2022","Declared disabled","Undeclared","Scotland","Angus and Dundee City","[c]","[c]","[c]","[c]"
"Leaver Dept.","2022","Declared disabled","Undeclared","Scotland","Caithness and Sutherland, and Ross and Cromarty","[c]","[c]","[c]","[c]"
"Leaver Dept.","2022","Declared disabled","Undeclared","Scotland","City of Edinburgh","[c]","[c]","[c]","[c]"
"Leaver Dept.","2022","Declared disabled","Undeclared","Scotland","Clackmannanshire and Fife","[c]","[c]","[c]","[c]"
"Leaver Dept.","2022","Declared disabled","Undeclared","Scotland","Dumfries and Galloway","[c]","[c]","[c]","[c]"
"Leaver Dept.","2022","Declared disabled","Undeclared","Scotland","East Ayrshire and North Ayrshire mainland","[c]","[c]","[c]","[c]"
"Leaver Dept.","2022","Declared disabled","Undeclared","Scotland","East Dunbartonshire, West Dunbartonshire, and Helensburgh and Lomond","[c]","[c]","[c]","[c]"
"Leaver Dept.","2022","Declared disabled","Undeclared","Scotland","East Lothian and Midlothian","[c]","[c]","[c]","[c]"
"Leaver Dept.","2022","Declared disabled","Undeclared","Scotland","Falkirk","[c]","[c]","[c]","[c]"
"Leaver Dept.","2022","Declared disabled","Undeclared","Scotland","Glasgow City","[c]","[c]","[c]","[c]"
"Leaver Dept.","2022","Declared disabled","Undeclared","Scotland","Inverclyde, East Renfrewshire, and Renfrewshire","[c]","[c]","[c]","[c]"
"Leaver Dept.","2022","Declared disabled","Undeclared","Scotland","Inverness and Nairn, Moray, and Badenoch and Strathspey","[c]","[c]","[c]","[c]"
"Leaver Dept.","2022","Declared disabled","Undeclared","Scotland","Lochaber, Skye and Lochalsh, Arran and Cumbrae, and Argyll and Bute","[c]","[c]","[c]","[c]"
"Leaver Dept.","2022","Declared disabled","Undeclared","Scotland","Na h-Eileanan Siar","[c]","[c]","[c]","[c]"
"Leaver Dept.","2022","Declared disabled","Undeclared","Scotland","North Lanarkshire","[c]","[c]","[c]","[c]"
"Leaver Dept.","2022","Declared disabled","Undeclared","Scotland","Orkney Islands","[c]","[c]","[c]","[c]"
"Leaver Dept.","2022","Declared disabled","Undeclared","Scotland","Perth and Kinross, and Stirling","[c]","[c]","[c]","[c]"
"Leaver Dept.","2022","Declared disabled","Undeclared","Scotland","Scottish Borders","[c]","[c]","[c]","[c]"
"Leaver Dept.","2022","Declared disabled","Undeclared","Scotland","South Ayrshire","[c]","[c]","[c]","[c]"
"Leaver Dept.","2022","Declared disabled","Undeclared","Scotland","South Lanarkshire","[c]","[c]","[c]","[c]"
"Leaver Dept.","2022","Declared disabled","Undeclared","Scotland","West Lothian","[c]","[c]","[c]","[c]"
"Leaver Dept.","2022","Declared disabled","Undeclared","South East (England)","Berkshire","[c]","[c]","[c]","[c]"
"Leaver Dept.","2022","Declared disabled","Undeclared","South East (England)","Brighton and Hove","[c]","[c]","[c]","[c]"
"Leaver Dept.","2022","Declared disabled","Undeclared","South East (England)","Buckinghamshire","[c]","[c]","[c]","[c]"
"Leaver Dept.","2022","Declared disabled","Undeclared","South East (England)","Central Hampshire","[c]","[c]","[c]","[c]"
"Leaver Dept.","2022","Declared disabled","Undeclared","South East (England)","East Kent","[c]","[c]","[c]","[c]"
"Leaver Dept.","2022","Declared disabled","Undeclared","South East (England)","East Surrey","[c]","[c]","[c]","[c]"
"Leaver Dept.","2022","Declared disabled","Undeclared","South East (England)","East Sussex CC","[c]","[c]","[c]","[c]"
"Leaver Dept.","2022","Declared disabled","Undeclared","South East (England)","Isle of Wight","[c]","[c]","[c]","[c]"
"Leaver Dept.","2022","Declared disabled","Undeclared","South East (England)","Kent Thames Gateway","[c]","[c]","[c]","[c]"
"Leaver Dept.","2022","Declared disabled","Undeclared","South East (England)","Medway","[c]","[c]","[c]","[c]"
"Leaver Dept.","2022","Declared disabled","Undeclared","South East (England)","Mid Kent","[c]","[c]","[c]","[c]"
"Leaver Dept.","2022","Declared disabled","Undeclared","South East (England)","Milton Keynes","[c]","[c]","[c]","[c]"
"Leaver Dept.","2022","Declared disabled","Undeclared","South East (England)","North Hampshire","[c]","[c]","[c]","[c]"
"Leaver Dept.","2022","Declared disabled","Undeclared","South East (England)","Oxfordshire CC","[c]","[c]","[c]","[c]"
"Leaver Dept.","2022","Declared disabled","Undeclared","South East (England)","Portsmouth","[c]","[c]","[c]","[c]"
"Leaver Dept.","2022","Declared disabled","Undeclared","South East (England)","South Hampshire","[c]","[c]","[c]","[c]"
"Leaver Dept.","2022","Declared disabled","Undeclared","South East (England)","Southampton","[c]","[c]","[c]","[c]"
"Leaver Dept.","2022","Declared disabled","Undeclared","South East (England)","West Kent","[c]","[c]","[c]","[c]"
"Leaver Dept.","2022","Declared disabled","Undeclared","South East (England)","West Surrey","[c]","[c]","[c]","[c]"
"Leaver Dept.","2022","Declared disabled","Undeclared","South East (England)","West Sussex (North East)","[c]","[c]","[c]","[c]"
"Leaver Dept.","2022","Declared disabled","Undeclared","South East (England)","West Sussex (South West)","[c]","[c]","[c]","[c]"
"Leaver Dept.","2022","Declared disabled","Undeclared","South West (England)","Bath and North East Somerset, North Somerset and South Gloucestershire","5","[c]","[c]","[c]"
"Leaver Dept.","2022","Declared disabled","Undeclared","South West (England)","Bournemouth, Christchurch and Poole","[c]","[c]","[c]","[c]"
"Leaver Dept.","2022","Declared disabled","Undeclared","South West (England)","Bristol, City of","[c]","[c]","[c]","[c]"
"Leaver Dept.","2022","Declared disabled","Undeclared","South West (England)","Cornwall and Isles of Scilly","[c]","[c]","[c]","[c]"
"Leaver Dept.","2022","Declared disabled","Undeclared","South West (England)","Devon CC","[c]","[c]","[c]","[c]"
"Leaver Dept.","2022","Declared disabled","Undeclared","South West (England)","Dorset","[c]","[c]","[c]","[c]"
"Leaver Dept.","2022","Declared disabled","Undeclared","South West (England)","Gloucestershire CC","[c]","[c]","[c]","[c]"
"Leaver Dept.","2022","Declared disabled","Undeclared","South West (England)","Plymouth","[c]","[c]","[c]","[c]"
"Leaver Dept.","2022","Declared disabled","Undeclared","South West (England)","Somerset CC","[c]","[c]","[c]","[c]"
"Leaver Dept.","2022","Declared disabled","Undeclared","South West (England)","Swindon","[c]","[c]","[c]","[c]"
"Leaver Dept.","2022","Declared disabled","Undeclared","South West (England)","Torbay","[c]","[c]","[c]","[c]"
"Leaver Dept.","2022","Declared disabled","Undeclared","South West (England)","Wiltshire","[c]","[c]","[c]","[c]"
"Leaver Dept.","2022","Declared disabled","Undeclared","Unknown","Unknown","[c]","[c]","[c]","[c]"
"Leaver Dept.","2022","Declared disabled","Undeclared","Wales","Bridgend and Neath Port Talbot","[c]","[c]","[c]","[c]"
"Leaver Dept.","2022","Declared disabled","Undeclared","Wales","Cardiff and Vale of Glamorgan","[c]","[c]","[c]","[c]"
"Leaver Dept.","2022","Declared disabled","Undeclared","Wales","Central Valleys","[c]","[c]","[c]","[c]"
"Leaver Dept.","2022","Declared disabled","Undeclared","Wales","Conwy and Denbighshire","[c]","[c]","[c]","[c]"
"Leaver Dept.","2022","Declared disabled","Undeclared","Wales","Flintshire and Wrexham","[c]","[c]","[c]","[c]"
"Leaver Dept.","2022","Declared disabled","Undeclared","Wales","Gwent Valleys","[c]","[c]","[c]","[c]"
"Leaver Dept.","2022","Declared disabled","Undeclared","Wales","Gwynedd","[c]","[c]","[c]","[c]"
"Leaver Dept.","2022","Declared disabled","Undeclared","Wales","Isle of Anglesey","[c]","[c]","[c]","[c]"
"Leaver Dept.","2022","Declared disabled","Undeclared","Wales","Monmouthshire and Newport","[c]","[c]","[c]","[c]"
"Leaver Dept.","2022","Declared disabled","Undeclared","Wales","Powys","[c]","[c]","[c]","[c]"
"Leaver Dept.","2022","Declared disabled","Undeclared","Wales","South West Wales","[c]","[c]","[c]","[c]"
"Leaver Dept.","2022","Declared disabled","Undeclared","Wales","Swansea","[c]","[c]","[c]","[c]"
"Leaver Dept.","2022","Declared disabled","Undeclared","West Midlands (England)","Birmingham","[c]","[c]","[c]","[c]"
"Leaver Dept.","2022","Declared disabled","Undeclared","West Midlands (England)","Coventry","[c]","[c]","[c]","[c]"
"Leaver Dept.","2022","Declared disabled","Undeclared","West Midlands (England)","Dudley","[c]","[c]","[c]","[c]"
"Leaver Dept.","2022","Declared disabled","Undeclared","West Midlands (England)","Herefordshire, County of","[c]","[c]","[c]","[c]"
"Leaver Dept.","2022","Declared disabled","Undeclared","West Midlands (England)","Sandwell","[c]","[c]","[c]","[c]"
"Leaver Dept.","2022","Declared disabled","Undeclared","West Midlands (England)","Shropshire","[c]","[c]","[c]","[c]"
"Leaver Dept.","2022","Declared disabled","Undeclared","West Midlands (England)","Solihull","[c]","[c]","[c]","[c]"
"Leaver Dept.","2022","Declared disabled","Undeclared","West Midlands (England)","Staffordshire CC","[c]","[c]","[c]","[c]"
"Leaver Dept.","2022","Declared disabled","Undeclared","West Midlands (England)","Stoke-on-Trent","[c]","[c]","[c]","[c]"
"Leaver Dept.","2022","Declared disabled","Undeclared","West Midlands (England)","Telford and Wrekin","[c]","[c]","[c]","[c]"
"Leaver Dept.","2022","Declared disabled","Undeclared","West Midlands (England)","Walsall","[c]","[c]","[c]","[c]"
"Leaver Dept.","2022","Declared disabled","Undeclared","West Midlands (England)","Warwickshire CC","[c]","[c]","[c]","[c]"
"Leaver Dept.","2022","Declared disabled","Undeclared","West Midlands (England)","Wolverhampton","[c]","[c]","[c]","[c]"
"Leaver Dept.","2022","Declared disabled","Undeclared","West Midlands (England)","Worcestershire CC","[c]","[c]","[c]","[c]"
"Leaver Dept.","2022","Declared disabled","Undeclared","Yorkshire and The Humber","Barnsley, Doncaster and Rotherham","[c]","[c]","[c]","[c]"
"Leaver Dept.","2022","Declared disabled","Undeclared","Yorkshire and The Humber","Bradford","[c]","[c]","[c]","[c]"
"Leaver Dept.","2022","Declared disabled","Undeclared","Yorkshire and The Humber","Calderdale and Kirklees","[c]","[c]","[c]","[c]"
"Leaver Dept.","2022","Declared disabled","Undeclared","Yorkshire and The Humber","East Riding of Yorkshire","[c]","[c]","[c]","[c]"
"Leaver Dept.","2022","Declared disabled","Undeclared","Yorkshire and The Humber","Kingston upon Hull, City of","[c]","[c]","[c]","[c]"
"Leaver Dept.","2022","Declared disabled","Undeclared","Yorkshire and The Humber","Leeds","[c]","[c]","[c]","[c]"
"Leaver Dept.","2022","Declared disabled","Undeclared","Yorkshire and The Humber","North and North East Lincolnshire","[c]","[c]","[c]","[c]"
"Leaver Dept.","2022","Declared disabled","Undeclared","Yorkshire and The Humber","North Yorkshire CC","[c]","[c]","[c]","[c]"
"Leaver Dept.","2022","Declared disabled","Undeclared","Yorkshire and The Humber","Sheffield","[c]","[c]","[c]","[c]"
"Leaver Dept.","2022","Declared disabled","Undeclared","Yorkshire and The Humber","Wakefield","[c]","[c]","[c]","[c]"
"Leaver Dept.","2022","Declared disabled","Undeclared","Yorkshire and The Humber","York","[c]","[c]","[c]","[c]"
"Leaver Dept.","2022","Declared disabled","Unknown","East Midlands (England)","Derby","[c]","[c]","[c]","[c]"
"Leaver Dept.","2022","Declared disabled","Unknown","East Midlands (England)","East Derbyshire","[c]","[c]","[c]","[c]"
"Leaver Dept.","2022","Declared disabled","Unknown","East Midlands (England)","Leicester","[c]","[c]","[c]","[c]"
"Leaver Dept.","2022","Declared disabled","Unknown","East Midlands (England)","Leicestershire CC and Rutland","[c]","[c]","[c]","[c]"
"Leaver Dept.","2022","Declared disabled","Unknown","East Midlands (England)","Lincolnshire CC","[c]","[c]","[c]","[c]"
"Leaver Dept.","2022","Declared disabled","Unknown","East Midlands (England)","North Northamptonshire","[c]","[c]","[c]","[c]"
"Leaver Dept.","2022","Declared disabled","Unknown","East Midlands (England)","North Nottinghamshire","[c]","[c]","[c]","[c]"
"Leaver Dept.","2022","Declared disabled","Unknown","East Midlands (England)","Nottingham","[c]","[c]","[c]","[c]"
"Leaver Dept.","2022","Declared disabled","Unknown","East Midlands (England)","South and West Derbyshire","[c]","[c]","[c]","[c]"
"Leaver Dept.","2022","Declared disabled","Unknown","East Midlands (England)","South Nottinghamshire","[c]","[c]","[c]","[c]"
"Leaver Dept.","2022","Declared disabled","Unknown","East Midlands (England)","West Northamptonshire","[c]","[c]","[c]","[c]"
"Leaver Dept.","2022","Declared disabled","Unknown","East of England","Bedford","[c]","[c]","[c]","[c]"
"Leaver Dept.","2022","Declared disabled","Unknown","East of England","Breckland and South Norfolk","[c]","[c]","[c]","[c]"
"Leaver Dept.","2022","Declared disabled","Unknown","East of England","Cambridgeshire CC","[c]","[c]","[c]","[c]"
"Leaver Dept.","2022","Declared disabled","Unknown","East of England","Central Bedfordshire","[c]","[c]","[c]","[c]"
"Leaver Dept.","2022","Declared disabled","Unknown","East of England","Essex Haven Gateway","[c]","[c]","[c]","[c]"
"Leaver Dept.","2022","Declared disabled","Unknown","East of England","Essex Thames Gateway","[c]","[c]","[c]","[c]"
"Leaver Dept.","2022","Declared disabled","Unknown","East of England","Heart of Essex","[c]","[c]","[c]","[c]"
"Leaver Dept.","2022","Declared disabled","Unknown","East of England","Hertfordshire CC","[c]","[c]","[c]","[c]"
"Leaver Dept.","2022","Declared disabled","Unknown","East of England","Luton","[c]","[c]","[c]","[c]"
"Leaver Dept.","2022","Declared disabled","Unknown","East of England","North and West Norfolk","[c]","[c]","[c]","[c]"
"Leaver Dept.","2022","Declared disabled","Unknown","East of England","Norwich and East Norfolk","[c]","[c]","[c]","[c]"
"Leaver Dept.","2022","Declared disabled","Unknown","East of England","Peterborough","[c]","[c]","[c]","[c]"
"Leaver Dept.","2022","Declared disabled","Unknown","East of England","Southend-on-Sea","[c]","[c]","[c]","[c]"
"Leaver Dept.","2022","Declared disabled","Unknown","East of England","Suffolk CC","[c]","[c]","[c]","[c]"
"Leaver Dept.","2022","Declared disabled","Unknown","East of England","Thurrock","[c]","[c]","[c]","[c]"
"Leaver Dept.","2022","Declared disabled","Unknown","East of England","West Essex","[c]","[c]","[c]","[c]"
"Leaver Dept.","2022","Declared disabled","Unknown","London","Barking & Dagenham and Havering","[c]","[c]","[c]","[c]"
"Leaver Dept.","2022","Declared disabled","Unknown","London","Barnet","[c]","[c]","[c]","[c]"
"Leaver Dept.","2022","Declared disabled","Unknown","London","Bexley and Greenwich","[c]","[c]","[c]","[c]"
"Leaver Dept.","2022","Declared disabled","Unknown","London","Brent","[c]","[c]","[c]","[c]"
"Leaver Dept.","2022","Declared disabled","Unknown","London","Bromley","[c]","[c]","[c]","[c]"
"Leaver Dept.","2022","Declared disabled","Unknown","London","Camden and City of London","[c]","[c]","[c]","[c]"
"Leaver Dept.","2022","Declared disabled","Unknown","London","Croydon","[c]","[c]","[c]","[c]"
"Leaver Dept.","2022","Declared disabled","Unknown","London","Ealing","[c]","[c]","[c]","[c]"
"Leaver Dept.","2022","Declared disabled","Unknown","London","Enfield","[c]","[c]","[c]","[c]"
"Leaver Dept.","2022","Declared disabled","Unknown","London","Hackney and Newham","[c]","[c]","[c]","[c]"
"Leaver Dept.","2022","Declared disabled","Unknown","London","Haringey and Islington","[c]","[c]","[c]","[c]"
"Leaver Dept.","2022","Declared disabled","Unknown","London","Harrow and Hillingdon","[c]","[c]","[c]","[c]"
"Leaver Dept.","2022","Declared disabled","Unknown","London","Hounslow and Richmond upon Thames","[c]","[c]","[c]","[c]"
"Leaver Dept.","2022","Declared disabled","Unknown","London","Kensington & Chelsea and Hammersmith & Fulham","[c]","[c]","[c]","[c]"
"Leaver Dept.","2022","Declared disabled","Unknown","London","Lambeth","[c]","[c]","[c]","[c]"
"Leaver Dept.","2022","Declared disabled","Unknown","London","Lewisham and Southwark","[c]","[c]","[c]","[c]"
"Leaver Dept.","2022","Declared disabled","Unknown","London","Merton, Kingston upon Thames and Sutton","[c]","[c]","[c]","[c]"
"Leaver Dept.","2022","Declared disabled","Unknown","London","Redbridge and Waltham Forest","[c]","[c]","[c]","[c]"
"Leaver Dept.","2022","Declared disabled","Unknown","London","Tower Hamlets","[c]","[c]","[c]","[c]"
"Leaver Dept.","2022","Declared disabled","Unknown","London","Wandsworth","[c]","[c]","[c]","[c]"
"Leaver Dept.","2022","Declared disabled","Unknown","London","Westminster","20","[c]","[c]","[c]"
"Leaver Dept.","2022","Declared disabled","Unknown","North East (England)","Darlington","[c]","[c]","[c]","[c]"
"Leaver Dept.","2022","Declared disabled","Unknown","North East (England)","Durham","[c]","[c]","[c]","[c]"
"Leaver Dept.","2022","Declared disabled","Unknown","North East (England)","Hartlepool and Stockton-on-Tees","[c]","[c]","[c]","[c]"
"Leaver Dept.","2022","Declared disabled","Unknown","North East (England)","Northumberland","[c]","[c]","[c]","[c]"
"Leaver Dept.","2022","Declared disabled","Unknown","North East (England)","South Teesside","[c]","[c]","[c]","[c]"
"Leaver Dept.","2022","Declared disabled","Unknown","North East (England)","Sunderland","[c]","[c]","[c]","[c]"
"Leaver Dept.","2022","Declared disabled","Unknown","North East (England)","Tyneside","[c]","[c]","[c]","[c]"
"Leaver Dept.","2022","Declared disabled","Unknown","North West (England)","Blackburn with Darwen","[c]","[c]","[c]","[c]"
"Leaver Dept.","2022","Declared disabled","Unknown","North West (England)","Blackpool","[c]","[c]","[c]","[c]"
"Leaver Dept.","2022","Declared disabled","Unknown","North West (England)","Cheshire East","[c]","[c]","[c]","[c]"
"Leaver Dept.","2022","Declared disabled","Unknown","North West (England)","Cheshire West and Chester","[c]","[c]","[c]","[c]"
"Leaver Dept.","2022","Declared disabled","Unknown","North West (England)","Chorley and West Lancashire","[c]","[c]","[c]","[c]"
"Leaver Dept.","2022","Declared disabled","Unknown","North West (England)","East Cumbria","[c]","[c]","[c]","[c]"
"Leaver Dept.","2022","Declared disabled","Unknown","North West (England)","East Lancashire","[c]","[c]","[c]","[c]"
"Leaver Dept.","2022","Declared disabled","Unknown","North West (England)","East Merseyside","[c]","[c]","[c]","[c]"
"Leaver Dept.","2022","Declared disabled","Unknown","North West (England)","Greater Manchester North East","[c]","[c]","[c]","[c]"
"Leaver Dept.","2022","Declared disabled","Unknown","North West (England)","Greater Manchester North West","[c]","[c]","[c]","[c]"
"Leaver Dept.","2022","Declared disabled","Unknown","North West (England)","Greater Manchester South East","[c]","[c]","[c]","[c]"
"Leaver Dept.","2022","Declared disabled","Unknown","North West (England)","Greater Manchester South West","[c]","[c]","[c]","[c]"
"Leaver Dept.","2022","Declared disabled","Unknown","North West (England)","Lancaster and Wyre","[c]","[c]","[c]","[c]"
"Leaver Dept.","2022","Declared disabled","Unknown","North West (England)","Liverpool","[c]","[c]","[c]","[c]"
"Leaver Dept.","2022","Declared disabled","Unknown","North West (England)","Manchester","[c]","[c]","[c]","[c]"
"Leaver Dept.","2022","Declared disabled","Unknown","North West (England)","Mid Lancashire","[c]","[c]","[c]","[c]"
"Leaver Dept.","2022","Declared disabled","Unknown","North West (England)","Sefton","[c]","[c]","[c]","[c]"
"Leaver Dept.","2022","Declared disabled","Unknown","North West (England)","Warrington","[c]","[c]","[c]","[c]"
"Leaver Dept.","2022","Declared disabled","Unknown","North West (England)","West Cumbria","[c]","[c]","[c]","[c]"
"Leaver Dept.","2022","Declared disabled","Unknown","North West (England)","Wirral","[c]","[c]","[c]","[c]"
"Leaver Dept.","2022","Declared disabled","Unknown","Northern Ireland","Ards and North Down","[c]","[c]","[c]","[c]"
"Leaver Dept.","2022","Declared disabled","Unknown","Northern Ireland","Belfast","[c]","[c]","[c]","[c]"
"Leaver Dept.","2022","Declared disabled","Unknown","Northern Ireland","Lisburn and Castlereagh","[c]","[c]","[c]","[c]"
"Leaver Dept.","2022","Declared disabled","Unknown","Overseas","Overseas","[c]","[c]","[c]","[c]"
"Leaver Dept.","2022","Declared disabled","Unknown","Scotland","Aberdeen City and Aberdeenshire","[c]","[c]","[c]","[c]"
"Leaver Dept.","2022","Declared disabled","Unknown","Scotland","Angus and Dundee City","[c]","[c]","[c]","[c]"
"Leaver Dept.","2022","Declared disabled","Unknown","Scotland","Caithness and Sutherland, and Ross and Cromarty","[c]","[c]","[c]","[c]"
"Leaver Dept.","2022","Declared disabled","Unknown","Scotland","City of Edinburgh","[c]","[c]","[c]","[c]"
"Leaver Dept.","2022","Declared disabled","Unknown","Scotland","Clackmannanshire and Fife","[c]","[c]","[c]","[c]"
"Leaver Dept.","2022","Declared disabled","Unknown","Scotland","Dumfries and Galloway","[c]","[c]","[c]","[c]"
"Leaver Dept.","2022","Declared disabled","Unknown","Scotland","East Ayrshire and North Ayrshire mainland","[c]","[c]","[c]","[c]"
"Leaver Dept.","2022","Declared disabled","Unknown","Scotland","East Dunbartonshire, West Dunbartonshire, and Helensburgh and Lomond","[c]","[c]","[c]","[c]"
"Leaver Dept.","2022","Declared disabled","Unknown","Scotland","East Lothian and Midlothian","[c]","[c]","[c]","[c]"
"Leaver Dept.","2022","Declared disabled","Unknown","Scotland","Falkirk","[c]","[c]","[c]","[c]"
"Leaver Dept.","2022","Declared disabled","Unknown","Scotland","Glasgow City","[c]","[c]","[c]","[c]"
"Leaver Dept.","2022","Declared disabled","Unknown","Scotland","Inverclyde, East Renfrewshire, and Renfrewshire","[c]","[c]","[c]","[c]"
"Leaver Dept.","2022","Declared disabled","Unknown","Scotland","Inverness and Nairn, Moray, and Badenoch and Strathspey","[c]","[c]","[c]","[c]"
"Leaver Dept.","2022","Declared disabled","Unknown","Scotland","Lochaber, Skye and Lochalsh, Arran and Cumbrae, and Argyll and Bute","[c]","[c]","[c]","[c]"
"Leaver Dept.","2022","Declared disabled","Unknown","Scotland","Na h-Eileanan Siar","[c]","[c]","[c]","[c]"
"Leaver Dept.","2022","Declared disabled","Unknown","Scotland","North Lanarkshire","[c]","[c]","[c]","[c]"
"Leaver Dept.","2022","Declared disabled","Unknown","Scotland","Orkney Islands","[c]","[c]","[c]","[c]"
"Leaver Dept.","2022","Declared disabled","Unknown","Scotland","Perth and Kinross, and Stirling","[c]","[c]","[c]","[c]"
"Leaver Dept.","2022","Declared disabled","Unknown","Scotland","Scottish Borders","[c]","[c]","[c]","[c]"
"Leaver Dept.","2022","Declared disabled","Unknown","Scotland","South Ayrshire","[c]","[c]","[c]","[c]"
"Leaver Dept.","2022","Declared disabled","Unknown","Scotland","South Lanarkshire","[c]","[c]","[c]","[c]"
"Leaver Dept.","2022","Declared disabled","Unknown","Scotland","West Lothian","[c]","[c]","[c]","[c]"
"Leaver Dept.","2022","Declared disabled","Unknown","South East (England)","Berkshire","[c]","[c]","[c]","[c]"
"Leaver Dept.","2022","Declared disabled","Unknown","South East (England)","Brighton and Hove","[c]","[c]","[c]","[c]"
"Leaver Dept.","2022","Declared disabled","Unknown","South East (England)","Buckinghamshire","[c]","[c]","[c]","[c]"
"Leaver Dept.","2022","Declared disabled","Unknown","South East (England)","Central Hampshire","[c]","[c]","[c]","[c]"
"Leaver Dept.","2022","Declared disabled","Unknown","South East (England)","East Kent","[c]","[c]","[c]","[c]"
"Leaver Dept.","2022","Declared disabled","Unknown","South East (England)","East Surrey","[c]","[c]","[c]","[c]"
"Leaver Dept.","2022","Declared disabled","Unknown","South East (England)","East Sussex CC","[c]","[c]","[c]","[c]"
"Leaver Dept.","2022","Declared disabled","Unknown","South East (England)","Isle of Wight","[c]","[c]","[c]","[c]"
"Leaver Dept.","2022","Declared disabled","Unknown","South East (England)","Kent Thames Gateway","[c]","[c]","[c]","[c]"
"Leaver Dept.","2022","Declared disabled","Unknown","South East (England)","Medway","[c]","[c]","[c]","[c]"
"Leaver Dept.","2022","Declared disabled","Unknown","South East (England)","Mid Kent","[c]","[c]","[c]","[c]"
"Leaver Dept.","2022","Declared disabled","Unknown","South East (England)","Milton Keynes","[c]","[c]","[c]","[c]"
"Leaver Dept.","2022","Declared disabled","Unknown","South East (England)","North Hampshire","[c]","[c]","[c]","[c]"
"Leaver Dept.","2022","Declared disabled","Unknown","South East (England)","Oxfordshire CC","[c]","[c]","[c]","[c]"
"Leaver Dept.","2022","Declared disabled","Unknown","South East (England)","Portsmouth","[c]","[c]","[c]","[c]"
"Leaver Dept.","2022","Declared disabled","Unknown","South East (England)","South Hampshire","[c]","[c]","[c]","[c]"
"Leaver Dept.","2022","Declared disabled","Unknown","South East (England)","Southampton","[c]","[c]","[c]","[c]"
"Leaver Dept.","2022","Declared disabled","Unknown","South East (England)","West Kent","[c]","[c]","[c]","[c]"
"Leaver Dept.","2022","Declared disabled","Unknown","South East (England)","West Surrey","[c]","[c]","[c]","[c]"
"Leaver Dept.","2022","Declared disabled","Unknown","South East (England)","West Sussex (North East)","[c]","[c]","[c]","[c]"
"Leaver Dept.","2022","Declared disabled","Unknown","South East (England)","West Sussex (South West)","[c]","[c]","[c]","[c]"
"Leaver Dept.","2022","Declared disabled","Unknown","South West (England)","Bath and North East Somerset, North Somerset and South Gloucestershire","[c]","[c]","[c]","[c]"
"Leaver Dept.","2022","Declared disabled","Unknown","South West (England)","Bournemouth, Christchurch and Poole","[c]","[c]","[c]","[c]"
"Leaver Dept.","2022","Declared disabled","Unknown","South West (England)","Bristol, City of","[c]","[c]","[c]","[c]"
"Leaver Dept.","2022","Declared disabled","Unknown","South West (England)","Cornwall and Isles of Scilly","[c]","[c]","[c]","[c]"
"Leaver Dept.","2022","Declared disabled","Unknown","South West (England)","Devon CC","[c]","[c]","[c]","[c]"
"Leaver Dept.","2022","Declared disabled","Unknown","South West (England)","Dorset","[c]","[c]","[c]","[c]"
"Leaver Dept.","2022","Declared disabled","Unknown","South West (England)","Gloucestershire CC","[c]","[c]","[c]","[c]"
"Leaver Dept.","2022","Declared disabled","Unknown","South West (England)","Plymouth","[c]","[c]","[c]","[c]"
"Leaver Dept.","2022","Declared disabled","Unknown","South West (England)","Somerset CC","[c]","[c]","[c]","[c]"
"Leaver Dept.","2022","Declared disabled","Unknown","South West (England)","Swindon","[c]","[c]","[c]","[c]"
"Leaver Dept.","2022","Declared disabled","Unknown","South West (England)","Torbay","[c]","[c]","[c]","[c]"
"Leaver Dept.","2022","Declared disabled","Unknown","South West (England)","Wiltshire","[c]","[c]","[c]","[c]"
"Leaver Dept.","2022","Declared disabled","Unknown","Unknown","Unknown","[c]","[c]","[c]","[c]"
"Leaver Dept.","2022","Declared disabled","Unknown","Wales","Bridgend and Neath Port Talbot","[c]","[c]","[c]","[c]"
"Leaver Dept.","2022","Declared disabled","Unknown","Wales","Cardiff and Vale of Glamorgan","[c]","[c]","[c]","[c]"
"Leaver Dept.","2022","Declared disabled","Unknown","Wales","Central Valleys","[c]","[c]","[c]","[c]"
"Leaver Dept.","2022","Declared disabled","Unknown","Wales","Conwy and Denbighshire","[c]","[c]","[c]","[c]"
"Leaver Dept.","2022","Declared disabled","Unknown","Wales","Flintshire and Wrexham","[c]","[c]","[c]","[c]"
"Leaver Dept.","2022","Declared disabled","Unknown","Wales","Gwent Valleys","[c]","[c]","[c]","[c]"
"Leaver Dept.","2022","Declared disabled","Unknown","Wales","Gwynedd","[c]","[c]","[c]","[c]"
"Leaver Dept.","2022","Declared disabled","Unknown","Wales","Isle of Anglesey","[c]","[c]","[c]","[c]"
"Leaver Dept.","2022","Declared disabled","Unknown","Wales","Monmouthshire and Newport","[c]","[c]","[c]","[c]"
"Leaver Dept.","2022","Declared disabled","Unknown","Wales","Powys","[c]","[c]","[c]","[c]"
"Leaver Dept.","2022","Declared disabled","Unknown","Wales","South West Wales","[c]","[c]","[c]","[c]"
"Leaver Dept.","2022","Declared disabled","Unknown","Wales","Swansea","[c]","[c]","[c]","[c]"
"Leaver Dept.","2022","Declared disabled","Unknown","West Midlands (England)","Birmingham","[c]","[c]","[c]","[c]"
"Leaver Dept.","2022","Declared disabled","Unknown","West Midlands (England)","Coventry","[c]","[c]","[c]","[c]"
"Leaver Dept.","2022","Declared disabled","Unknown","West Midlands (England)","Dudley","[c]","[c]","[c]","[c]"
"Leaver Dept.","2022","Declared disabled","Unknown","West Midlands (England)","Herefordshire, County of","[c]","[c]","[c]","[c]"
"Leaver Dept.","2022","Declared disabled","Unknown","West Midlands (England)","Sandwell","[c]","[c]","[c]","[c]"
"Leaver Dept.","2022","Declared disabled","Unknown","West Midlands (England)","Shropshire","[c]","[c]","[c]","[c]"
"Leaver Dept.","2022","Declared disabled","Unknown","West Midlands (England)","Solihull","[c]","[c]","[c]","[c]"
"Leaver Dept.","2022","Declared disabled","Unknown","West Midlands (England)","Staffordshire CC","[c]","[c]","[c]","[c]"
"Leaver Dept.","2022","Declared disabled","Unknown","West Midlands (England)","Stoke-on-Trent","[c]","[c]","[c]","[c]"
"Leaver Dept.","2022","Declared disabled","Unknown","West Midlands (England)","Telford and Wrekin","[c]","[c]","[c]","[c]"
"Leaver Dept.","2022","Declared disabled","Unknown","West Midlands (England)","Walsall","[c]","[c]","[c]","[c]"
"Leaver Dept.","2022","Declared disabled","Unknown","West Midlands (England)","Warwickshire CC","[c]","[c]","[c]","[c]"
"Leaver Dept.","2022","Declared disabled","Unknown","West Midlands (England)","Wolverhampton","[c]","[c]","[c]","[c]"
"Leaver Dept.","2022","Declared disabled","Unknown","West Midlands (England)","Worcestershire CC","[c]","[c]","[c]","[c]"
"Leaver Dept.","2022","Declared disabled","Unknown","Yorkshire and The Humber","Barnsley, Doncaster and Rotherham","[c]","[c]","[c]","[c]"
"Leaver Dept.","2022","Declared disabled","Unknown","Yorkshire and The Humber","Bradford","[c]","[c]","[c]","[c]"
"Leaver Dept.","2022","Declared disabled","Unknown","Yorkshire and The Humber","Calderdale and Kirklees","[c]","[c]","[c]","[c]"
"Leaver Dept.","2022","Declared disabled","Unknown","Yorkshire and The Humber","East Riding of Yorkshire","[c]","[c]","[c]","[c]"
"Leaver Dept.","2022","Declared disabled","Unknown","Yorkshire and The Humber","Kingston upon Hull, City of","[c]","[c]","[c]","[c]"
"Leaver Dept.","2022","Declared disabled","Unknown","Yorkshire and The Humber","Leeds","[c]","[c]","[c]","[c]"
"Leaver Dept.","2022","Declared disabled","Unknown","Yorkshire and The Humber","North and North East Lincolnshire","[c]","[c]","[c]","[c]"
"Leaver Dept.","2022","Declared disabled","Unknown","Yorkshire and The Humber","North Yorkshire CC","[c]","[c]","[c]","[c]"
"Leaver Dept.","2022","Declared disabled","Unknown","Yorkshire and The Humber","Sheffield","[c]","[c]","[c]","[c]"
"Leaver Dept.","2022","Declared disabled","Unknown","Yorkshire and The Humber","Wakefield","[c]","[c]","[c]","[c]"
"Leaver Dept.","2022","Declared disabled","Unknown","Yorkshire and The Humber","York","[c]","[c]","[c]","[c]"
"Leaver Dept.","2022","Declared disabled","White","East Midlands (England)","Derby","[c]","[c]","[c]","[c]"
"Leaver Dept.","2022","Declared disabled","White","East Midlands (England)","East Derbyshire","[c]","[c]","[c]","[c]"
"Leaver Dept.","2022","Declared disabled","White","East Midlands (England)","Leicester","[c]","[c]","[c]","[c]"
"Leaver Dept.","2022","Declared disabled","White","East Midlands (England)","Leicestershire CC and Rutland","[c]","[c]","[c]","[c]"
"Leaver Dept.","2022","Declared disabled","White","East Midlands (England)","Lincolnshire CC","[c]","[c]","[c]","[c]"
"Leaver Dept.","2022","Declared disabled","White","East Midlands (England)","North Northamptonshire","[c]","[c]","[c]","[c]"
"Leaver Dept.","2022","Declared disabled","White","East Midlands (England)","North Nottinghamshire","[c]","[c]","[c]","[c]"
"Leaver Dept.","2022","Declared disabled","White","East Midlands (England)","Nottingham","35","[c]","[c]","[c]"
"Leaver Dept.","2022","Declared disabled","White","East Midlands (England)","South and West Derbyshire","[c]","[c]","[c]","[c]"
"Leaver Dept.","2022","Declared disabled","White","East Midlands (England)","South Nottinghamshire","[c]","[c]","[c]","[c]"
"Leaver Dept.","2022","Declared disabled","White","East Midlands (England)","West Northamptonshire","[c]","[c]","[c]","[c]"
"Leaver Dept.","2022","Declared disabled","White","East of England","Bedford","[c]","[c]","[c]","[c]"
"Leaver Dept.","2022","Declared disabled","White","East of England","Breckland and South Norfolk","[c]","[c]","[c]","[c]"
"Leaver Dept.","2022","Declared disabled","White","East of England","Cambridgeshire CC","15","[c]","[c]","[c]"
"Leaver Dept.","2022","Declared disabled","White","East of England","Central Bedfordshire","[c]","[c]","[c]","[c]"
"Leaver Dept.","2022","Declared disabled","White","East of England","Essex Haven Gateway","[c]","[c]","[c]","[c]"
"Leaver Dept.","2022","Declared disabled","White","East of England","Essex Thames Gateway","[c]","[c]","[c]","[c]"
"Leaver Dept.","2022","Declared disabled","White","East of England","Heart of Essex","[c]","[c]","[c]","[c]"
"Leaver Dept.","2022","Declared disabled","White","East of England","Hertfordshire CC","[c]","[c]","[c]","[c]"
"Leaver Dept.","2022","Declared disabled","White","East of England","Luton","[c]","[c]","[c]","[c]"
"Leaver Dept.","2022","Declared disabled","White","East of England","North and West Norfolk","[c]","[c]","[c]","[c]"
"Leaver Dept.","2022","Declared disabled","White","East of England","Norwich and East Norfolk","[c]","[c]","[c]","[c]"
"Leaver Dept.","2022","Declared disabled","White","East of England","Peterborough","[c]","[c]","[c]","[c]"
"Leaver Dept.","2022","Declared disabled","White","East of England","Southend-on-Sea","[c]","[c]","[c]","[c]"
"Leaver Dept.","2022","Declared disabled","White","East of England","Suffolk CC","5","[c]","[c]","[c]"
"Leaver Dept.","2022","Declared disabled","White","East of England","Thurrock","[c]","[c]","[c]","[c]"
"Leaver Dept.","2022","Declared disabled","White","East of England","West Essex","[c]","[c]","[c]","[c]"
"Leaver Dept.","2022","Declared disabled","White","London","Barking & Dagenham and Havering","[c]","[c]","[c]","[c]"
"Leaver Dept.","2022","Declared disabled","White","London","Barnet","35","[c]","39060","32330"
"Leaver Dept.","2022","Declared disabled","White","London","Bexley and Greenwich","[c]","[c]","[c]","[c]"
"Leaver Dept.","2022","Declared disabled","White","London","Brent","[c]","[c]","[c]","[c]"
"Leaver Dept.","2022","Declared disabled","White","London","Bromley","[c]","[c]","[c]","[c]"
"Leaver Dept.","2022","Declared disabled","White","London","Camden and City of London","5","[c]","[c]","[c]"
"Leaver Dept.","2022","Declared disabled","White","London","Croydon","10","[c]","[c]","[c]"
"Leaver Dept.","2022","Declared disabled","White","London","Ealing","[c]","[c]","[c]","[c]"
"Leaver Dept.","2022","Declared disabled","White","London","Enfield","[c]","[c]","[c]","[c]"
"Leaver Dept.","2022","Declared disabled","White","London","Hackney and Newham","10","[c]","[c]","[c]"
"Leaver Dept.","2022","Declared disabled","White","London","Haringey and Islington","[c]","[c]","[c]","[c]"
"Leaver Dept.","2022","Declared disabled","White","London","Harrow and Hillingdon","5","[c]","[c]","[c]"
"Leaver Dept.","2022","Declared disabled","White","London","Hounslow and Richmond upon Thames","[c]","[c]","[c]","[c]"
"Leaver Dept.","2022","Declared disabled","White","London","Kensington & Chelsea and Hammersmith & Fulham","[c]","[c]","[c]","[c]"
"Leaver Dept.","2022","Declared disabled","White","London","Lambeth","70","[c]","41570","40070"
"Leaver Dept.","2022","Declared disabled","White","London","Lewisham and Southwark","5","[c]","[c]","[c]"
"Leaver Dept.","2022","Declared disabled","White","London","Merton, Kingston upon Thames and Sutton","[c]","[c]","[c]","[c]"
"Leaver Dept.","2022","Declared disabled","White","London","Redbridge and Waltham Forest","[c]","[c]","[c]","[c]"
"Leaver Dept.","2022","Declared disabled","White","London","Tower Hamlets","20","[c]","[c]","[c]"
"Leaver Dept.","2022","Declared disabled","White","London","Wandsworth","[c]","[c]","[c]","[c]"
"Leaver Dept.","2022","Declared disabled","White","London","Westminster","300","[c]","46550","40640"
"Leaver Dept.","2022","Declared disabled","White","North East (England)","Darlington","[c]","[c]","[c]","[c]"
"Leaver Dept.","2022","Declared disabled","White","North East (England)","Durham","10","[c]","[c]","[c]"
"Leaver Dept.","2022","Declared disabled","White","North East (England)","Hartlepool and Stockton-on-Tees","[c]","[c]","[c]","[c]"
"Leaver Dept.","2022","Declared disabled","White","North East (England)","Northumberland","[c]","[c]","[c]","[c]"
"Leaver Dept.","2022","Declared disabled","White","North East (England)","South Teesside","[c]","[c]","[c]","[c]"
"Leaver Dept.","2022","Declared disabled","White","North East (England)","Sunderland","10","[c]","[c]","[c]"
"Leaver Dept.","2022","Declared disabled","White","North East (England)","Tyneside","50","[c]","29730","27570"
"Leaver Dept.","2022","Declared disabled","White","North West (England)","Blackburn with Darwen","[c]","[c]","[c]","[c]"
"Leaver Dept.","2022","Declared disabled","White","North West (England)","Blackpool","20","[c]","[c]","[c]"
"Leaver Dept.","2022","Declared disabled","White","North West (England)","Cheshire East","[c]","[c]","[c]","[c]"
"Leaver Dept.","2022","Declared disabled","White","North West (England)","Cheshire West and Chester","[c]","[c]","[c]","[c]"
"Leaver Dept.","2022","Declared disabled","White","North West (England)","Chorley and West Lancashire","[c]","[c]","[c]","[c]"
"Leaver Dept.","2022","Declared disabled","White","North West (England)","East Cumbria","[c]","[c]","[c]","[c]"
"Leaver Dept.","2022","Declared disabled","White","North West (England)","East Lancashire","[c]","[c]","[c]","[c]"
"Leaver Dept.","2022","Declared disabled","White","North West (England)","East Merseyside","[c]","[c]","[c]","[c]"
"Leaver Dept.","2022","Declared disabled","White","North West (England)","Greater Manchester North East","[c]","[c]","[c]","[c]"
"Leaver Dept.","2022","Declared disabled","White","North West (England)","Greater Manchester North West","5","[c]","[c]","[c]"
"Leaver Dept.","2022","Declared disabled","White","North West (England)","Greater Manchester South East","[c]","[c]","[c]","[c]"
"Leaver Dept.","2022","Declared disabled","White","North West (England)","Greater Manchester South West","10","[c]","[c]","[c]"
"Leaver Dept.","2022","Declared disabled","White","North West (England)","Lancaster and Wyre","[c]","[c]","[c]","[c]"
"Leaver Dept.","2022","Declared disabled","White","North West (England)","Liverpool","30","[c]","[c]","[c]"
"Leaver Dept.","2022","Declared disabled","White","North West (England)","Manchester","50","[c]","32050","30090"
"Leaver Dept.","2022","Declared disabled","White","North West (England)","Mid Lancashire","10","[c]","[c]","[c]"
"Leaver Dept.","2022","Declared disabled","White","North West (England)","Sefton","25","[c]","[c]","[c]"
"Leaver Dept.","2022","Declared disabled","White","North West (England)","Warrington","5","[c]","[c]","[c]"
"Leaver Dept.","2022","Declared disabled","White","North West (England)","West Cumbria","[c]","[c]","[c]","[c]"
"Leaver Dept.","2022","Declared disabled","White","North West (England)","Wirral","5","[c]","[c]","[c]"
"Leaver Dept.","2022","Declared disabled","White","Northern Ireland","Ards and North Down","[c]","[c]","[c]","[c]"
"Leaver Dept.","2022","Declared disabled","White","Northern Ireland","Belfast","[c]","[c]","[c]","[c]"
"Leaver Dept.","2022","Declared disabled","White","Northern Ireland","Lisburn and Castlereagh","[c]","[c]","[c]","[c]"
"Leaver Dept.","2022","Declared disabled","White","Overseas","Overseas","[c]","[c]","[c]","[c]"
"Leaver Dept.","2022","Declared disabled","White","Scotland","Aberdeen City and Aberdeenshire","[c]","[c]","[c]","[c]"
"Leaver Dept.","2022","Declared disabled","White","Scotland","Angus and Dundee City","20","[c]","[c]","[c]"
"Leaver Dept.","2022","Declared disabled","White","Scotland","Caithness and Sutherland, and Ross and Cromarty","[c]","[c]","[c]","[c]"
"Leaver Dept.","2022","Declared disabled","White","Scotland","City of Edinburgh","10","[c]","[c]","[c]"
"Leaver Dept.","2022","Declared disabled","White","Scotland","Clackmannanshire and Fife","5","[c]","[c]","[c]"
"Leaver Dept.","2022","Declared disabled","White","Scotland","Dumfries and Galloway","[c]","[c]","[c]","[c]"
"Leaver Dept.","2022","Declared disabled","White","Scotland","East Ayrshire and North Ayrshire mainland","[c]","[c]","[c]","[c]"
"Leaver Dept.","2022","Declared disabled","White","Scotland","East Dunbartonshire, West Dunbartonshire, and Helensburgh and Lomond","5","[c]","[c]","[c]"
"Leaver Dept.","2022","Declared disabled","White","Scotland","East Lothian and Midlothian","[c]","[c]","[c]","[c]"
"Leaver Dept.","2022","Declared disabled","White","Scotland","Falkirk","[c]","[c]","[c]","[c]"
"Leaver Dept.","2022","Declared disabled","White","Scotland","Glasgow City","35","[c]","26110","26400"
"Leaver Dept.","2022","Declared disabled","White","Scotland","Inverclyde, East Renfrewshire, and Renfrewshire","[c]","[c]","[c]","[c]"
"Leaver Dept.","2022","Declared disabled","White","Scotland","Inverness and Nairn, Moray, and Badenoch and Strathspey","[c]","[c]","[c]","[c]"
"Leaver Dept.","2022","Declared disabled","White","Scotland","Lochaber, Skye and Lochalsh, Arran and Cumbrae, and Argyll and Bute","[c]","[c]","[c]","[c]"
"Leaver Dept.","2022","Declared disabled","White","Scotland","Na h-Eileanan Siar","[c]","[c]","[c]","[c]"
"Leaver Dept.","2022","Declared disabled","White","Scotland","North Lanarkshire","15","[c]","[c]","[c]"
"Leaver Dept.","2022","Declared disabled","White","Scotland","Orkney Islands","[c]","[c]","[c]","[c]"
"Leaver Dept.","2022","Declared disabled","White","Scotland","Perth and Kinross, and Stirling","[c]","[c]","[c]","[c]"
"Leaver Dept.","2022","Declared disabled","White","Scotland","Scottish Borders","[c]","[c]","[c]","[c]"
"Leaver Dept.","2022","Declared disabled","White","Scotland","South Ayrshire","[c]","[c]","[c]","[c]"
"Leaver Dept.","2022","Declared disabled","White","Scotland","South Lanarkshire","5","[c]","[c]","[c]"
"Leaver Dept.","2022","Declared disabled","White","Scotland","West Lothian","[c]","[c]","[c]","[c]"
"Leaver Dept.","2022","Declared disabled","White","South East (England)","Berkshire","[c]","[c]","[c]","[c]"
"Leaver Dept.","2022","Declared disabled","White","South East (England)","Brighton and Hove","[c]","[c]","[c]","[c]"
"Leaver Dept.","2022","Declared disabled","White","South East (England)","Buckinghamshire","[c]","[c]","[c]","[c]"
"Leaver Dept.","2022","Declared disabled","White","South East (England)","Central Hampshire","5","[c]","[c]","[c]"
"Leaver Dept.","2022","Declared disabled","White","South East (England)","East Kent","5","[c]","[c]","[c]"
"Leaver Dept.","2022","Declared disabled","White","South East (England)","East Surrey","[c]","[c]","[c]","[c]"
"Leaver Dept.","2022","Declared disabled","White","South East (England)","East Sussex CC","[c]","[c]","[c]","[c]"
"Leaver Dept.","2022","Declared disabled","White","South East (England)","Isle of Wight","[c]","[c]","[c]","[c]"
"Leaver Dept.","2022","Declared disabled","White","South East (England)","Kent Thames Gateway","[c]","[c]","[c]","[c]"
"Leaver Dept.","2022","Declared disabled","White","South East (England)","Medway","[c]","[c]","[c]","[c]"
"Leaver Dept.","2022","Declared disabled","White","South East (England)","Mid Kent","[c]","[c]","[c]","[c]"
"Leaver Dept.","2022","Declared disabled","White","South East (England)","Milton Keynes","[c]","[c]","[c]","[c]"
"Leaver Dept.","2022","Declared disabled","White","South East (England)","North Hampshire","[c]","[c]","[c]","[c]"
"Leaver Dept.","2022","Declared disabled","White","South East (England)","Oxfordshire CC","15","[c]","[c]","[c]"
"Leaver Dept.","2022","Declared disabled","White","South East (England)","Portsmouth","[c]","[c]","[c]","[c]"
"Leaver Dept.","2022","Declared disabled","White","South East (England)","South Hampshire","10","[c]","[c]","[c]"
"Leaver Dept.","2022","Declared disabled","White","South East (England)","Southampton","[c]","[c]","[c]","[c]"
"Leaver Dept.","2022","Declared disabled","White","South East (England)","West Kent","[c]","[c]","[c]","[c]"
"Leaver Dept.","2022","Declared disabled","White","South East (England)","West Surrey","5","[c]","[c]","[c]"
"Leaver Dept.","2022","Declared disabled","White","South East (England)","West Sussex (North East)","[c]","[c]","[c]","[c]"
"Leaver Dept.","2022","Declared disabled","White","South East (England)","West Sussex (South West)","[c]","[c]","[c]","[c]"
"Leaver Dept.","2022","Declared disabled","White","South West (England)","Bath and North East Somerset, North Somerset and South Gloucestershire","45","[c]","36640","35150"
"Leaver Dept.","2022","Declared disabled","White","South West (England)","Bournemouth, Christchurch and Poole","[c]","[c]","[c]","[c]"
"Leaver Dept.","2022","Declared disabled","White","South West (England)","Bristol, City of","25","[c]","[c]","[c]"
"Leaver Dept.","2022","Declared disabled","White","South West (England)","Cornwall and Isles of Scilly","[c]","[c]","[c]","[c]"
"Leaver Dept.","2022","Declared disabled","White","South West (England)","Devon CC","10","[c]","[c]","[c]"
"Leaver Dept.","2022","Declared disabled","White","South West (England)","Dorset","[c]","[c]","[c]","[c]"
"Leaver Dept.","2022","Declared disabled","White","South West (England)","Gloucestershire CC","[c]","[c]","[c]","[c]"
"Leaver Dept.","2022","Declared disabled","White","South West (England)","Plymouth","[c]","[c]","[c]","[c]"
"Leaver Dept.","2022","Declared disabled","White","South West (England)","Somerset CC","[c]","[c]","[c]","[c]"
"Leaver Dept.","2022","Declared disabled","White","South West (England)","Swindon","[c]","[c]","[c]","[c]"
"Leaver Dept.","2022","Declared disabled","White","South West (England)","Torbay","[c]","[c]","[c]","[c]"
"Leaver Dept.","2022","Declared disabled","White","South West (England)","Wiltshire","40","[c]","33600","28940"
"Leaver Dept.","2022","Declared disabled","White","Unknown","Unknown","30","[c]","33740","32000"
"Leaver Dept.","2022","Declared disabled","White","Wales","Bridgend and Neath Port Talbot","[c]","[c]","[c]","[c]"
"Leaver Dept.","2022","Declared disabled","White","Wales","Cardiff and Vale of Glamorgan","25","[c]","[c]","[c]"
"Leaver Dept.","2022","Declared disabled","White","Wales","Central Valleys","[c]","[c]","[c]","[c]"
"Leaver Dept.","2022","Declared disabled","White","Wales","Conwy and Denbighshire","[c]","[c]","[c]","[c]"
"Leaver Dept.","2022","Declared disabled","White","Wales","Flintshire and Wrexham","[c]","[c]","[c]","[c]"
"Leaver Dept.","2022","Declared disabled","White","Wales","Gwent Valleys","5","[c]","[c]","[c]"
"Leaver Dept.","2022","Declared disabled","White","Wales","Gwynedd","[c]","[c]","[c]","[c]"
"Leaver Dept.","2022","Declared disabled","White","Wales","Isle of Anglesey","[c]","[c]","[c]","[c]"
"Leaver Dept.","2022","Declared disabled","White","Wales","Monmouthshire and Newport","20","[c]","[c]","[c]"
"Leaver Dept.","2022","Declared disabled","White","Wales","Powys","[c]","[c]","[c]","[c]"
"Leaver Dept.","2022","Declared disabled","White","Wales","South West Wales","[c]","[c]","[c]","[c]"
"Leaver Dept.","2022","Declared disabled","White","Wales","Swansea","[c]","[c]","[c]","[c]"
"Leaver Dept.","2022","Declared disabled","White","West Midlands (England)","Birmingham","35","[c]","33530","29040"
"Leaver Dept.","2022","Declared disabled","White","West Midlands (England)","Coventry","10","[c]","[c]","[c]"
"Leaver Dept.","2022","Declared disabled","White","West Midlands (England)","Dudley","[c]","[c]","[c]","[c]"
"Leaver Dept.","2022","Declared disabled","White","West Midlands (England)","Herefordshire, County of","[c]","[c]","[c]","[c]"
"Leaver Dept.","2022","Declared disabled","White","West Midlands (England)","Sandwell","[c]","[c]","[c]","[c]"
"Leaver Dept.","2022","Declared disabled","White","West Midlands (England)","Shropshire","[c]","[c]","[c]","[c]"
"Leaver Dept.","2022","Declared disabled","White","West Midlands (England)","Solihull","[c]","[c]","[c]","[c]"
"Leaver Dept.","2022","Declared disabled","White","West Midlands (England)","Staffordshire CC","5","[c]","[c]","[c]"
"Leaver Dept.","2022","Declared disabled","White","West Midlands (England)","Stoke-on-Trent","5","[c]","[c]","[c]"
"Leaver Dept.","2022","Declared disabled","White","West Midlands (England)","Telford and Wrekin","[c]","[c]","[c]","[c]"
"Leaver Dept.","2022","Declared disabled","White","West Midlands (England)","Walsall","[c]","[c]","[c]","[c]"
"Leaver Dept.","2022","Declared disabled","White","West Midlands (England)","Warwickshire CC","[c]","[c]","[c]","[c]"
"Leaver Dept.","2022","Declared disabled","White","West Midlands (England)","Wolverhampton","[c]","[c]","[c]","[c]"
"Leaver Dept.","2022","Declared disabled","White","West Midlands (England)","Worcestershire CC","[c]","[c]","[c]","[c]"
"Leaver Dept.","2022","Declared disabled","White","Yorkshire and The Humber","Barnsley, Doncaster and Rotherham","[c]","[c]","[c]","[c]"
"Leaver Dept.","2022","Declared disabled","White","Yorkshire and The Humber","Bradford","[c]","[c]","[c]","[c]"
"Leaver Dept.","2022","Declared disabled","White","Yorkshire and The Humber","Calderdale and Kirklees","5","[c]","[c]","[c]"
"Leaver Dept.","2022","Declared disabled","White","Yorkshire and The Humber","East Riding of Yorkshire","[c]","[c]","[c]","[c]"
"Leaver Dept.","2022","Declared disabled","White","Yorkshire and The Humber","Kingston upon Hull, City of","[c]","[c]","[c]","[c]"
"Leaver Dept.","2022","Declared disabled","White","Yorkshire and The Humber","Leeds","55","[c]","34200","31990"
"Leaver Dept.","2022","Declared disabled","White","Yorkshire and The Humber","North and North East Lincolnshire","[c]","[c]","[c]","[c]"
"Leaver Dept.","2022","Declared disabled","White","Yorkshire and The Humber","North Yorkshire CC","[c]","[c]","[c]","[c]"
"Leaver Dept.","2022","Declared disabled","White","Yorkshire and The Humber","Sheffield","15","[c]","[c]","[c]"
"Leaver Dept.","2022","Declared disabled","White","Yorkshire and The Humber","Wakefield","[c]","[c]","[c]","[c]"
"Leaver Dept.","2022","Declared disabled","White","Yorkshire and The Humber","York","15","[c]","[c]","[c]"
"Leaver Dept.","2022","Declared non-disabled","Asian","East Midlands (England)","Derby","[c]","[c]","[c]","[c]"
"Leaver Dept.","2022","Declared non-disabled","Asian","East Midlands (England)","East Derbyshire","[c]","[c]","[c]","[c]"
"Leaver Dept.","2022","Declared non-disabled","Asian","East Midlands (England)","Leicester","15","[c]","[c]","[c]"
"Leaver Dept.","2022","Declared non-disabled","Asian","East Midlands (England)","Leicestershire CC and Rutland","5","[c]","[c]","[c]"
"Leaver Dept.","2022","Declared non-disabled","Asian","East Midlands (England)","Lincolnshire CC","[c]","[c]","[c]","[c]"
"Leaver Dept.","2022","Declared non-disabled","Asian","East Midlands (England)","North Northamptonshire","[c]","[c]","[c]","[c]"
"Leaver Dept.","2022","Declared non-disabled","Asian","East Midlands (England)","North Nottinghamshire","[c]","[c]","[c]","[c]"
"Leaver Dept.","2022","Declared non-disabled","Asian","East Midlands (England)","Nottingham","20","[c]","[c]","[c]"
"Leaver Dept.","2022","Declared non-disabled","Asian","East Midlands (England)","South and West Derbyshire","[c]","[c]","[c]","[c]"
"Leaver Dept.","2022","Declared non-disabled","Asian","East Midlands (England)","South Nottinghamshire","[c]","[c]","[c]","[c]"
"Leaver Dept.","2022","Declared non-disabled","Asian","East Midlands (England)","West Northamptonshire","[c]","[c]","[c]","[c]"
"Leaver Dept.","2022","Declared non-disabled","Asian","East of England","Bedford","[c]","[c]","[c]","[c]"
"Leaver Dept.","2022","Declared non-disabled","Asian","East of England","Breckland and South Norfolk","[c]","[c]","[c]","[c]"
"Leaver Dept.","2022","Declared non-disabled","Asian","East of England","Cambridgeshire CC","15","[c]","[c]","[c]"
"Leaver Dept.","2022","Declared non-disabled","Asian","East of England","Central Bedfordshire","[c]","[c]","[c]","[c]"
"Leaver Dept.","2022","Declared non-disabled","Asian","East of England","Essex Haven Gateway","[c]","[c]","[c]","[c]"
"Leaver Dept.","2022","Declared non-disabled","Asian","East of England","Essex Thames Gateway","[c]","[c]","[c]","[c]"
"Leaver Dept.","2022","Declared non-disabled","Asian","East of England","Heart of Essex","[c]","[c]","[c]","[c]"
"Leaver Dept.","2022","Declared non-disabled","Asian","East of England","Hertfordshire CC","10","[c]","[c]","[c]"
"Leaver Dept.","2022","Declared non-disabled","Asian","East of England","Luton","[c]","[c]","[c]","[c]"
"Leaver Dept.","2022","Declared non-disabled","Asian","East of England","North and West Norfolk","[c]","[c]","[c]","[c]"
"Leaver Dept.","2022","Declared non-disabled","Asian","East of England","Norwich and East Norfolk","[c]","[c]","[c]","[c]"
"Leaver Dept.","2022","Declared non-disabled","Asian","East of England","Peterborough","[c]","[c]","[c]","[c]"
"Leaver Dept.","2022","Declared non-disabled","Asian","East of England","Southend-on-Sea","[c]","[c]","[c]","[c]"
"Leaver Dept.","2022","Declared non-disabled","Asian","East of England","Suffolk CC","[c]","[c]","[c]","[c]"
"Leaver Dept.","2022","Declared non-disabled","Asian","East of England","Thurrock","[c]","[c]","[c]","[c]"
"Leaver Dept.","2022","Declared non-disabled","Asian","East of England","West Essex","5","[c]","[c]","[c]"
"Leaver Dept.","2022","Declared non-disabled","Asian","London","Barking & Dagenham and Havering","10","[c]","[c]","[c]"
"Leaver Dept.","2022","Declared non-disabled","Asian","London","Barnet","195","[c]","36580","32330"
"Leaver Dept.","2022","Declared non-disabled","Asian","London","Bexley and Greenwich","[c]","[c]","[c]","[c]"
"Leaver Dept.","2022","Declared non-disabled","Asian","London","Brent","[c]","[c]","[c]","[c]"
"Leaver Dept.","2022","Declared non-disabled","Asian","London","Bromley","[c]","[c]","[c]","[c]"
"Leaver Dept.","2022","Declared non-disabled","Asian","London","Camden and City of London","20","[c]","[c]","[c]"
"Leaver Dept.","2022","Declared non-disabled","Asian","London","Croydon","45","[c]","37090","35090"
"Leaver Dept.","2022","Declared non-disabled","Asian","London","Ealing","[c]","[c]","[c]","[c]"
"Leaver Dept.","2022","Declared non-disabled","Asian","London","Enfield","[c]","[c]","[c]","[c]"
"Leaver Dept.","2022","Declared non-disabled","Asian","London","Hackney and Newham","30","[c]","[c]","[c]"
"Leaver Dept.","2022","Declared non-disabled","Asian","London","Haringey and Islington","5","[c]","[c]","[c]"
"Leaver Dept.","2022","Declared non-disabled","Asian","London","Harrow and Hillingdon","20","[c]","[c]","[c]"
"Leaver Dept.","2022","Declared non-disabled","Asian","London","Hounslow and Richmond upon Thames","15","[c]","[c]","[c]"
"Leaver Dept.","2022","Declared non-disabled","Asian","London","Kensington & Chelsea and Hammersmith & Fulham","[c]","[c]","[c]","[c]"
"Leaver Dept.","2022","Declared non-disabled","Asian","London","Lambeth","150","[c]","43420","34440"
"Leaver Dept.","2022","Declared non-disabled","Asian","London","Lewisham and Southwark","25","[c]","[c]","[c]"
"Leaver Dept.","2022","Declared non-disabled","Asian","London","Merton, Kingston upon Thames and Sutton","5","[c]","[c]","[c]"
"Leaver Dept.","2022","Declared non-disabled","Asian","London","Redbridge and Waltham Forest","20","[c]","[c]","[c]"
"Leaver Dept.","2022","Declared non-disabled","Asian","London","Tower Hamlets","55","[c]","37490","34080"
"Leaver Dept.","2022","Declared non-disabled","Asian","London","Wandsworth","[c]","[c]","[c]","[c]"
"Leaver Dept.","2022","Declared non-disabled","Asian","London","Westminster","400","[c]","42410","36720"
"Leaver Dept.","2022","Declared non-disabled","Asian","North East (England)","Darlington","[c]","[c]","[c]","[c]"
"Leaver Dept.","2022","Declared non-disabled","Asian","North East (England)","Durham","[c]","[c]","[c]","[c]"
"Leaver Dept.","2022","Declared non-disabled","Asian","North East (England)","Hartlepool and Stockton-on-Tees","[c]","[c]","[c]","[c]"
"Leaver Dept.","2022","Declared non-disabled","Asian","North East (England)","Northumberland","[c]","[c]","[c]","[c]"
"Leaver Dept.","2022","Declared non-disabled","Asian","North East (England)","South Teesside","[c]","[c]","[c]","[c]"
"Leaver Dept.","2022","Declared non-disabled","Asian","North East (England)","Sunderland","[c]","[c]","[c]","[c]"
"Leaver Dept.","2022","Declared non-disabled","Asian","North East (England)","Tyneside","20","[c]","[c]","[c]"
"Leaver Dept.","2022","Declared non-disabled","Asian","North West (England)","Blackburn with Darwen","[c]","[c]","[c]","[c]"
"Leaver Dept.","2022","Declared non-disabled","Asian","North West (England)","Blackpool","5","[c]","[c]","[c]"
"Leaver Dept.","2022","Declared non-disabled","Asian","North West (England)","Cheshire East","5","[c]","[c]","[c]"
"Leaver Dept.","2022","Declared non-disabled","Asian","North West (England)","Cheshire West and Chester","[c]","[c]","[c]","[c]"
"Leaver Dept.","2022","Declared non-disabled","Asian","North West (England)","Chorley and West Lancashire","[c]","[c]","[c]","[c]"
"Leaver Dept.","2022","Declared non-disabled","Asian","North West (England)","East Cumbria","[c]","[c]","[c]","[c]"
"Leaver Dept.","2022","Declared non-disabled","Asian","North West (England)","East Lancashire","[c]","[c]","[c]","[c]"
"Leaver Dept.","2022","Declared non-disabled","Asian","North West (England)","East Merseyside","[c]","[c]","[c]","[c]"
"Leaver Dept.","2022","Declared non-disabled","Asian","North West (England)","Greater Manchester North East","10","[c]","[c]","[c]"
"Leaver Dept.","2022","Declared non-disabled","Asian","North West (England)","Greater Manchester North West","[c]","[c]","[c]","[c]"
"Leaver Dept.","2022","Declared non-disabled","Asian","North West (England)","Greater Manchester South East","[c]","[c]","[c]","[c]"
"Leaver Dept.","2022","Declared non-disabled","Asian","North West (England)","Greater Manchester South West","25","[c]","[c]","[c]"
"Leaver Dept.","2022","Declared non-disabled","Asian","North West (England)","Lancaster and Wyre","[c]","[c]","[c]","[c]"
"Leaver Dept.","2022","Declared non-disabled","Asian","North West (England)","Liverpool","[c]","[c]","[c]","[c]"
"Leaver Dept.","2022","Declared non-disabled","Asian","North West (England)","Manchester","70","[c]","28490","25410"
"Leaver Dept.","2022","Declared non-disabled","Asian","North West (England)","Mid Lancashire","20","[c]","[c]","[c]"
"Leaver Dept.","2022","Declared non-disabled","Asian","North West (England)","Sefton","[c]","[c]","[c]","[c]"
"Leaver Dept.","2022","Declared non-disabled","Asian","North West (England)","Warrington","[c]","[c]","[c]","[c]"
"Leaver Dept.","2022","Declared non-disabled","Asian","North West (England)","West Cumbria","[c]","[c]","[c]","[c]"
"Leaver Dept.","2022","Declared non-disabled","Asian","North West (England)","Wirral","[c]","[c]","[c]","[c]"
"Leaver Dept.","2022","Declared non-disabled","Asian","Northern Ireland","Ards and North Down","[c]","[c]","[c]","[c]"
"Leaver Dept.","2022","Declared non-disabled","Asian","Northern Ireland","Belfast","[c]","[c]","[c]","[c]"
"Leaver Dept.","2022","Declared non-disabled","Asian","Northern Ireland","Lisburn and Castlereagh","[c]","[c]","[c]","[c]"
"Leaver Dept.","2022","Declared non-disabled","Asian","Overseas","Overseas","[c]","[c]","[c]","[c]"
"Leaver Dept.","2022","Declared non-disabled","Asian","Scotland","Aberdeen City and Aberdeenshire","[c]","[c]","[c]","[c]"
"Leaver Dept.","2022","Declared non-disabled","Asian","Scotland","Angus and Dundee City","[c]","[c]","[c]","[c]"
"Leaver Dept.","2022","Declared non-disabled","Asian","Scotland","Caithness and Sutherland, and Ross and Cromarty","[c]","[c]","[c]","[c]"
"Leaver Dept.","2022","Declared non-disabled","Asian","Scotland","City of Edinburgh","5","[c]","[c]","[c]"
"Leaver Dept.","2022","Declared non-disabled","Asian","Scotland","Clackmannanshire and Fife","[c]","[c]","[c]","[c]"
"Leaver Dept.","2022","Declared non-disabled","Asian","Scotland","Dumfries and Galloway","[c]","[c]","[c]","[c]"
"Leaver Dept.","2022","Declared non-disabled","Asian","Scotland","East Ayrshire and North Ayrshire mainland","[c]","[c]","[c]","[c]"
"Leaver Dept.","2022","Declared non-disabled","Asian","Scotland","East Dunbartonshire, West Dunbartonshire, and Helensburgh and Lomond","[c]","[c]","[c]","[c]"
"Leaver Dept.","2022","Declared non-disabled","Asian","Scotland","East Lothian and Midlothian","[c]","[c]","[c]","[c]"
"Leaver Dept.","2022","Declared non-disabled","Asian","Scotland","Falkirk","[c]","[c]","[c]","[c]"
"Leaver Dept.","2022","Declared non-disabled","Asian","Scotland","Glasgow City","10","[c]","[c]","[c]"
"Leaver Dept.","2022","Declared non-disabled","Asian","Scotland","Inverclyde, East Renfrewshire, and Renfrewshire","[c]","[c]","[c]","[c]"
"Leaver Dept.","2022","Declared non-disabled","Asian","Scotland","Inverness and Nairn, Moray, and Badenoch and Strathspey","[c]","[c]","[c]","[c]"
"Leaver Dept.","2022","Declared non-disabled","Asian","Scotland","Lochaber, Skye and Lochalsh, Arran and Cumbrae, and Argyll and Bute","[c]","[c]","[c]","[c]"
"Leaver Dept.","2022","Declared non-disabled","Asian","Scotland","Na h-Eileanan Siar","[c]","[c]","[c]","[c]"
"Leaver Dept.","2022","Declared non-disabled","Asian","Scotland","North Lanarkshire","[c]","[c]","[c]","[c]"
"Leaver Dept.","2022","Declared non-disabled","Asian","Scotland","Orkney Islands","[c]","[c]","[c]","[c]"
"Leaver Dept.","2022","Declared non-disabled","Asian","Scotland","Perth and Kinross, and Stirling","[c]","[c]","[c]","[c]"
"Leaver Dept.","2022","Declared non-disabled","Asian","Scotland","Scottish Borders","[c]","[c]","[c]","[c]"
"Leaver Dept.","2022","Declared non-disabled","Asian","Scotland","South Ayrshire","[c]","[c]","[c]","[c]"
"Leaver Dept.","2022","Declared non-disabled","Asian","Scotland","South Lanarkshire","[c]","[c]","[c]","[c]"
"Leaver Dept.","2022","Declared non-disabled","Asian","Scotland","West Lothian","[c]","[c]","[c]","[c]"
"Leaver Dept.","2022","Declared non-disabled","Asian","South East (England)","Berkshire","5","[c]","[c]","[c]"
"Leaver Dept.","2022","Declared non-disabled","Asian","South East (England)","Brighton and Hove","[c]","[c]","[c]","[c]"
"Leaver Dept.","2022","Declared non-disabled","Asian","South East (England)","Buckinghamshire","[c]","[c]","[c]","[c]"
"Leaver Dept.","2022","Declared non-disabled","Asian","South East (England)","Central Hampshire","[c]","[c]","[c]","[c]"
"Leaver Dept.","2022","Declared non-disabled","Asian","South East (England)","East Kent","[c]","[c]","[c]","[c]"
"Leaver Dept.","2022","Declared non-disabled","Asian","South East (England)","East Surrey","[c]","[c]","[c]","[c]"
"Leaver Dept.","2022","Declared non-disabled","Asian","South East (England)","East Sussex CC","[c]","[c]","[c]","[c]"
"Leaver Dept.","2022","Declared non-disabled","Asian","South East (England)","Isle of Wight","[c]","[c]","[c]","[c]"
"Leaver Dept.","2022","Declared non-disabled","Asian","South East (England)","Kent Thames Gateway","[c]","[c]","[c]","[c]"
"Leaver Dept.","2022","Declared non-disabled","Asian","South East (England)","Medway","[c]","[c]","[c]","[c]"
"Leaver Dept.","2022","Declared non-disabled","Asian","South East (England)","Mid Kent","[c]","[c]","[c]","[c]"
"Leaver Dept.","2022","Declared non-disabled","Asian","South East (England)","Milton Keynes","[c]","[c]","[c]","[c]"
"Leaver Dept.","2022","Declared non-disabled","Asian","South East (England)","North Hampshire","[c]","[c]","[c]","[c]"
"Leaver Dept.","2022","Declared non-disabled","Asian","South East (England)","Oxfordshire CC","15","[c]","[c]","[c]"
"Leaver Dept.","2022","Declared non-disabled","Asian","South East (England)","Portsmouth","[c]","[c]","[c]","[c]"
"Leaver Dept.","2022","Declared non-disabled","Asian","South East (England)","South Hampshire","10","[c]","[c]","[c]"
"Leaver Dept.","2022","Declared non-disabled","Asian","South East (England)","Southampton","[c]","[c]","[c]","[c]"
"Leaver Dept.","2022","Declared non-disabled","Asian","South East (England)","West Kent","[c]","[c]","[c]","[c]"
"Leaver Dept.","2022","Declared non-disabled","Asian","South East (England)","West Surrey","[c]","[c]","[c]","[c]"
"Leaver Dept.","2022","Declared non-disabled","Asian","South East (England)","West Sussex (North East)","5","[c]","[c]","[c]"
"Leaver Dept.","2022","Declared non-disabled","Asian","South East (England)","West Sussex (South West)","[c]","[c]","[c]","[c]"
"Leaver Dept.","2022","Declared non-disabled","Asian","South West (England)","Bath and North East Somerset, North Somerset and South Gloucestershire","20","[c]","[c]","[c]"
"Leaver Dept.","2022","Declared non-disabled","Asian","South West (England)","Bournemouth, Christchurch and Poole","[c]","[c]","[c]","[c]"
"Leaver Dept.","2022","Declared non-disabled","Asian","South West (England)","Bristol, City of","15","[c]","[c]","[c]"
"Leaver Dept.","2022","Declared non-disabled","Asian","South West (England)","Cornwall and Isles of Scilly","[c]","[c]","[c]","[c]"
"Leaver Dept.","2022","Declared non-disabled","Asian","South West (England)","Devon CC","[c]","[c]","[c]","[c]"
"Leaver Dept.","2022","Declared non-disabled","Asian","South West (England)","Dorset","[c]","[c]","[c]","[c]"
"Leaver Dept.","2022","Declared non-disabled","Asian","South West (England)","Gloucestershire CC","[c]","[c]","[c]","[c]"
"Leaver Dept.","2022","Declared non-disabled","Asian","South West (England)","Plymouth","[c]","[c]","[c]","[c]"
"Leaver Dept.","2022","Declared non-disabled","Asian","South West (England)","Somerset CC","[c]","[c]","[c]","[c]"
"Leaver Dept.","2022","Declared non-disabled","Asian","South West (England)","Swindon","[c]","[c]","[c]","[c]"
"Leaver Dept.","2022","Declared non-disabled","Asian","South West (England)","Torbay","[c]","[c]","[c]","[c]"
"Leaver Dept.","2022","Declared non-disabled","Asian","South West (England)","Wiltshire","50","[c]","33380","28870"
"Leaver Dept.","2022","Declared non-disabled","Asian","Unknown","Unknown","15","[c]","[c]","[c]"
"Leaver Dept.","2022","Declared non-disabled","Asian","Wales","Bridgend and Neath Port Talbot","[c]","[c]","[c]","[c]"
"Leaver Dept.","2022","Declared non-disabled","Asian","Wales","Cardiff and Vale of Glamorgan","10","[c]","[c]","[c]"
"Leaver Dept.","2022","Declared non-disabled","Asian","Wales","Central Valleys","[c]","[c]","[c]","[c]"
"Leaver Dept.","2022","Declared non-disabled","Asian","Wales","Conwy and Denbighshire","[c]","[c]","[c]","[c]"
"Leaver Dept.","2022","Declared non-disabled","Asian","Wales","Flintshire and Wrexham","[c]","[c]","[c]","[c]"
"Leaver Dept.","2022","Declared non-disabled","Asian","Wales","Gwent Valleys","[c]","[c]","[c]","[c]"
"Leaver Dept.","2022","Declared non-disabled","Asian","Wales","Gwynedd","[c]","[c]","[c]","[c]"
"Leaver Dept.","2022","Declared non-disabled","Asian","Wales","Isle of Anglesey","[c]","[c]","[c]","[c]"
"Leaver Dept.","2022","Declared non-disabled","Asian","Wales","Monmouthshire and Newport","5","[c]","[c]","[c]"
"Leaver Dept.","2022","Declared non-disabled","Asian","Wales","Powys","[c]","[c]","[c]","[c]"
"Leaver Dept.","2022","Declared non-disabled","Asian","Wales","South West Wales","[c]","[c]","[c]","[c]"
"Leaver Dept.","2022","Declared non-disabled","Asian","Wales","Swansea","[c]","[c]","[c]","[c]"
"Leaver Dept.","2022","Declared non-disabled","Asian","West Midlands (England)","Birmingham","180","[c]","27570","24030"
"Leaver Dept.","2022","Declared non-disabled","Asian","West Midlands (England)","Coventry","25","[c]","[c]","[c]"
"Leaver Dept.","2022","Declared non-disabled","Asian","West Midlands (England)","Dudley","[c]","[c]","[c]","[c]"
"Leaver Dept.","2022","Declared non-disabled","Asian","West Midlands (England)","Herefordshire, County of","[c]","[c]","[c]","[c]"
"Leaver Dept.","2022","Declared non-disabled","Asian","West Midlands (England)","Sandwell","5","[c]","[c]","[c]"
"Leaver Dept.","2022","Declared non-disabled","Asian","West Midlands (England)","Shropshire","[c]","[c]","[c]","[c]"
"Leaver Dept.","2022","Declared non-disabled","Asian","West Midlands (England)","Solihull","20","[c]","[c]","[c]"
"Leaver Dept.","2022","Declared non-disabled","Asian","West Midlands (England)","Staffordshire CC","[c]","[c]","[c]","[c]"
"Leaver Dept.","2022","Declared non-disabled","Asian","West Midlands (England)","Stoke-on-Trent","[c]","[c]","[c]","[c]"
"Leaver Dept.","2022","Declared non-disabled","Asian","West Midlands (England)","Telford and Wrekin","[c]","[c]","[c]","[c]"
"Leaver Dept.","2022","Declared non-disabled","Asian","West Midlands (England)","Walsall","[c]","[c]","[c]","[c]"
"Leaver Dept.","2022","Declared non-disabled","Asian","West Midlands (England)","Warwickshire CC","5","[c]","[c]","[c]"
"Leaver Dept.","2022","Declared non-disabled","Asian","West Midlands (England)","Wolverhampton","5","[c]","[c]","[c]"
"Leaver Dept.","2022","Declared non-disabled","Asian","West Midlands (England)","Worcestershire CC","[c]","[c]","[c]","[c]"
"Leaver Dept.","2022","Declared non-disabled","Asian","Yorkshire and The Humber","Barnsley, Doncaster and Rotherham","[c]","[c]","[c]","[c]"
"Leaver Dept.","2022","Declared non-disabled","Asian","Yorkshire and The Humber","Bradford","25","[c]","[c]","[c]"
"Leaver Dept.","2022","Declared non-disabled","Asian","Yorkshire and The Humber","Calderdale and Kirklees","5","[c]","[c]","[c]"
"Leaver Dept.","2022","Declared non-disabled","Asian","Yorkshire and The Humber","East Riding of Yorkshire","[c]","[c]","[c]","[c]"
"Leaver Dept.","2022","Declared non-disabled","Asian","Yorkshire and The Humber","Kingston upon Hull, City of","[c]","[c]","[c]","[c]"
"Leaver Dept.","2022","Declared non-disabled","Asian","Yorkshire and The Humber","Leeds","70","[c]","32390","27570"
"Leaver Dept.","2022","Declared non-disabled","Asian","Yorkshire and The Humber","North and North East Lincolnshire","[c]","[c]","[c]","[c]"
"Leaver Dept.","2022","Declared non-disabled","Asian","Yorkshire and The Humber","North Yorkshire CC","[c]","[c]","[c]","[c]"
"Leaver Dept.","2022","Declared non-disabled","Asian","Yorkshire and The Humber","Sheffield","15","[c]","[c]","[c]"
"Leaver Dept.","2022","Declared non-disabled","Asian","Yorkshire and The Humber","Wakefield","[c]","[c]","[c]","[c]"
"Leaver Dept.","2022","Declared non-disabled","Asian","Yorkshire and The Humber","York","10","[c]","[c]","[c]"
"Leaver Dept.","2022","Declared non-disabled","Black","East Midlands (England)","Derby","[c]","[c]","[c]","[c]"
"Leaver Dept.","2022","Declared non-disabled","Black","East Midlands (England)","East Derbyshire","[c]","[c]","[c]","[c]"
"Leaver Dept.","2022","Declared non-disabled","Black","East Midlands (England)","Leicester","[c]","[c]","[c]","[c]"
"Leaver Dept.","2022","Declared non-disabled","Black","East Midlands (England)","Leicestershire CC and Rutland","[c]","[c]","[c]","[c]"
"Leaver Dept.","2022","Declared non-disabled","Black","East Midlands (England)","Lincolnshire CC","[c]","[c]","[c]","[c]"
"Leaver Dept.","2022","Declared non-disabled","Black","East Midlands (England)","North Northamptonshire","[c]","[c]","[c]","[c]"
"Leaver Dept.","2022","Declared non-disabled","Black","East Midlands (England)","North Nottinghamshire","[c]","[c]","[c]","[c]"
"Leaver Dept.","2022","Declared non-disabled","Black","East Midlands (England)","Nottingham","25","[c]","[c]","[c]"
"Leaver Dept.","2022","Declared non-disabled","Black","East Midlands (England)","South and West Derbyshire","[c]","[c]","[c]","[c]"
"Leaver Dept.","2022","Declared non-disabled","Black","East Midlands (England)","South Nottinghamshire","[c]","[c]","[c]","[c]"
"Leaver Dept.","2022","Declared non-disabled","Black","East Midlands (England)","West Northamptonshire","[c]","[c]","[c]","[c]"
"Leaver Dept.","2022","Declared non-disabled","Black","East of England","Bedford","[c]","[c]","[c]","[c]"
"Leaver Dept.","2022","Declared non-disabled","Black","East of England","Breckland and South Norfolk","[c]","[c]","[c]","[c]"
"Leaver Dept.","2022","Declared non-disabled","Black","East of England","Cambridgeshire CC","10","[c]","[c]","[c]"
"Leaver Dept.","2022","Declared non-disabled","Black","East of England","Central Bedfordshire","[c]","[c]","[c]","[c]"
"Leaver Dept.","2022","Declared non-disabled","Black","East of England","Essex Haven Gateway","[c]","[c]","[c]","[c]"
"Leaver Dept.","2022","Declared non-disabled","Black","East of England","Essex Thames Gateway","[c]","[c]","[c]","[c]"
"Leaver Dept.","2022","Declared non-disabled","Black","East of England","Heart of Essex","[c]","[c]","[c]","[c]"
"Leaver Dept.","2022","Declared non-disabled","Black","East of England","Hertfordshire CC","5","[c]","[c]","[c]"
"Leaver Dept.","2022","Declared non-disabled","Black","East of England","Luton","[c]","[c]","[c]","[c]"
"Leaver Dept.","2022","Declared non-disabled","Black","East of England","North and West Norfolk","[c]","[c]","[c]","[c]"
"Leaver Dept.","2022","Declared non-disabled","Black","East of England","Norwich and East Norfolk","[c]","[c]","[c]","[c]"
"Leaver Dept.","2022","Declared non-disabled","Black","East of England","Peterborough","[c]","[c]","[c]","[c]"
"Leaver Dept.","2022","Declared non-disabled","Black","East of England","Southend-on-Sea","[c]","[c]","[c]","[c]"
"Leaver Dept.","2022","Declared non-disabled","Black","East of England","Suffolk CC","[c]","[c]","[c]","[c]"
"Leaver Dept.","2022","Declared non-disabled","Black","East of England","Thurrock","[c]","[c]","[c]","[c]"
"Leaver Dept.","2022","Declared non-disabled","Black","East of England","West Essex","5","[c]","[c]","[c]"
"Leaver Dept.","2022","Declared non-disabled","Black","London","Barking & Dagenham and Havering","[c]","[c]","[c]","[c]"
"Leaver Dept.","2022","Declared non-disabled","Black","London","Barnet","90","[c]","31220","26880"
"Leaver Dept.","2022","Declared non-disabled","Black","London","Bexley and Greenwich","5","[c]","[c]","[c]"
"Leaver Dept.","2022","Declared non-disabled","Black","London","Brent","[c]","[c]","[c]","[c]"
"Leaver Dept.","2022","Declared non-disabled","Black","London","Bromley","5","[c]","[c]","[c]"
"Leaver Dept.","2022","Declared non-disabled","Black","London","Camden and City of London","5","[c]","[c]","[c]"
"Leaver Dept.","2022","Declared non-disabled","Black","London","Croydon","40","[c]","35860","31060"
"Leaver Dept.","2022","Declared non-disabled","Black","London","Ealing","[c]","[c]","[c]","[c]"
"Leaver Dept.","2022","Declared non-disabled","Black","London","Enfield","[c]","[c]","[c]","[c]"
"Leaver Dept.","2022","Declared non-disabled","Black","London","Hackney and Newham","20","[c]","[c]","[c]"
"Leaver Dept.","2022","Declared non-disabled","Black","London","Haringey and Islington","5","[c]","[c]","[c]"
"Leaver Dept.","2022","Declared non-disabled","Black","London","Harrow and Hillingdon","10","[c]","[c]","[c]"
"Leaver Dept.","2022","Declared non-disabled","Black","London","Hounslow and Richmond upon Thames","[c]","[c]","[c]","[c]"
"Leaver Dept.","2022","Declared non-disabled","Black","London","Kensington & Chelsea and Hammersmith & Fulham","5","[c]","[c]","[c]"
"Leaver Dept.","2022","Declared non-disabled","Black","London","Lambeth","135","[c]","39690","33660"
"Leaver Dept.","2022","Declared non-disabled","Black","London","Lewisham and Southwark","30","[c]","[c]","[c]"
"Leaver Dept.","2022","Declared non-disabled","Black","London","Merton, Kingston upon Thames and Sutton","5","[c]","[c]","[c]"
"Leaver Dept.","2022","Declared non-disabled","Black","London","Redbridge and Waltham Forest","[c]","[c]","[c]","[c]"
"Leaver Dept.","2022","Declared non-disabled","Black","London","Tower Hamlets","15","[c]","[c]","[c]"
"Leaver Dept.","2022","Declared non-disabled","Black","London","Wandsworth","5","[c]","[c]","[c]"
"Leaver Dept.","2022","Declared non-disabled","Black","London","Westminster","215","[c]","39380","35070"
"Leaver Dept.","2022","Declared non-disabled","Black","North East (England)","Darlington","[c]","[c]","[c]","[c]"
"Leaver Dept.","2022","Declared non-disabled","Black","North East (England)","Durham","[c]","[c]","[c]","[c]"
"Leaver Dept.","2022","Declared non-disabled","Black","North East (England)","Hartlepool and Stockton-on-Tees","[c]","[c]","[c]","[c]"
"Leaver Dept.","2022","Declared non-disabled","Black","North East (England)","Northumberland","[c]","[c]","[c]","[c]"
"Leaver Dept.","2022","Declared non-disabled","Black","North East (England)","South Teesside","[c]","[c]","[c]","[c]"
"Leaver Dept.","2022","Declared non-disabled","Black","North East (England)","Sunderland","[c]","[c]","[c]","[c]"
"Leaver Dept.","2022","Declared non-disabled","Black","North East (England)","Tyneside","10","[c]","[c]","[c]"
"Leaver Dept.","2022","Declared non-disabled","Black","North West (England)","Blackburn with Darwen","[c]","[c]","[c]","[c]"
"Leaver Dept.","2022","Declared non-disabled","Black","North West (England)","Blackpool","[c]","[c]","[c]","[c]"
"Leaver Dept.","2022","Declared non-disabled","Black","North West (England)","Cheshire East","[c]","[c]","[c]","[c]"
"Leaver Dept.","2022","Declared non-disabled","Black","North West (England)","Cheshire West and Chester","[c]","[c]","[c]","[c]"
"Leaver Dept.","2022","Declared non-disabled","Black","North West (England)","Chorley and West Lancashire","[c]","[c]","[c]","[c]"
"Leaver Dept.","2022","Declared non-disabled","Black","North West (England)","East Cumbria","[c]","[c]","[c]","[c]"
"Leaver Dept.","2022","Declared non-disabled","Black","North West (England)","East Lancashire","[c]","[c]","[c]","[c]"
"Leaver Dept.","2022","Declared non-disabled","Black","North West (England)","East Merseyside","[c]","[c]","[c]","[c]"
"Leaver Dept.","2022","Declared non-disabled","Black","North West (England)","Greater Manchester North East","5","[c]","[c]","[c]"
"Leaver Dept.","2022","Declared non-disabled","Black","North West (England)","Greater Manchester North West","[c]","[c]","[c]","[c]"
"Leaver Dept.","2022","Declared non-disabled","Black","North West (England)","Greater Manchester South East","[c]","[c]","[c]","[c]"
"Leaver Dept.","2022","Declared non-disabled","Black","North West (England)","Greater Manchester South West","10","[c]","[c]","[c]"
"Leaver Dept.","2022","Declared non-disabled","Black","North West (England)","Lancaster and Wyre","[c]","[c]","[c]","[c]"
"Leaver Dept.","2022","Declared non-disabled","Black","North West (England)","Liverpool","[c]","[c]","[c]","[c]"
"Leaver Dept.","2022","Declared non-disabled","Black","North West (England)","Manchester","35","[c]","29740","27570"
"Leaver Dept.","2022","Declared non-disabled","Black","North West (England)","Mid Lancashire","[c]","[c]","[c]","[c]"
"Leaver Dept.","2022","Declared non-disabled","Black","North West (England)","Sefton","[c]","[c]","[c]","[c]"
"Leaver Dept.","2022","Declared non-disabled","Black","North West (England)","Warrington","[c]","[c]","[c]","[c]"
"Leaver Dept.","2022","Declared non-disabled","Black","North West (England)","West Cumbria","[c]","[c]","[c]","[c]"
"Leaver Dept.","2022","Declared non-disabled","Black","North West (England)","Wirral","[c]","[c]","[c]","[c]"
"Leaver Dept.","2022","Declared non-disabled","Black","Northern Ireland","Ards and North Down","[c]","[c]","[c]","[c]"
"Leaver Dept.","2022","Declared non-disabled","Black","Northern Ireland","Belfast","[c]","[c]","[c]","[c]"
"Leaver Dept.","2022","Declared non-disabled","Black","Northern Ireland","Lisburn and Castlereagh","[c]","[c]","[c]","[c]"
"Leaver Dept.","2022","Declared non-disabled","Black","Overseas","Overseas","[c]","[c]","[c]","[c]"
"Leaver Dept.","2022","Declared non-disabled","Black","Scotland","Aberdeen City and Aberdeenshire","[c]","[c]","[c]","[c]"
"Leaver Dept.","2022","Declared non-disabled","Black","Scotland","Angus and Dundee City","[c]","[c]","[c]","[c]"
"Leaver Dept.","2022","Declared non-disabled","Black","Scotland","Caithness and Sutherland, and Ross and Cromarty","[c]","[c]","[c]","[c]"
"Leaver Dept.","2022","Declared non-disabled","Black","Scotland","City of Edinburgh","[c]","[c]","[c]","[c]"
"Leaver Dept.","2022","Declared non-disabled","Black","Scotland","Clackmannanshire and Fife","[c]","[c]","[c]","[c]"
"Leaver Dept.","2022","Declared non-disabled","Black","Scotland","Dumfries and Galloway","[c]","[c]","[c]","[c]"
"Leaver Dept.","2022","Declared non-disabled","Black","Scotland","East Ayrshire and North Ayrshire mainland","[c]","[c]","[c]","[c]"
"Leaver Dept.","2022","Declared non-disabled","Black","Scotland","East Dunbartonshire, West Dunbartonshire, and Helensburgh and Lomond","[c]","[c]","[c]","[c]"
"Leaver Dept.","2022","Declared non-disabled","Black","Scotland","East Lothian and Midlothian","[c]","[c]","[c]","[c]"
"Leaver Dept.","2022","Declared non-disabled","Black","Scotland","Falkirk","[c]","[c]","[c]","[c]"
"Leaver Dept.","2022","Declared non-disabled","Black","Scotland","Glasgow City","10","[c]","[c]","[c]"
"Leaver Dept.","2022","Declared non-disabled","Black","Scotland","Inverclyde, East Renfrewshire, and Renfrewshire","[c]","[c]","[c]","[c]"
"Leaver Dept.","2022","Declared non-disabled","Black","Scotland","Inverness and Nairn, Moray, and Badenoch and Strathspey","[c]","[c]","[c]","[c]"
"Leaver Dept.","2022","Declared non-disabled","Black","Scotland","Lochaber, Skye and Lochalsh, Arran and Cumbrae, and Argyll and Bute","[c]","[c]","[c]","[c]"
"Leaver Dept.","2022","Declared non-disabled","Black","Scotland","Na h-Eileanan Siar","[c]","[c]","[c]","[c]"
"Leaver Dept.","2022","Declared non-disabled","Black","Scotland","North Lanarkshire","[c]","[c]","[c]","[c]"
"Leaver Dept.","2022","Declared non-disabled","Black","Scotland","Orkney Islands","[c]","[c]","[c]","[c]"
"Leaver Dept.","2022","Declared non-disabled","Black","Scotland","Perth and Kinross, and Stirling","[c]","[c]","[c]","[c]"
"Leaver Dept.","2022","Declared non-disabled","Black","Scotland","Scottish Borders","[c]","[c]","[c]","[c]"
"Leaver Dept.","2022","Declared non-disabled","Black","Scotland","South Ayrshire","[c]","[c]","[c]","[c]"
"Leaver Dept.","2022","Declared non-disabled","Black","Scotland","South Lanarkshire","[c]","[c]","[c]","[c]"
"Leaver Dept.","2022","Declared non-disabled","Black","Scotland","West Lothian","[c]","[c]","[c]","[c]"
"Leaver Dept.","2022","Declared non-disabled","Black","South East (England)","Berkshire","[c]","[c]","[c]","[c]"
"Leaver Dept.","2022","Declared non-disabled","Black","South East (England)","Brighton and Hove","[c]","[c]","[c]","[c]"
"Leaver Dept.","2022","Declared non-disabled","Black","South East (England)","Buckinghamshire","[c]","[c]","[c]","[c]"
"Leaver Dept.","2022","Declared non-disabled","Black","South East (England)","Central Hampshire","[c]","[c]","[c]","[c]"
"Leaver Dept.","2022","Declared non-disabled","Black","South East (England)","East Kent","[c]","[c]","[c]","[c]"
"Leaver Dept.","2022","Declared non-disabled","Black","South East (England)","East Surrey","[c]","[c]","[c]","[c]"
"Leaver Dept.","2022","Declared non-disabled","Black","South East (England)","East Sussex CC","[c]","[c]","[c]","[c]"
"Leaver Dept.","2022","Declared non-disabled","Black","South East (England)","Isle of Wight","[c]","[c]","[c]","[c]"
"Leaver Dept.","2022","Declared non-disabled","Black","South East (England)","Kent Thames Gateway","[c]","[c]","[c]","[c]"
"Leaver Dept.","2022","Declared non-disabled","Black","South East (England)","Medway","[c]","[c]","[c]","[c]"
"Leaver Dept.","2022","Declared non-disabled","Black","South East (England)","Mid Kent","[c]","[c]","[c]","[c]"
"Leaver Dept.","2022","Declared non-disabled","Black","South East (England)","Milton Keynes","[c]","[c]","[c]","[c]"
"Leaver Dept.","2022","Declared non-disabled","Black","South East (England)","North Hampshire","[c]","[c]","[c]","[c]"
"Leaver Dept.","2022","Declared non-disabled","Black","South East (England)","Oxfordshire CC","[c]","[c]","[c]","[c]"
"Leaver Dept.","2022","Declared non-disabled","Black","South East (England)","Portsmouth","[c]","[c]","[c]","[c]"
"Leaver Dept.","2022","Declared non-disabled","Black","South East (England)","South Hampshire","[c]","[c]","[c]","[c]"
"Leaver Dept.","2022","Declared non-disabled","Black","South East (England)","Southampton","[c]","[c]","[c]","[c]"
"Leaver Dept.","2022","Declared non-disabled","Black","South East (England)","West Kent","[c]","[c]","[c]","[c]"
"Leaver Dept.","2022","Declared non-disabled","Black","South East (England)","West Surrey","[c]","[c]","[c]","[c]"
"Leaver Dept.","2022","Declared non-disabled","Black","South East (England)","West Sussex (North East)","[c]","[c]","[c]","[c]"
"Leaver Dept.","2022","Declared non-disabled","Black","South East (England)","West Sussex (South West)","[c]","[c]","[c]","[c]"
"Leaver Dept.","2022","Declared non-disabled","Black","South West (England)","Bath and North East Somerset, North Somerset and South Gloucestershire","15","[c]","[c]","[c]"
"Leaver Dept.","2022","Declared non-disabled","Black","South West (England)","Bournemouth, Christchurch and Poole","[c]","[c]","[c]","[c]"
"Leaver Dept.","2022","Declared non-disabled","Black","South West (England)","Bristol, City of","10","[c]","[c]","[c]"
"Leaver Dept.","2022","Declared non-disabled","Black","South West (England)","Cornwall and Isles of Scilly","[c]","[c]","[c]","[c]"
"Leaver Dept.","2022","Declared non-disabled","Black","South West (England)","Devon CC","[c]","[c]","[c]","[c]"
"Leaver Dept.","2022","Declared non-disabled","Black","South West (England)","Dorset","[c]","[c]","[c]","[c]"
"Leaver Dept.","2022","Declared non-disabled","Black","South West (England)","Gloucestershire CC","[c]","[c]","[c]","[c]"
"Leaver Dept.","2022","Declared non-disabled","Black","South West (England)","Plymouth","[c]","[c]","[c]","[c]"
"Leaver Dept.","2022","Declared non-disabled","Black","South West (England)","Somerset CC","[c]","[c]","[c]","[c]"
"Leaver Dept.","2022","Declared non-disabled","Black","South West (England)","Swindon","[c]","[c]","[c]","[c]"
"Leaver Dept.","2022","Declared non-disabled","Black","South West (England)","Torbay","[c]","[c]","[c]","[c]"
"Leaver Dept.","2022","Declared non-disabled","Black","South West (England)","Wiltshire","20","[c]","[c]","[c]"
"Leaver Dept.","2022","Declared non-disabled","Black","Unknown","Unknown","10","[c]","[c]","[c]"
"Leaver Dept.","2022","Declared non-disabled","Black","Wales","Bridgend and Neath Port Talbot","[c]","[c]","[c]","[c]"
"Leaver Dept.","2022","Declared non-disabled","Black","Wales","Cardiff and Vale of Glamorgan","[c]","[c]","[c]","[c]"
"Leaver Dept.","2022","Declared non-disabled","Black","Wales","Central Valleys","[c]","[c]","[c]","[c]"
"Leaver Dept.","2022","Declared non-disabled","Black","Wales","Conwy and Denbighshire","[c]","[c]","[c]","[c]"
"Leaver Dept.","2022","Declared non-disabled","Black","Wales","Flintshire and Wrexham","[c]","[c]","[c]","[c]"
"Leaver Dept.","2022","Declared non-disabled","Black","Wales","Gwent Valleys","[c]","[c]","[c]","[c]"
"Leaver Dept.","2022","Declared non-disabled","Black","Wales","Gwynedd","[c]","[c]","[c]","[c]"
"Leaver Dept.","2022","Declared non-disabled","Black","Wales","Isle of Anglesey","[c]","[c]","[c]","[c]"
"Leaver Dept.","2022","Declared non-disabled","Black","Wales","Monmouthshire and Newport","[c]","[c]","[c]","[c]"
"Leaver Dept.","2022","Declared non-disabled","Black","Wales","Powys","[c]","[c]","[c]","[c]"
"Leaver Dept.","2022","Declared non-disabled","Black","Wales","South West Wales","[c]","[c]","[c]","[c]"
"Leaver Dept.","2022","Declared non-disabled","Black","Wales","Swansea","[c]","[c]","[c]","[c]"
"Leaver Dept.","2022","Declared non-disabled","Black","West Midlands (England)","Birmingham","55","[c]","28590","27280"
"Leaver Dept.","2022","Declared non-disabled","Black","West Midlands (England)","Coventry","5","[c]","[c]","[c]"
"Leaver Dept.","2022","Declared non-disabled","Black","West Midlands (England)","Dudley","[c]","[c]","[c]","[c]"
"Leaver Dept.","2022","Declared non-disabled","Black","West Midlands (England)","Herefordshire, County of","[c]","[c]","[c]","[c]"
"Leaver Dept.","2022","Declared non-disabled","Black","West Midlands (England)","Sandwell","[c]","[c]","[c]","[c]"
"Leaver Dept.","2022","Declared non-disabled","Black","West Midlands (England)","Shropshire","[c]","[c]","[c]","[c]"
"Leaver Dept.","2022","Declared non-disabled","Black","West Midlands (England)","Solihull","[c]","[c]","[c]","[c]"
"Leaver Dept.","2022","Declared non-disabled","Black","West Midlands (England)","Staffordshire CC","[c]","[c]","[c]","[c]"
"Leaver Dept.","2022","Declared non-disabled","Black","West Midlands (England)","Stoke-on-Trent","[c]","[c]","[c]","[c]"
"Leaver Dept.","2022","Declared non-disabled","Black","West Midlands (England)","Telford and Wrekin","[c]","[c]","[c]","[c]"
"Leaver Dept.","2022","Declared non-disabled","Black","West Midlands (England)","Walsall","[c]","[c]","[c]","[c]"
"Leaver Dept.","2022","Declared non-disabled","Black","West Midlands (England)","Warwickshire CC","[c]","[c]","[c]","[c]"
"Leaver Dept.","2022","Declared non-disabled","Black","West Midlands (England)","Wolverhampton","[c]","[c]","[c]","[c]"
"Leaver Dept.","2022","Declared non-disabled","Black","West Midlands (England)","Worcestershire CC","[c]","[c]","[c]","[c]"
"Leaver Dept.","2022","Declared non-disabled","Black","Yorkshire and The Humber","Barnsley, Doncaster and Rotherham","[c]","[c]","[c]","[c]"
"Leaver Dept.","2022","Declared non-disabled","Black","Yorkshire and The Humber","Bradford","[c]","[c]","[c]","[c]"
"Leaver Dept.","2022","Declared non-disabled","Black","Yorkshire and The Humber","Calderdale and Kirklees","[c]","[c]","[c]","[c]"
"Leaver Dept.","2022","Declared non-disabled","Black","Yorkshire and The Humber","East Riding of Yorkshire","[c]","[c]","[c]","[c]"
"Leaver Dept.","2022","Declared non-disabled","Black","Yorkshire and The Humber","Kingston upon Hull, City of","[c]","[c]","[c]","[c]"
"Leaver Dept.","2022","Declared non-disabled","Black","Yorkshire and The Humber","Leeds","20","[c]","[c]","[c]"
"Leaver Dept.","2022","Declared non-disabled","Black","Yorkshire and The Humber","North and North East Lincolnshire","[c]","[c]","[c]","[c]"
"Leaver Dept.","2022","Declared non-disabled","Black","Yorkshire and The Humber","North Yorkshire CC","[c]","[c]","[c]","[c]"
"Leaver Dept.","2022","Declared non-disabled","Black","Yorkshire and The Humber","Sheffield","[c]","[c]","[c]","[c]"
"Leaver Dept.","2022","Declared non-disabled","Black","Yorkshire and The Humber","Wakefield","[c]","[c]","[c]","[c]"
"Leaver Dept.","2022","Declared non-disabled","Black","Yorkshire and The Humber","York","[c]","[c]","[c]","[c]"
"Leaver Dept.","2022","Declared non-disabled","Mixed","East Midlands (England)","Derby","[c]","[c]","[c]","[c]"
"Leaver Dept.","2022","Declared non-disabled","Mixed","East Midlands (England)","East Derbyshire","[c]","[c]","[c]","[c]"
"Leaver Dept.","2022","Declared non-disabled","Mixed","East Midlands (England)","Leicester","[c]","[c]","[c]","[c]"
"Leaver Dept.","2022","Declared non-disabled","Mixed","East Midlands (England)","Leicestershire CC and Rutland","[c]","[c]","[c]","[c]"
"Leaver Dept.","2022","Declared non-disabled","Mixed","East Midlands (England)","Lincolnshire CC","[c]","[c]","[c]","[c]"
"Leaver Dept.","2022","Declared non-disabled","Mixed","East Midlands (England)","North Northamptonshire","[c]","[c]","[c]","[c]"
"Leaver Dept.","2022","Declared non-disabled","Mixed","East Midlands (England)","North Nottinghamshire","[c]","[c]","[c]","[c]"
"Leaver Dept.","2022","Declared non-disabled","Mixed","East Midlands (England)","Nottingham","5","[c]","[c]","[c]"
"Leaver Dept.","2022","Declared non-disabled","Mixed","East Midlands (England)","South and West Derbyshire","[c]","[c]","[c]","[c]"
"Leaver Dept.","2022","Declared non-disabled","Mixed","East Midlands (England)","South Nottinghamshire","[c]","[c]","[c]","[c]"
"Leaver Dept.","2022","Declared non-disabled","Mixed","East Midlands (England)","West Northamptonshire","[c]","[c]","[c]","[c]"
"Leaver Dept.","2022","Declared non-disabled","Mixed","East of England","Bedford","[c]","[c]","[c]","[c]"
"Leaver Dept.","2022","Declared non-disabled","Mixed","East of England","Breckland and South Norfolk","[c]","[c]","[c]","[c]"
"Leaver Dept.","2022","Declared non-disabled","Mixed","East of England","Cambridgeshire CC","[c]","[c]","[c]","[c]"
"Leaver Dept.","2022","Declared non-disabled","Mixed","East of England","Central Bedfordshire","[c]","[c]","[c]","[c]"
"Leaver Dept.","2022","Declared non-disabled","Mixed","East of England","Essex Haven Gateway","[c]","[c]","[c]","[c]"
"Leaver Dept.","2022","Declared non-disabled","Mixed","East of England","Essex Thames Gateway","[c]","[c]","[c]","[c]"
"Leaver Dept.","2022","Declared non-disabled","Mixed","East of England","Heart of Essex","[c]","[c]","[c]","[c]"
"Leaver Dept.","2022","Declared non-disabled","Mixed","East of England","Hertfordshire CC","[c]","[c]","[c]","[c]"
"Leaver Dept.","2022","Declared non-disabled","Mixed","East of England","Luton","[c]","[c]","[c]","[c]"
"Leaver Dept.","2022","Declared non-disabled","Mixed","East of England","North and West Norfolk","[c]","[c]","[c]","[c]"
"Leaver Dept.","2022","Declared non-disabled","Mixed","East of England","Norwich and East Norfolk","[c]","[c]","[c]","[c]"
"Leaver Dept.","2022","Declared non-disabled","Mixed","East of England","Peterborough","[c]","[c]","[c]","[c]"
"Leaver Dept.","2022","Declared non-disabled","Mixed","East of England","Southend-on-Sea","[c]","[c]","[c]","[c]"
"Leaver Dept.","2022","Declared non-disabled","Mixed","East of England","Suffolk CC","[c]","[c]","[c]","[c]"
"Leaver Dept.","2022","Declared non-disabled","Mixed","East of England","Thurrock","[c]","[c]","[c]","[c]"
"Leaver Dept.","2022","Declared non-disabled","Mixed","East of England","West Essex","[c]","[c]","[c]","[c]"
"Leaver Dept.","2022","Declared non-disabled","Mixed","London","Barking & Dagenham and Havering","[c]","[c]","[c]","[c]"
"Leaver Dept.","2022","Declared non-disabled","Mixed","London","Barnet","40","[c]","36190","32330"
"Leaver Dept.","2022","Declared non-disabled","Mixed","London","Bexley and Greenwich","[c]","[c]","[c]","[c]"
"Leaver Dept.","2022","Declared non-disabled","Mixed","London","Brent","[c]","[c]","[c]","[c]"
"Leaver Dept.","2022","Declared non-disabled","Mixed","London","Bromley","[c]","[c]","[c]","[c]"
"Leaver Dept.","2022","Declared non-disabled","Mixed","London","Camden and City of London","[c]","[c]","[c]","[c]"
"Leaver Dept.","2022","Declared non-disabled","Mixed","London","Croydon","10","[c]","[c]","[c]"
"Leaver Dept.","2022","Declared non-disabled","Mixed","London","Ealing","[c]","[c]","[c]","[c]"
"Leaver Dept.","2022","Declared non-disabled","Mixed","London","Enfield","[c]","[c]","[c]","[c]"
"Leaver Dept.","2022","Declared non-disabled","Mixed","London","Hackney and Newham","[c]","[c]","[c]","[c]"
"Leaver Dept.","2022","Declared non-disabled","Mixed","London","Haringey and Islington","[c]","[c]","[c]","[c]"
"Leaver Dept.","2022","Declared non-disabled","Mixed","London","Harrow and Hillingdon","[c]","[c]","[c]","[c]"
"Leaver Dept.","2022","Declared non-disabled","Mixed","London","Hounslow and Richmond upon Thames","[c]","[c]","[c]","[c]"
"Leaver Dept.","2022","Declared non-disabled","Mixed","London","Kensington & Chelsea and Hammersmith & Fulham","[c]","[c]","[c]","[c]"
"Leaver Dept.","2022","Declared non-disabled","Mixed","London","Lambeth","45","[c]","44120","40080"
"Leaver Dept.","2022","Declared non-disabled","Mixed","London","Lewisham and Southwark","[c]","[c]","[c]","[c]"
"Leaver Dept.","2022","Declared non-disabled","Mixed","London","Merton, Kingston upon Thames and Sutton","[c]","[c]","[c]","[c]"
"Leaver Dept.","2022","Declared non-disabled","Mixed","London","Redbridge and Waltham Forest","[c]","[c]","[c]","[c]"
"Leaver Dept.","2022","Declared non-disabled","Mixed","London","Tower Hamlets","10","[c]","[c]","[c]"
"Leaver Dept.","2022","Declared non-disabled","Mixed","London","Wandsworth","[c]","[c]","[c]","[c]"
"Leaver Dept.","2022","Declared non-disabled","Mixed","London","Westminster","155","[c]","42650","40050"
"Leaver Dept.","2022","Declared non-disabled","Mixed","North East (England)","Darlington","[c]","[c]","[c]","[c]"
"Leaver Dept.","2022","Declared non-disabled","Mixed","North East (England)","Durham","[c]","[c]","[c]","[c]"
"Leaver Dept.","2022","Declared non-disabled","Mixed","North East (England)","Hartlepool and Stockton-on-Tees","[c]","[c]","[c]","[c]"
"Leaver Dept.","2022","Declared non-disabled","Mixed","North East (England)","Northumberland","[c]","[c]","[c]","[c]"
"Leaver Dept.","2022","Declared non-disabled","Mixed","North East (England)","South Teesside","[c]","[c]","[c]","[c]"
"Leaver Dept.","2022","Declared non-disabled","Mixed","North East (England)","Sunderland","[c]","[c]","[c]","[c]"
"Leaver Dept.","2022","Declared non-disabled","Mixed","North East (England)","Tyneside","5","[c]","[c]","[c]"
"Leaver Dept.","2022","Declared non-disabled","Mixed","North West (England)","Blackburn with Darwen","[c]","[c]","[c]","[c]"
"Leaver Dept.","2022","Declared non-disabled","Mixed","North West (England)","Blackpool","[c]","[c]","[c]","[c]"
"Leaver Dept.","2022","Declared non-disabled","Mixed","North West (England)","Cheshire East","[c]","[c]","[c]","[c]"
"Leaver Dept.","2022","Declared non-disabled","Mixed","North West (England)","Cheshire West and Chester","[c]","[c]","[c]","[c]"
"Leaver Dept.","2022","Declared non-disabled","Mixed","North West (England)","Chorley and West Lancashire","[c]","[c]","[c]","[c]"
"Leaver Dept.","2022","Declared non-disabled","Mixed","North West (England)","East Cumbria","[c]","[c]","[c]","[c]"
"Leaver Dept.","2022","Declared non-disabled","Mixed","North West (England)","East Lancashire","[c]","[c]","[c]","[c]"
"Leaver Dept.","2022","Declared non-disabled","Mixed","North West (England)","East Merseyside","[c]","[c]","[c]","[c]"
"Leaver Dept.","2022","Declared non-disabled","Mixed","North West (England)","Greater Manchester North East","[c]","[c]","[c]","[c]"
"Leaver Dept.","2022","Declared non-disabled","Mixed","North West (England)","Greater Manchester North West","[c]","[c]","[c]","[c]"
"Leaver Dept.","2022","Declared non-disabled","Mixed","North West (England)","Greater Manchester South East","[c]","[c]","[c]","[c]"
"Leaver Dept.","2022","Declared non-disabled","Mixed","North West (England)","Greater Manchester South West","[c]","[c]","[c]","[c]"
"Leaver Dept.","2022","Declared non-disabled","Mixed","North West (England)","Lancaster and Wyre","[c]","[c]","[c]","[c]"
"Leaver Dept.","2022","Declared non-disabled","Mixed","North West (England)","Liverpool","10","[c]","[c]","[c]"
"Leaver Dept.","2022","Declared non-disabled","Mixed","North West (England)","Manchester","15","[c]","[c]","[c]"
"Leaver Dept.","2022","Declared non-disabled","Mixed","North West (England)","Mid Lancashire","[c]","[c]","[c]","[c]"
"Leaver Dept.","2022","Declared non-disabled","Mixed","North West (England)","Sefton","[c]","[c]","[c]","[c]"
"Leaver Dept.","2022","Declared non-disabled","Mixed","North West (England)","Warrington","[c]","[c]","[c]","[c]"
"Leaver Dept.","2022","Declared non-disabled","Mixed","North West (England)","West Cumbria","[c]","[c]","[c]","[c]"
"Leaver Dept.","2022","Declared non-disabled","Mixed","North West (England)","Wirral","[c]","[c]","[c]","[c]"
"Leaver Dept.","2022","Declared non-disabled","Mixed","Northern Ireland","Ards and North Down","[c]","[c]","[c]","[c]"
"Leaver Dept.","2022","Declared non-disabled","Mixed","Northern Ireland","Belfast","[c]","[c]","[c]","[c]"
"Leaver Dept.","2022","Declared non-disabled","Mixed","Northern Ireland","Lisburn and Castlereagh","[c]","[c]","[c]","[c]"
"Leaver Dept.","2022","Declared non-disabled","Mixed","Overseas","Overseas","[c]","[c]","[c]","[c]"
"Leaver Dept.","2022","Declared non-disabled","Mixed","Scotland","Aberdeen City and Aberdeenshire","[c]","[c]","[c]","[c]"
"Leaver Dept.","2022","Declared non-disabled","Mixed","Scotland","Angus and Dundee City","[c]","[c]","[c]","[c]"
"Leaver Dept.","2022","Declared non-disabled","Mixed","Scotland","Caithness and Sutherland, and Ross and Cromarty","[c]","[c]","[c]","[c]"
"Leaver Dept.","2022","Declared non-disabled","Mixed","Scotland","City of Edinburgh","[c]","[c]","[c]","[c]"
"Leaver Dept.","2022","Declared non-disabled","Mixed","Scotland","Clackmannanshire and Fife","[c]","[c]","[c]","[c]"
"Leaver Dept.","2022","Declared non-disabled","Mixed","Scotland","Dumfries and Galloway","[c]","[c]","[c]","[c]"
"Leaver Dept.","2022","Declared non-disabled","Mixed","Scotland","East Ayrshire and North Ayrshire mainland","[c]","[c]","[c]","[c]"
"Leaver Dept.","2022","Declared non-disabled","Mixed","Scotland","East Dunbartonshire, West Dunbartonshire, and Helensburgh and Lomond","[c]","[c]","[c]","[c]"
"Leaver Dept.","2022","Declared non-disabled","Mixed","Scotland","East Lothian and Midlothian","[c]","[c]","[c]","[c]"
"Leaver Dept.","2022","Declared non-disabled","Mixed","Scotland","Falkirk","[c]","[c]","[c]","[c]"
"Leaver Dept.","2022","Declared non-disabled","Mixed","Scotland","Glasgow City","[c]","[c]","[c]","[c]"
"Leaver Dept.","2022","Declared non-disabled","Mixed","Scotland","Inverclyde, East Renfrewshire, and Renfrewshire","[c]","[c]","[c]","[c]"
"Leaver Dept.","2022","Declared non-disabled","Mixed","Scotland","Inverness and Nairn, Moray, and Badenoch and Strathspey","[c]","[c]","[c]","[c]"
"Leaver Dept.","2022","Declared non-disabled","Mixed","Scotland","Lochaber, Skye and Lochalsh, Arran and Cumbrae, and Argyll and Bute","[c]","[c]","[c]","[c]"
"Leaver Dept.","2022","Declared non-disabled","Mixed","Scotland","Na h-Eileanan Siar","[c]","[c]","[c]","[c]"
"Leaver Dept.","2022","Declared non-disabled","Mixed","Scotland","North Lanarkshire","[c]","[c]","[c]","[c]"
"Leaver Dept.","2022","Declared non-disabled","Mixed","Scotland","Orkney Islands","[c]","[c]","[c]","[c]"
"Leaver Dept.","2022","Declared non-disabled","Mixed","Scotland","Perth and Kinross, and Stirling","[c]","[c]","[c]","[c]"
"Leaver Dept.","2022","Declared non-disabled","Mixed","Scotland","Scottish Borders","[c]","[c]","[c]","[c]"
"Leaver Dept.","2022","Declared non-disabled","Mixed","Scotland","South Ayrshire","[c]","[c]","[c]","[c]"
"Leaver Dept.","2022","Declared non-disabled","Mixed","Scotland","South Lanarkshire","[c]","[c]","[c]","[c]"
"Leaver Dept.","2022","Declared non-disabled","Mixed","Scotland","West Lothian","[c]","[c]","[c]","[c]"
"Leaver Dept.","2022","Declared non-disabled","Mixed","South East (England)","Berkshire","[c]","[c]","[c]","[c]"
"Leaver Dept.","2022","Declared non-disabled","Mixed","South East (England)","Brighton and Hove","[c]","[c]","[c]","[c]"
"Leaver Dept.","2022","Declared non-disabled","Mixed","South East (England)","Buckinghamshire","[c]","[c]","[c]","[c]"
"Leaver Dept.","2022","Declared non-disabled","Mixed","South East (England)","Central Hampshire","[c]","[c]","[c]","[c]"
"Leaver Dept.","2022","Declared non-disabled","Mixed","South East (England)","East Kent","[c]","[c]","[c]","[c]"
"Leaver Dept.","2022","Declared non-disabled","Mixed","South East (England)","East Surrey","[c]","[c]","[c]","[c]"
"Leaver Dept.","2022","Declared non-disabled","Mixed","South East (England)","East Sussex CC","[c]","[c]","[c]","[c]"
"Leaver Dept.","2022","Declared non-disabled","Mixed","South East (England)","Isle of Wight","[c]","[c]","[c]","[c]"
"Leaver Dept.","2022","Declared non-disabled","Mixed","South East (England)","Kent Thames Gateway","[c]","[c]","[c]","[c]"
"Leaver Dept.","2022","Declared non-disabled","Mixed","South East (England)","Medway","[c]","[c]","[c]","[c]"
"Leaver Dept.","2022","Declared non-disabled","Mixed","South East (England)","Mid Kent","[c]","[c]","[c]","[c]"
"Leaver Dept.","2022","Declared non-disabled","Mixed","South East (England)","Milton Keynes","[c]","[c]","[c]","[c]"
"Leaver Dept.","2022","Declared non-disabled","Mixed","South East (England)","North Hampshire","[c]","[c]","[c]","[c]"
"Leaver Dept.","2022","Declared non-disabled","Mixed","South East (England)","Oxfordshire CC","[c]","[c]","[c]","[c]"
"Leaver Dept.","2022","Declared non-disabled","Mixed","South East (England)","Portsmouth","[c]","[c]","[c]","[c]"
"Leaver Dept.","2022","Declared non-disabled","Mixed","South East (England)","South Hampshire","[c]","[c]","[c]","[c]"
"Leaver Dept.","2022","Declared non-disabled","Mixed","South East (England)","Southampton","[c]","[c]","[c]","[c]"
"Leaver Dept.","2022","Declared non-disabled","Mixed","South East (England)","West Kent","[c]","[c]","[c]","[c]"
"Leaver Dept.","2022","Declared non-disabled","Mixed","South East (England)","West Surrey","[c]","[c]","[c]","[c]"
"Leaver Dept.","2022","Declared non-disabled","Mixed","South East (England)","West Sussex (North East)","[c]","[c]","[c]","[c]"
"Leaver Dept.","2022","Declared non-disabled","Mixed","South East (England)","West Sussex (South West)","[c]","[c]","[c]","[c]"
"Leaver Dept.","2022","Declared non-disabled","Mixed","South West (England)","Bath and North East Somerset, North Somerset and South Gloucestershire","10","[c]","[c]","[c]"
"Leaver Dept.","2022","Declared non-disabled","Mixed","South West (England)","Bournemouth, Christchurch and Poole","[c]","[c]","[c]","[c]"
"Leaver Dept.","2022","Declared non-disabled","Mixed","South West (England)","Bristol, City of","10","[c]","[c]","[c]"
"Leaver Dept.","2022","Declared non-disabled","Mixed","South West (England)","Cornwall and Isles of Scilly","[c]","[c]","[c]","[c]"
"Leaver Dept.","2022","Declared non-disabled","Mixed","South West (England)","Devon CC","[c]","[c]","[c]","[c]"
"Leaver Dept.","2022","Declared non-disabled","Mixed","South West (England)","Dorset","[c]","[c]","[c]","[c]"
"Leaver Dept.","2022","Declared non-disabled","Mixed","South West (England)","Gloucestershire CC","[c]","[c]","[c]","[c]"
"Leaver Dept.","2022","Declared non-disabled","Mixed","South West (England)","Plymouth","[c]","[c]","[c]","[c]"
"Leaver Dept.","2022","Declared non-disabled","Mixed","South West (England)","Somerset CC","[c]","[c]","[c]","[c]"
"Leaver Dept.","2022","Declared non-disabled","Mixed","South West (England)","Swindon","[c]","[c]","[c]","[c]"
"Leaver Dept.","2022","Declared non-disabled","Mixed","South West (England)","Torbay","[c]","[c]","[c]","[c]"
"Leaver Dept.","2022","Declared non-disabled","Mixed","South West (England)","Wiltshire","20","[c]","[c]","[c]"
"Leaver Dept.","2022","Declared non-disabled","Mixed","Unknown","Unknown","[c]","[c]","[c]","[c]"
"Leaver Dept.","2022","Declared non-disabled","Mixed","Wales","Bridgend and Neath Port Talbot","[c]","[c]","[c]","[c]"
"Leaver Dept.","2022","Declared non-disabled","Mixed","Wales","Cardiff and Vale of Glamorgan","5","[c]","[c]","[c]"
"Leaver Dept.","2022","Declared non-disabled","Mixed","Wales","Central Valleys","[c]","[c]","[c]","[c]"
"Leaver Dept.","2022","Declared non-disabled","Mixed","Wales","Conwy and Denbighshire","[c]","[c]","[c]","[c]"
"Leaver Dept.","2022","Declared non-disabled","Mixed","Wales","Flintshire and Wrexham","[c]","[c]","[c]","[c]"
"Leaver Dept.","2022","Declared non-disabled","Mixed","Wales","Gwent Valleys","[c]","[c]","[c]","[c]"
"Leaver Dept.","2022","Declared non-disabled","Mixed","Wales","Gwynedd","[c]","[c]","[c]","[c]"
"Leaver Dept.","2022","Declared non-disabled","Mixed","Wales","Isle of Anglesey","[c]","[c]","[c]","[c]"
"Leaver Dept.","2022","Declared non-disabled","Mixed","Wales","Monmouthshire and Newport","[c]","[c]","[c]","[c]"
"Leaver Dept.","2022","Declared non-disabled","Mixed","Wales","Powys","[c]","[c]","[c]","[c]"
"Leaver Dept.","2022","Declared non-disabled","Mixed","Wales","South West Wales","[c]","[c]","[c]","[c]"
"Leaver Dept.","2022","Declared non-disabled","Mixed","Wales","Swansea","[c]","[c]","[c]","[c]"
"Leaver Dept.","2022","Declared non-disabled","Mixed","West Midlands (England)","Birmingham","10","[c]","[c]","[c]"
"Leaver Dept.","2022","Declared non-disabled","Mixed","West Midlands (England)","Coventry","[c]","[c]","[c]","[c]"
"Leaver Dept.","2022","Declared non-disabled","Mixed","West Midlands (England)","Dudley","[c]","[c]","[c]","[c]"
"Leaver Dept.","2022","Declared non-disabled","Mixed","West Midlands (England)","Herefordshire, County of","[c]","[c]","[c]","[c]"
"Leaver Dept.","2022","Declared non-disabled","Mixed","West Midlands (England)","Sandwell","[c]","[c]","[c]","[c]"
"Leaver Dept.","2022","Declared non-disabled","Mixed","West Midlands (England)","Shropshire","[c]","[c]","[c]","[c]"
"Leaver Dept.","2022","Declared non-disabled","Mixed","West Midlands (England)","Solihull","[c]","[c]","[c]","[c]"
"Leaver Dept.","2022","Declared non-disabled","Mixed","West Midlands (England)","Staffordshire CC","[c]","[c]","[c]","[c]"
"Leaver Dept.","2022","Declared non-disabled","Mixed","West Midlands (England)","Stoke-on-Trent","[c]","[c]","[c]","[c]"
"Leaver Dept.","2022","Declared non-disabled","Mixed","West Midlands (England)","Telford and Wrekin","[c]","[c]","[c]","[c]"
"Leaver Dept.","2022","Declared non-disabled","Mixed","West Midlands (England)","Walsall","[c]","[c]","[c]","[c]"
"Leaver Dept.","2022","Declared non-disabled","Mixed","West Midlands (England)","Warwickshire CC","[c]","[c]","[c]","[c]"
"Leaver Dept.","2022","Declared non-disabled","Mixed","West Midlands (England)","Wolverhampton","[c]","[c]","[c]","[c]"
"Leaver Dept.","2022","Declared non-disabled","Mixed","West Midlands (England)","Worcestershire CC","[c]","[c]","[c]","[c]"
"Leaver Dept.","2022","Declared non-disabled","Mixed","Yorkshire and The Humber","Barnsley, Doncaster and Rotherham","[c]","[c]","[c]","[c]"
"Leaver Dept.","2022","Declared non-disabled","Mixed","Yorkshire and The Humber","Bradford","[c]","[c]","[c]","[c]"
"Leaver Dept.","2022","Declared non-disabled","Mixed","Yorkshire and The Humber","Calderdale and Kirklees","[c]","[c]","[c]","[c]"
"Leaver Dept.","2022","Declared non-disabled","Mixed","Yorkshire and The Humber","East Riding of Yorkshire","[c]","[c]","[c]","[c]"
"Leaver Dept.","2022","Declared non-disabled","Mixed","Yorkshire and The Humber","Kingston upon Hull, City of","[c]","[c]","[c]","[c]"
"Leaver Dept.","2022","Declared non-disabled","Mixed","Yorkshire and The Humber","Leeds","15","[c]","[c]","[c]"
"Leaver Dept.","2022","Declared non-disabled","Mixed","Yorkshire and The Humber","North and North East Lincolnshire","[c]","[c]","[c]","[c]"
"Leaver Dept.","2022","Declared non-disabled","Mixed","Yorkshire and The Humber","North Yorkshire CC","[c]","[c]","[c]","[c]"
"Leaver Dept.","2022","Declared non-disabled","Mixed","Yorkshire and The Humber","Sheffield","[c]","[c]","[c]","[c]"
"Leaver Dept.","2022","Declared non-disabled","Mixed","Yorkshire and The Humber","Wakefield","[c]","[c]","[c]","[c]"
"Leaver Dept.","2022","Declared non-disabled","Mixed","Yorkshire and The Humber","York","[c]","[c]","[c]","[c]"
"Leaver Dept.","2022","Declared non-disabled","Other ethnicity","East Midlands (England)","Derby","[c]","[c]","[c]","[c]"
"Leaver Dept.","2022","Declared non-disabled","Other ethnicity","East Midlands (England)","East Derbyshire","[c]","[c]","[c]","[c]"
"Leaver Dept.","2022","Declared non-disabled","Other ethnicity","East Midlands (England)","Leicester","[c]","[c]","[c]","[c]"
"Leaver Dept.","2022","Declared non-disabled","Other ethnicity","East Midlands (England)","Leicestershire CC and Rutland","[c]","[c]","[c]","[c]"
"Leaver Dept.","2022","Declared non-disabled","Other ethnicity","East Midlands (England)","Lincolnshire CC","[c]","[c]","[c]","[c]"
"Leaver Dept.","2022","Declared non-disabled","Other ethnicity","East Midlands (England)","North Northamptonshire","[c]","[c]","[c]","[c]"
"Leaver Dept.","2022","Declared non-disabled","Other ethnicity","East Midlands (England)","North Nottinghamshire","[c]","[c]","[c]","[c]"
"Leaver Dept.","2022","Declared non-disabled","Other ethnicity","East Midlands (England)","Nottingham","[c]","[c]","[c]","[c]"
"Leaver Dept.","2022","Declared non-disabled","Other ethnicity","East Midlands (England)","South and West Derbyshire","[c]","[c]","[c]","[c]"
"Leaver Dept.","2022","Declared non-disabled","Other ethnicity","East Midlands (England)","South Nottinghamshire","[c]","[c]","[c]","[c]"
"Leaver Dept.","2022","Declared non-disabled","Other ethnicity","East Midlands (England)","West Northamptonshire","[c]","[c]","[c]","[c]"
"Leaver Dept.","2022","Declared non-disabled","Other ethnicity","East of England","Bedford","[c]","[c]","[c]","[c]"
"Leaver Dept.","2022","Declared non-disabled","Other ethnicity","East of England","Breckland and South Norfolk","[c]","[c]","[c]","[c]"
"Leaver Dept.","2022","Declared non-disabled","Other ethnicity","East of England","Cambridgeshire CC","[c]","[c]","[c]","[c]"
"Leaver Dept.","2022","Declared non-disabled","Other ethnicity","East of England","Central Bedfordshire","[c]","[c]","[c]","[c]"
"Leaver Dept.","2022","Declared non-disabled","Other ethnicity","East of England","Essex Haven Gateway","[c]","[c]","[c]","[c]"
"Leaver Dept.","2022","Declared non-disabled","Other ethnicity","East of England","Essex Thames Gateway","[c]","[c]","[c]","[c]"
"Leaver Dept.","2022","Declared non-disabled","Other ethnicity","East of England","Heart of Essex","[c]","[c]","[c]","[c]"
"Leaver Dept.","2022","Declared non-disabled","Other ethnicity","East of England","Hertfordshire CC","[c]","[c]","[c]","[c]"
"Leaver Dept.","2022","Declared non-disabled","Other ethnicity","East of England","Luton","[c]","[c]","[c]","[c]"
"Leaver Dept.","2022","Declared non-disabled","Other ethnicity","East of England","North and West Norfolk","[c]","[c]","[c]","[c]"
"Leaver Dept.","2022","Declared non-disabled","Other ethnicity","East of England","Norwich and East Norfolk","[c]","[c]","[c]","[c]"
"Leaver Dept.","2022","Declared non-disabled","Other ethnicity","East of England","Peterborough","[c]","[c]","[c]","[c]"
"Leaver Dept.","2022","Declared non-disabled","Other ethnicity","East of England","Southend-on-Sea","[c]","[c]","[c]","[c]"
"Leaver Dept.","2022","Declared non-disabled","Other ethnicity","East of England","Suffolk CC","[c]","[c]","[c]","[c]"
"Leaver Dept.","2022","Declared non-disabled","Other ethnicity","East of England","Thurrock","[c]","[c]","[c]","[c]"
"Leaver Dept.","2022","Declared non-disabled","Other ethnicity","East of England","West Essex","[c]","[c]","[c]","[c]"
"Leaver Dept.","2022","Declared non-disabled","Other ethnicity","London","Barking & Dagenham and Havering","[c]","[c]","[c]","[c]"
"Leaver Dept.","2022","Declared non-disabled","Other ethnicity","London","Barnet","10","[c]","[c]","[c]"
"Leaver Dept.","2022","Declared non-disabled","Other ethnicity","London","Bexley and Greenwich","[c]","[c]","[c]","[c]"
"Leaver Dept.","2022","Declared non-disabled","Other ethnicity","London","Brent","[c]","[c]","[c]","[c]"
"Leaver Dept.","2022","Declared non-disabled","Other ethnicity","London","Bromley","[c]","[c]","[c]","[c]"
"Leaver Dept.","2022","Declared non-disabled","Other ethnicity","London","Camden and City of London","[c]","[c]","[c]","[c]"
"Leaver Dept.","2022","Declared non-disabled","Other ethnicity","London","Croydon","[c]","[c]","[c]","[c]"
"Leaver Dept.","2022","Declared non-disabled","Other ethnicity","London","Ealing","[c]","[c]","[c]","[c]"
"Leaver Dept.","2022","Declared non-disabled","Other ethnicity","London","Enfield","[c]","[c]","[c]","[c]"
"Leaver Dept.","2022","Declared non-disabled","Other ethnicity","London","Hackney and Newham","[c]","[c]","[c]","[c]"
"Leaver Dept.","2022","Declared non-disabled","Other ethnicity","London","Haringey and Islington","[c]","[c]","[c]","[c]"
"Leaver Dept.","2022","Declared non-disabled","Other ethnicity","London","Harrow and Hillingdon","[c]","[c]","[c]","[c]"
"Leaver Dept.","2022","Declared non-disabled","Other ethnicity","London","Hounslow and Richmond upon Thames","[c]","[c]","[c]","[c]"
"Leaver Dept.","2022","Declared non-disabled","Other ethnicity","London","Kensington & Chelsea and Hammersmith & Fulham","[c]","[c]","[c]","[c]"
"Leaver Dept.","2022","Declared non-disabled","Other ethnicity","London","Lambeth","10","[c]","[c]","[c]"
"Leaver Dept.","2022","Declared non-disabled","Other ethnicity","London","Lewisham and Southwark","[c]","[c]","[c]","[c]"
"Leaver Dept.","2022","Declared non-disabled","Other ethnicity","London","Merton, Kingston upon Thames and Sutton","[c]","[c]","[c]","[c]"
"Leaver Dept.","2022","Declared non-disabled","Other ethnicity","London","Redbridge and Waltham Forest","[c]","[c]","[c]","[c]"
"Leaver Dept.","2022","Declared non-disabled","Other ethnicity","London","Tower Hamlets","[c]","[c]","[c]","[c]"
"Leaver Dept.","2022","Declared non-disabled","Other ethnicity","London","Wandsworth","[c]","[c]","[c]","[c]"
"Leaver Dept.","2022","Declared non-disabled","Other ethnicity","London","Westminster","30","[c]","[c]","[c]"
"Leaver Dept.","2022","Declared non-disabled","Other ethnicity","North East (England)","Darlington","[c]","[c]","[c]","[c]"
"Leaver Dept.","2022","Declared non-disabled","Other ethnicity","North East (England)","Durham","[c]","[c]","[c]","[c]"
"Leaver Dept.","2022","Declared non-disabled","Other ethnicity","North East (England)","Hartlepool and Stockton-on-Tees","[c]","[c]","[c]","[c]"
"Leaver Dept.","2022","Declared non-disabled","Other ethnicity","North East (England)","Northumberland","[c]","[c]","[c]","[c]"
"Leaver Dept.","2022","Declared non-disabled","Other ethnicity","North East (England)","South Teesside","[c]","[c]","[c]","[c]"
"Leaver Dept.","2022","Declared non-disabled","Other ethnicity","North East (England)","Sunderland","[c]","[c]","[c]","[c]"
"Leaver Dept.","2022","Declared non-disabled","Other ethnicity","North East (England)","Tyneside","[c]","[c]","[c]","[c]"
"Leaver Dept.","2022","Declared non-disabled","Other ethnicity","North West (England)","Blackburn with Darwen","[c]","[c]","[c]","[c]"
"Leaver Dept.","2022","Declared non-disabled","Other ethnicity","North West (England)","Blackpool","[c]","[c]","[c]","[c]"
"Leaver Dept.","2022","Declared non-disabled","Other ethnicity","North West (England)","Cheshire East","[c]","[c]","[c]","[c]"
"Leaver Dept.","2022","Declared non-disabled","Other ethnicity","North West (England)","Cheshire West and Chester","[c]","[c]","[c]","[c]"
"Leaver Dept.","2022","Declared non-disabled","Other ethnicity","North West (England)","Chorley and West Lancashire","[c]","[c]","[c]","[c]"
"Leaver Dept.","2022","Declared non-disabled","Other ethnicity","North West (England)","East Cumbria","[c]","[c]","[c]","[c]"
"Leaver Dept.","2022","Declared non-disabled","Other ethnicity","North West (England)","East Lancashire","[c]","[c]","[c]","[c]"
"Leaver Dept.","2022","Declared non-disabled","Other ethnicity","North West (England)","East Merseyside","[c]","[c]","[c]","[c]"
"Leaver Dept.","2022","Declared non-disabled","Other ethnicity","North West (England)","Greater Manchester North East","[c]","[c]","[c]","[c]"
"Leaver Dept.","2022","Declared non-disabled","Other ethnicity","North West (England)","Greater Manchester North West","[c]","[c]","[c]","[c]"
"Leaver Dept.","2022","Declared non-disabled","Other ethnicity","North West (England)","Greater Manchester South East","[c]","[c]","[c]","[c]"
"Leaver Dept.","2022","Declared non-disabled","Other ethnicity","North West (England)","Greater Manchester South West","[c]","[c]","[c]","[c]"
"Leaver Dept.","2022","Declared non-disabled","Other ethnicity","North West (England)","Lancaster and Wyre","[c]","[c]","[c]","[c]"
"Leaver Dept.","2022","Declared non-disabled","Other ethnicity","North West (England)","Liverpool","[c]","[c]","[c]","[c]"
"Leaver Dept.","2022","Declared non-disabled","Other ethnicity","North West (England)","Manchester","[c]","[c]","[c]","[c]"
"Leaver Dept.","2022","Declared non-disabled","Other ethnicity","North West (England)","Mid Lancashire","[c]","[c]","[c]","[c]"
"Leaver Dept.","2022","Declared non-disabled","Other ethnicity","North West (England)","Sefton","[c]","[c]","[c]","[c]"
"Leaver Dept.","2022","Declared non-disabled","Other ethnicity","North West (England)","Warrington","[c]","[c]","[c]","[c]"
"Leaver Dept.","2022","Declared non-disabled","Other ethnicity","North West (England)","West Cumbria","[c]","[c]","[c]","[c]"
"Leaver Dept.","2022","Declared non-disabled","Other ethnicity","North West (England)","Wirral","[c]","[c]","[c]","[c]"
"Leaver Dept.","2022","Declared non-disabled","Other ethnicity","Northern Ireland","Ards and North Down","[c]","[c]","[c]","[c]"
"Leaver Dept.","2022","Declared non-disabled","Other ethnicity","Northern Ireland","Belfast","[c]","[c]","[c]","[c]"
"Leaver Dept.","2022","Declared non-disabled","Other ethnicity","Northern Ireland","Lisburn and Castlereagh","[c]","[c]","[c]","[c]"
"Leaver Dept.","2022","Declared non-disabled","Other ethnicity","Overseas","Overseas","[c]","[c]","[c]","[c]"
"Leaver Dept.","2022","Declared non-disabled","Other ethnicity","Scotland","Aberdeen City and Aberdeenshire","[c]","[c]","[c]","[c]"
"Leaver Dept.","2022","Declared non-disabled","Other ethnicity","Scotland","Angus and Dundee City","[c]","[c]","[c]","[c]"
"Leaver Dept.","2022","Declared non-disabled","Other ethnicity","Scotland","Caithness and Sutherland, and Ross and Cromarty","[c]","[c]","[c]","[c]"
"Leaver Dept.","2022","Declared non-disabled","Other ethnicity","Scotland","City of Edinburgh","[c]","[c]","[c]","[c]"
"Leaver Dept.","2022","Declared non-disabled","Other ethnicity","Scotland","Clackmannanshire and Fife","[c]","[c]","[c]","[c]"
"Leaver Dept.","2022","Declared non-disabled","Other ethnicity","Scotland","Dumfries and Galloway","[c]","[c]","[c]","[c]"
"Leaver Dept.","2022","Declared non-disabled","Other ethnicity","Scotland","East Ayrshire and North Ayrshire mainland","[c]","[c]","[c]","[c]"
"Leaver Dept.","2022","Declared non-disabled","Other ethnicity","Scotland","East Dunbartonshire, West Dunbartonshire, and Helensburgh and Lomond","[c]","[c]","[c]","[c]"
"Leaver Dept.","2022","Declared non-disabled","Other ethnicity","Scotland","East Lothian and Midlothian","[c]","[c]","[c]","[c]"
"Leaver Dept.","2022","Declared non-disabled","Other ethnicity","Scotland","Falkirk","[c]","[c]","[c]","[c]"
"Leaver Dept.","2022","Declared non-disabled","Other ethnicity","Scotland","Glasgow City","[c]","[c]","[c]","[c]"
"Leaver Dept.","2022","Declared non-disabled","Other ethnicity","Scotland","Inverclyde, East Renfrewshire, and Renfrewshire","[c]","[c]","[c]","[c]"
"Leaver Dept.","2022","Declared non-disabled","Other ethnicity","Scotland","Inverness and Nairn, Moray, and Badenoch and Strathspey","[c]","[c]","[c]","[c]"
"Leaver Dept.","2022","Declared non-disabled","Other ethnicity","Scotland","Lochaber, Skye and Lochalsh, Arran and Cumbrae, and Argyll and Bute","[c]","[c]","[c]","[c]"
"Leaver Dept.","2022","Declared non-disabled","Other ethnicity","Scotland","Na h-Eileanan Siar","[c]","[c]","[c]","[c]"
"Leaver Dept.","2022","Declared non-disabled","Other ethnicity","Scotland","North Lanarkshire","[c]","[c]","[c]","[c]"
"Leaver Dept.","2022","Declared non-disabled","Other ethnicity","Scotland","Orkney Islands","[c]","[c]","[c]","[c]"
"Leaver Dept.","2022","Declared non-disabled","Other ethnicity","Scotland","Perth and Kinross, and Stirling","[c]","[c]","[c]","[c]"
"Leaver Dept.","2022","Declared non-disabled","Other ethnicity","Scotland","Scottish Borders","[c]","[c]","[c]","[c]"
"Leaver Dept.","2022","Declared non-disabled","Other ethnicity","Scotland","South Ayrshire","[c]","[c]","[c]","[c]"
"Leaver Dept.","2022","Declared non-disabled","Other ethnicity","Scotland","South Lanarkshire","[c]","[c]","[c]","[c]"
"Leaver Dept.","2022","Declared non-disabled","Other ethnicity","Scotland","West Lothian","[c]","[c]","[c]","[c]"
"Leaver Dept.","2022","Declared non-disabled","Other ethnicity","South East (England)","Berkshire","[c]","[c]","[c]","[c]"
"Leaver Dept.","2022","Declared non-disabled","Other ethnicity","South East (England)","Brighton and Hove","[c]","[c]","[c]","[c]"
"Leaver Dept.","2022","Declared non-disabled","Other ethnicity","South East (England)","Buckinghamshire","[c]","[c]","[c]","[c]"
"Leaver Dept.","2022","Declared non-disabled","Other ethnicity","South East (England)","Central Hampshire","[c]","[c]","[c]","[c]"
"Leaver Dept.","2022","Declared non-disabled","Other ethnicity","South East (England)","East Kent","[c]","[c]","[c]","[c]"
"Leaver Dept.","2022","Declared non-disabled","Other ethnicity","South East (England)","East Surrey","[c]","[c]","[c]","[c]"
"Leaver Dept.","2022","Declared non-disabled","Other ethnicity","South East (England)","East Sussex CC","[c]","[c]","[c]","[c]"
"Leaver Dept.","2022","Declared non-disabled","Other ethnicity","South East (England)","Isle of Wight","[c]","[c]","[c]","[c]"
"Leaver Dept.","2022","Declared non-disabled","Other ethnicity","South East (England)","Kent Thames Gateway","[c]","[c]","[c]","[c]"
"Leaver Dept.","2022","Declared non-disabled","Other ethnicity","South East (England)","Medway","[c]","[c]","[c]","[c]"
"Leaver Dept.","2022","Declared non-disabled","Other ethnicity","South East (England)","Mid Kent","[c]","[c]","[c]","[c]"
"Leaver Dept.","2022","Declared non-disabled","Other ethnicity","South East (England)","Milton Keynes","[c]","[c]","[c]","[c]"
"Leaver Dept.","2022","Declared non-disabled","Other ethnicity","South East (England)","North Hampshire","[c]","[c]","[c]","[c]"
"Leaver Dept.","2022","Declared non-disabled","Other ethnicity","South East (England)","Oxfordshire CC","[c]","[c]","[c]","[c]"
"Leaver Dept.","2022","Declared non-disabled","Other ethnicity","South East (England)","Portsmouth","[c]","[c]","[c]","[c]"
"Leaver Dept.","2022","Declared non-disabled","Other ethnicity","South East (England)","South Hampshire","[c]","[c]","[c]","[c]"
"Leaver Dept.","2022","Declared non-disabled","Other ethnicity","South East (England)","Southampton","[c]","[c]","[c]","[c]"
"Leaver Dept.","2022","Declared non-disabled","Other ethnicity","South East (England)","West Kent","[c]","[c]","[c]","[c]"
"Leaver Dept.","2022","Declared non-disabled","Other ethnicity","South East (England)","West Surrey","[c]","[c]","[c]","[c]"
"Leaver Dept.","2022","Declared non-disabled","Other ethnicity","South East (England)","West Sussex (North East)","[c]","[c]","[c]","[c]"
"Leaver Dept.","2022","Declared non-disabled","Other ethnicity","South East (England)","West Sussex (South West)","[c]","[c]","[c]","[c]"
"Leaver Dept.","2022","Declared non-disabled","Other ethnicity","South West (England)","Bath and North East Somerset, North Somerset and South Gloucestershire","[c]","[c]","[c]","[c]"
"Leaver Dept.","2022","Declared non-disabled","Other ethnicity","South West (England)","Bournemouth, Christchurch and Poole","[c]","[c]","[c]","[c]"
"Leaver Dept.","2022","Declared non-disabled","Other ethnicity","South West (England)","Bristol, City of","[c]","[c]","[c]","[c]"
"Leaver Dept.","2022","Declared non-disabled","Other ethnicity","South West (England)","Cornwall and Isles of Scilly","[c]","[c]","[c]","[c]"
"Leaver Dept.","2022","Declared non-disabled","Other ethnicity","South West (England)","Devon CC","[c]","[c]","[c]","[c]"
"Leaver Dept.","2022","Declared non-disabled","Other ethnicity","South West (England)","Dorset","[c]","[c]","[c]","[c]"
"Leaver Dept.","2022","Declared non-disabled","Other ethnicity","South West (England)","Gloucestershire CC","[c]","[c]","[c]","[c]"
"Leaver Dept.","2022","Declared non-disabled","Other ethnicity","South West (England)","Plymouth","[c]","[c]","[c]","[c]"
"Leaver Dept.","2022","Declared non-disabled","Other ethnicity","South West (England)","Somerset CC","[c]","[c]","[c]","[c]"
"Leaver Dept.","2022","Declared non-disabled","Other ethnicity","South West (England)","Swindon","[c]","[c]","[c]","[c]"
"Leaver Dept.","2022","Declared non-disabled","Other ethnicity","South West (England)","Torbay","[c]","[c]","[c]","[c]"
"Leaver Dept.","2022","Declared non-disabled","Other ethnicity","South West (England)","Wiltshire","[c]","[c]","[c]","[c]"
"Leaver Dept.","2022","Declared non-disabled","Other ethnicity","Unknown","Unknown","5","[c]","[c]","[c]"
"Leaver Dept.","2022","Declared non-disabled","Other ethnicity","Wales","Bridgend and Neath Port Talbot","[c]","[c]","[c]","[c]"
"Leaver Dept.","2022","Declared non-disabled","Other ethnicity","Wales","Cardiff and Vale of Glamorgan","[c]","[c]","[c]","[c]"
"Leaver Dept.","2022","Declared non-disabled","Other ethnicity","Wales","Central Valleys","[c]","[c]","[c]","[c]"
"Leaver Dept.","2022","Declared non-disabled","Other ethnicity","Wales","Conwy and Denbighshire","[c]","[c]","[c]","[c]"
"Leaver Dept.","2022","Declared non-disabled","Other ethnicity","Wales","Flintshire and Wrexham","[c]","[c]","[c]","[c]"
"Leaver Dept.","2022","Declared non-disabled","Other ethnicity","Wales","Gwent Valleys","[c]","[c]","[c]","[c]"
"Leaver Dept.","2022","Declared non-disabled","Other ethnicity","Wales","Gwynedd","[c]","[c]","[c]","[c]"
"Leaver Dept.","2022","Declared non-disabled","Other ethnicity","Wales","Isle of Anglesey","[c]","[c]","[c]","[c]"
"Leaver Dept.","2022","Declared non-disabled","Other ethnicity","Wales","Monmouthshire and Newport","[c]","[c]","[c]","[c]"
"Leaver Dept.","2022","Declared non-disabled","Other ethnicity","Wales","Powys","[c]","[c]","[c]","[c]"
"Leaver Dept.","2022","Declared non-disabled","Other ethnicity","Wales","South West Wales","[c]","[c]","[c]","[c]"
"Leaver Dept.","2022","Declared non-disabled","Other ethnicity","Wales","Swansea","[c]","[c]","[c]","[c]"
"Leaver Dept.","2022","Declared non-disabled","Other ethnicity","West Midlands (England)","Birmingham","10","[c]","[c]","[c]"
"Leaver Dept.","2022","Declared non-disabled","Other ethnicity","West Midlands (England)","Coventry","[c]","[c]","[c]","[c]"
"Leaver Dept.","2022","Declared non-disabled","Other ethnicity","West Midlands (England)","Dudley","[c]","[c]","[c]","[c]"
"Leaver Dept.","2022","Declared non-disabled","Other ethnicity","West Midlands (England)","Herefordshire, County of","[c]","[c]","[c]","[c]"
"Leaver Dept.","2022","Declared non-disabled","Other ethnicity","West Midlands (England)","Sandwell","[c]","[c]","[c]","[c]"
"Leaver Dept.","2022","Declared non-disabled","Other ethnicity","West Midlands (England)","Shropshire","[c]","[c]","[c]","[c]"
"Leaver Dept.","2022","Declared non-disabled","Other ethnicity","West Midlands (England)","Solihull","[c]","[c]","[c]","[c]"
"Leaver Dept.","2022","Declared non-disabled","Other ethnicity","West Midlands (England)","Staffordshire CC","[c]","[c]","[c]","[c]"
"Leaver Dept.","2022","Declared non-disabled","Other ethnicity","West Midlands (England)","Stoke-on-Trent","[c]","[c]","[c]","[c]"
"Leaver Dept.","2022","Declared non-disabled","Other ethnicity","West Midlands (England)","Telford and Wrekin","[c]","[c]","[c]","[c]"
"Leaver Dept.","2022","Declared non-disabled","Other ethnicity","West Midlands (England)","Walsall","[c]","[c]","[c]","[c]"
"Leaver Dept.","2022","Declared non-disabled","Other ethnicity","West Midlands (England)","Warwickshire CC","[c]","[c]","[c]","[c]"
"Leaver Dept.","2022","Declared non-disabled","Other ethnicity","West Midlands (England)","Wolverhampton","[c]","[c]","[c]","[c]"
"Leaver Dept.","2022","Declared non-disabled","Other ethnicity","West Midlands (England)","Worcestershire CC","[c]","[c]","[c]","[c]"
"Leaver Dept.","2022","Declared non-disabled","Other ethnicity","Yorkshire and The Humber","Barnsley, Doncaster and Rotherham","[c]","[c]","[c]","[c]"
"Leaver Dept.","2022","Declared non-disabled","Other ethnicity","Yorkshire and The Humber","Bradford","[c]","[c]","[c]","[c]"
"Leaver Dept.","2022","Declared non-disabled","Other ethnicity","Yorkshire and The Humber","Calderdale and Kirklees","[c]","[c]","[c]","[c]"
"Leaver Dept.","2022","Declared non-disabled","Other ethnicity","Yorkshire and The Humber","East Riding of Yorkshire","[c]","[c]","[c]","[c]"
"Leaver Dept.","2022","Declared non-disabled","Other ethnicity","Yorkshire and The Humber","Kingston upon Hull, City of","[c]","[c]","[c]","[c]"
"Leaver Dept.","2022","Declared non-disabled","Other ethnicity","Yorkshire and The Humber","Leeds","5","[c]","[c]","[c]"
"Leaver Dept.","2022","Declared non-disabled","Other ethnicity","Yorkshire and The Humber","North and North East Lincolnshire","[c]","[c]","[c]","[c]"
"Leaver Dept.","2022","Declared non-disabled","Other ethnicity","Yorkshire and The Humber","North Yorkshire CC","[c]","[c]","[c]","[c]"
"Leaver Dept.","2022","Declared non-disabled","Other ethnicity","Yorkshire and The Humber","Sheffield","[c]","[c]","[c]","[c]"
"Leaver Dept.","2022","Declared non-disabled","Other ethnicity","Yorkshire and The Humber","Wakefield","[c]","[c]","[c]","[c]"
"Leaver Dept.","2022","Declared non-disabled","Other ethnicity","Yorkshire and The Humber","York","[c]","[c]","[c]","[c]"
"Leaver Dept.","2022","Declared non-disabled","Undeclared","East Midlands (England)","Derby","[c]","[c]","[c]","[c]"
"Leaver Dept.","2022","Declared non-disabled","Undeclared","East Midlands (England)","East Derbyshire","[c]","[c]","[c]","[c]"
"Leaver Dept.","2022","Declared non-disabled","Undeclared","East Midlands (England)","Leicester","[c]","[c]","[c]","[c]"
"Leaver Dept.","2022","Declared non-disabled","Undeclared","East Midlands (England)","Leicestershire CC and Rutland","[c]","[c]","[c]","[c]"
"Leaver Dept.","2022","Declared non-disabled","Undeclared","East Midlands (England)","Lincolnshire CC","[c]","[c]","[c]","[c]"
"Leaver Dept.","2022","Declared non-disabled","Undeclared","East Midlands (England)","North Northamptonshire","[c]","[c]","[c]","[c]"
"Leaver Dept.","2022","Declared non-disabled","Undeclared","East Midlands (England)","North Nottinghamshire","[c]","[c]","[c]","[c]"
"Leaver Dept.","2022","Declared non-disabled","Undeclared","East Midlands (England)","Nottingham","[c]","[c]","[c]","[c]"
"Leaver Dept.","2022","Declared non-disabled","Undeclared","East Midlands (England)","South and West Derbyshire","[c]","[c]","[c]","[c]"
"Leaver Dept.","2022","Declared non-disabled","Undeclared","East Midlands (England)","South Nottinghamshire","[c]","[c]","[c]","[c]"
"Leaver Dept.","2022","Declared non-disabled","Undeclared","East Midlands (England)","West Northamptonshire","[c]","[c]","[c]","[c]"
"Leaver Dept.","2022","Declared non-disabled","Undeclared","East of England","Bedford","[c]","[c]","[c]","[c]"
"Leaver Dept.","2022","Declared non-disabled","Undeclared","East of England","Breckland and South Norfolk","[c]","[c]","[c]","[c]"
"Leaver Dept.","2022","Declared non-disabled","Undeclared","East of England","Cambridgeshire CC","5","[c]","[c]","[c]"
"Leaver Dept.","2022","Declared non-disabled","Undeclared","East of England","Central Bedfordshire","[c]","[c]","[c]","[c]"
"Leaver Dept.","2022","Declared non-disabled","Undeclared","East of England","Essex Haven Gateway","[c]","[c]","[c]","[c]"
"Leaver Dept.","2022","Declared non-disabled","Undeclared","East of England","Essex Thames Gateway","[c]","[c]","[c]","[c]"
"Leaver Dept.","2022","Declared non-disabled","Undeclared","East of England","Heart of Essex","[c]","[c]","[c]","[c]"
"Leaver Dept.","2022","Declared non-disabled","Undeclared","East of England","Hertfordshire CC","[c]","[c]","[c]","[c]"
"Leaver Dept.","2022","Declared non-disabled","Undeclared","East of England","Luton","[c]","[c]","[c]","[c]"
"Leaver Dept.","2022","Declared non-disabled","Undeclared","East of England","North and West Norfolk","[c]","[c]","[c]","[c]"
"Leaver Dept.","2022","Declared non-disabled","Undeclared","East of England","Norwich and East Norfolk","[c]","[c]","[c]","[c]"
"Leaver Dept.","2022","Declared non-disabled","Undeclared","East of England","Peterborough","[c]","[c]","[c]","[c]"
"Leaver Dept.","2022","Declared non-disabled","Undeclared","East of England","Southend-on-Sea","[c]","[c]","[c]","[c]"
"Leaver Dept.","2022","Declared non-disabled","Undeclared","East of England","Suffolk CC","[c]","[c]","[c]","[c]"
"Leaver Dept.","2022","Declared non-disabled","Undeclared","East of England","Thurrock","[c]","[c]","[c]","[c]"
"Leaver Dept.","2022","Declared non-disabled","Undeclared","East of England","West Essex","[c]","[c]","[c]","[c]"
"Leaver Dept.","2022","Declared non-disabled","Undeclared","London","Barking & Dagenham and Havering","[c]","[c]","[c]","[c]"
"Leaver Dept.","2022","Declared non-disabled","Undeclared","London","Barnet","10","[c]","[c]","[c]"
"Leaver Dept.","2022","Declared non-disabled","Undeclared","London","Bexley and Greenwich","[c]","[c]","[c]","[c]"
"Leaver Dept.","2022","Declared non-disabled","Undeclared","London","Brent","[c]","[c]","[c]","[c]"
"Leaver Dept.","2022","Declared non-disabled","Undeclared","London","Bromley","[c]","[c]","[c]","[c]"
"Leaver Dept.","2022","Declared non-disabled","Undeclared","London","Camden and City of London","[c]","[c]","[c]","[c]"
"Leaver Dept.","2022","Declared non-disabled","Undeclared","London","Croydon","10","[c]","[c]","[c]"
"Leaver Dept.","2022","Declared non-disabled","Undeclared","London","Ealing","[c]","[c]","[c]","[c]"
"Leaver Dept.","2022","Declared non-disabled","Undeclared","London","Enfield","[c]","[c]","[c]","[c]"
"Leaver Dept.","2022","Declared non-disabled","Undeclared","London","Hackney and Newham","[c]","[c]","[c]","[c]"
"Leaver Dept.","2022","Declared non-disabled","Undeclared","London","Haringey and Islington","[c]","[c]","[c]","[c]"
"Leaver Dept.","2022","Declared non-disabled","Undeclared","London","Harrow and Hillingdon","[c]","[c]","[c]","[c]"
"Leaver Dept.","2022","Declared non-disabled","Undeclared","London","Hounslow and Richmond upon Thames","[c]","[c]","[c]","[c]"
"Leaver Dept.","2022","Declared non-disabled","Undeclared","London","Kensington & Chelsea and Hammersmith & Fulham","[c]","[c]","[c]","[c]"
"Leaver Dept.","2022","Declared non-disabled","Undeclared","London","Lambeth","20","[c]","[c]","[c]"
"Leaver Dept.","2022","Declared non-disabled","Undeclared","London","Lewisham and Southwark","[c]","[c]","[c]","[c]"
"Leaver Dept.","2022","Declared non-disabled","Undeclared","London","Merton, Kingston upon Thames and Sutton","[c]","[c]","[c]","[c]"
"Leaver Dept.","2022","Declared non-disabled","Undeclared","London","Redbridge and Waltham Forest","[c]","[c]","[c]","[c]"
"Leaver Dept.","2022","Declared non-disabled","Undeclared","London","Tower Hamlets","5","[c]","[c]","[c]"
"Leaver Dept.","2022","Declared non-disabled","Undeclared","London","Wandsworth","[c]","[c]","[c]","[c]"
"Leaver Dept.","2022","Declared non-disabled","Undeclared","London","Westminster","70","[c]","44450","40640"
"Leaver Dept.","2022","Declared non-disabled","Undeclared","North East (England)","Darlington","[c]","[c]","[c]","[c]"
"Leaver Dept.","2022","Declared non-disabled","Undeclared","North East (England)","Durham","[c]","[c]","[c]","[c]"
"Leaver Dept.","2022","Declared non-disabled","Undeclared","North East (England)","Hartlepool and Stockton-on-Tees","[c]","[c]","[c]","[c]"
"Leaver Dept.","2022","Declared non-disabled","Undeclared","North East (England)","Northumberland","[c]","[c]","[c]","[c]"
"Leaver Dept.","2022","Declared non-disabled","Undeclared","North East (England)","South Teesside","[c]","[c]","[c]","[c]"
"Leaver Dept.","2022","Declared non-disabled","Undeclared","North East (England)","Sunderland","[c]","[c]","[c]","[c]"
"Leaver Dept.","2022","Declared non-disabled","Undeclared","North East (England)","Tyneside","5","[c]","[c]","[c]"
"Leaver Dept.","2022","Declared non-disabled","Undeclared","North West (England)","Blackburn with Darwen","[c]","[c]","[c]","[c]"
"Leaver Dept.","2022","Declared non-disabled","Undeclared","North West (England)","Blackpool","[c]","[c]","[c]","[c]"
"Leaver Dept.","2022","Declared non-disabled","Undeclared","North West (England)","Cheshire East","[c]","[c]","[c]","[c]"
"Leaver Dept.","2022","Declared non-disabled","Undeclared","North West (England)","Cheshire West and Chester","[c]","[c]","[c]","[c]"
"Leaver Dept.","2022","Declared non-disabled","Undeclared","North West (England)","Chorley and West Lancashire","[c]","[c]","[c]","[c]"
"Leaver Dept.","2022","Declared non-disabled","Undeclared","North West (England)","East Cumbria","[c]","[c]","[c]","[c]"
"Leaver Dept.","2022","Declared non-disabled","Undeclared","North West (England)","East Lancashire","[c]","[c]","[c]","[c]"
"Leaver Dept.","2022","Declared non-disabled","Undeclared","North West (England)","East Merseyside","[c]","[c]","[c]","[c]"
"Leaver Dept.","2022","Declared non-disabled","Undeclared","North West (England)","Greater Manchester North East","[c]","[c]","[c]","[c]"
"Leaver Dept.","2022","Declared non-disabled","Undeclared","North West (England)","Greater Manchester North West","[c]","[c]","[c]","[c]"
"Leaver Dept.","2022","Declared non-disabled","Undeclared","North West (England)","Greater Manchester South East","[c]","[c]","[c]","[c]"
"Leaver Dept.","2022","Declared non-disabled","Undeclared","North West (England)","Greater Manchester South West","[c]","[c]","[c]","[c]"
"Leaver Dept.","2022","Declared non-disabled","Undeclared","North West (England)","Lancaster and Wyre","[c]","[c]","[c]","[c]"
"Leaver Dept.","2022","Declared non-disabled","Undeclared","North West (England)","Liverpool","[c]","[c]","[c]","[c]"
"Leaver Dept.","2022","Declared non-disabled","Undeclared","North West (England)","Manchester","5","[c]","[c]","[c]"
"Leaver Dept.","2022","Declared non-disabled","Undeclared","North West (England)","Mid Lancashire","[c]","[c]","[c]","[c]"
"Leaver Dept.","2022","Declared non-disabled","Undeclared","North West (England)","Sefton","[c]","[c]","[c]","[c]"
"Leaver Dept.","2022","Declared non-disabled","Undeclared","North West (England)","Warrington","[c]","[c]","[c]","[c]"
"Leaver Dept.","2022","Declared non-disabled","Undeclared","North West (England)","West Cumbria","[c]","[c]","[c]","[c]"
"Leaver Dept.","2022","Declared non-disabled","Undeclared","North West (England)","Wirral","[c]","[c]","[c]","[c]"
"Leaver Dept.","2022","Declared non-disabled","Undeclared","Northern Ireland","Ards and North Down","[c]","[c]","[c]","[c]"
"Leaver Dept.","2022","Declared non-disabled","Undeclared","Northern Ireland","Belfast","[c]","[c]","[c]","[c]"
"Leaver Dept.","2022","Declared non-disabled","Undeclared","Northern Ireland","Lisburn and Castlereagh","[c]","[c]","[c]","[c]"
"Leaver Dept.","2022","Declared non-disabled","Undeclared","Overseas","Overseas","[c]","[c]","[c]","[c]"
"Leaver Dept.","2022","Declared non-disabled","Undeclared","Scotland","Aberdeen City and Aberdeenshire","[c]","[c]","[c]","[c]"
"Leaver Dept.","2022","Declared non-disabled","Undeclared","Scotland","Angus and Dundee City","[c]","[c]","[c]","[c]"
"Leaver Dept.","2022","Declared non-disabled","Undeclared","Scotland","Caithness and Sutherland, and Ross and Cromarty","[c]","[c]","[c]","[c]"
"Leaver Dept.","2022","Declared non-disabled","Undeclared","Scotland","City of Edinburgh","[c]","[c]","[c]","[c]"
"Leaver Dept.","2022","Declared non-disabled","Undeclared","Scotland","Clackmannanshire and Fife","[c]","[c]","[c]","[c]"
"Leaver Dept.","2022","Declared non-disabled","Undeclared","Scotland","Dumfries and Galloway","[c]","[c]","[c]","[c]"
"Leaver Dept.","2022","Declared non-disabled","Undeclared","Scotland","East Ayrshire and North Ayrshire mainland","[c]","[c]","[c]","[c]"
"Leaver Dept.","2022","Declared non-disabled","Undeclared","Scotland","East Dunbartonshire, West Dunbartonshire, and Helensburgh and Lomond","[c]","[c]","[c]","[c]"
"Leaver Dept.","2022","Declared non-disabled","Undeclared","Scotland","East Lothian and Midlothian","[c]","[c]","[c]","[c]"
"Leaver Dept.","2022","Declared non-disabled","Undeclared","Scotland","Falkirk","[c]","[c]","[c]","[c]"
"Leaver Dept.","2022","Declared non-disabled","Undeclared","Scotland","Glasgow City","5","[c]","[c]","[c]"
"Leaver Dept.","2022","Declared non-disabled","Undeclared","Scotland","Inverclyde, East Renfrewshire, and Renfrewshire","[c]","[c]","[c]","[c]"
"Leaver Dept.","2022","Declared non-disabled","Undeclared","Scotland","Inverness and Nairn, Moray, and Badenoch and Strathspey","[c]","[c]","[c]","[c]"
"Leaver Dept.","2022","Declared non-disabled","Undeclared","Scotland","Lochaber, Skye and Lochalsh, Arran and Cumbrae, and Argyll and Bute","[c]","[c]","[c]","[c]"
"Leaver Dept.","2022","Declared non-disabled","Undeclared","Scotland","Na h-Eileanan Siar","[c]","[c]","[c]","[c]"
"Leaver Dept.","2022","Declared non-disabled","Undeclared","Scotland","North Lanarkshire","[c]","[c]","[c]","[c]"
"Leaver Dept.","2022","Declared non-disabled","Undeclared","Scotland","Orkney Islands","[c]","[c]","[c]","[c]"
"Leaver Dept.","2022","Declared non-disabled","Undeclared","Scotland","Perth and Kinross, and Stirling","[c]","[c]","[c]","[c]"
"Leaver Dept.","2022","Declared non-disabled","Undeclared","Scotland","Scottish Borders","[c]","[c]","[c]","[c]"
"Leaver Dept.","2022","Declared non-disabled","Undeclared","Scotland","South Ayrshire","[c]","[c]","[c]","[c]"
"Leaver Dept.","2022","Declared non-disabled","Undeclared","Scotland","South Lanarkshire","[c]","[c]","[c]","[c]"
"Leaver Dept.","2022","Declared non-disabled","Undeclared","Scotland","West Lothian","[c]","[c]","[c]","[c]"
"Leaver Dept.","2022","Declared non-disabled","Undeclared","South East (England)","Berkshire","[c]","[c]","[c]","[c]"
"Leaver Dept.","2022","Declared non-disabled","Undeclared","South East (England)","Brighton and Hove","[c]","[c]","[c]","[c]"
"Leaver Dept.","2022","Declared non-disabled","Undeclared","South East (England)","Buckinghamshire","[c]","[c]","[c]","[c]"
"Leaver Dept.","2022","Declared non-disabled","Undeclared","South East (England)","Central Hampshire","[c]","[c]","[c]","[c]"
"Leaver Dept.","2022","Declared non-disabled","Undeclared","South East (England)","East Kent","[c]","[c]","[c]","[c]"
"Leaver Dept.","2022","Declared non-disabled","Undeclared","South East (England)","East Surrey","[c]","[c]","[c]","[c]"
"Leaver Dept.","2022","Declared non-disabled","Undeclared","South East (England)","East Sussex CC","[c]","[c]","[c]","[c]"
"Leaver Dept.","2022","Declared non-disabled","Undeclared","South East (England)","Isle of Wight","[c]","[c]","[c]","[c]"
"Leaver Dept.","2022","Declared non-disabled","Undeclared","South East (England)","Kent Thames Gateway","[c]","[c]","[c]","[c]"
"Leaver Dept.","2022","Declared non-disabled","Undeclared","South East (England)","Medway","[c]","[c]","[c]","[c]"
"Leaver Dept.","2022","Declared non-disabled","Undeclared","South East (England)","Mid Kent","[c]","[c]","[c]","[c]"
"Leaver Dept.","2022","Declared non-disabled","Undeclared","South East (England)","Milton Keynes","[c]","[c]","[c]","[c]"
"Leaver Dept.","2022","Declared non-disabled","Undeclared","South East (England)","North Hampshire","[c]","[c]","[c]","[c]"
"Leaver Dept.","2022","Declared non-disabled","Undeclared","South East (England)","Oxfordshire CC","[c]","[c]","[c]","[c]"
"Leaver Dept.","2022","Declared non-disabled","Undeclared","South East (England)","Portsmouth","[c]","[c]","[c]","[c]"
"Leaver Dept.","2022","Declared non-disabled","Undeclared","South East (England)","South Hampshire","[c]","[c]","[c]","[c]"
"Leaver Dept.","2022","Declared non-disabled","Undeclared","South East (England)","Southampton","[c]","[c]","[c]","[c]"
"Leaver Dept.","2022","Declared non-disabled","Undeclared","South East (England)","West Kent","[c]","[c]","[c]","[c]"
"Leaver Dept.","2022","Declared non-disabled","Undeclared","South East (England)","West Surrey","[c]","[c]","[c]","[c]"
"Leaver Dept.","2022","Declared non-disabled","Undeclared","South East (England)","West Sussex (North East)","[c]","[c]","[c]","[c]"
"Leaver Dept.","2022","Declared non-disabled","Undeclared","South East (England)","West Sussex (South West)","[c]","[c]","[c]","[c]"
"Leaver Dept.","2022","Declared non-disabled","Undeclared","South West (England)","Bath and North East Somerset, North Somerset and South Gloucestershire","10","[c]","[c]","[c]"
"Leaver Dept.","2022","Declared non-disabled","Undeclared","South West (England)","Bournemouth, Christchurch and Poole","[c]","[c]","[c]","[c]"
"Leaver Dept.","2022","Declared non-disabled","Undeclared","South West (England)","Bristol, City of","5","[c]","[c]","[c]"
"Leaver Dept.","2022","Declared non-disabled","Undeclared","South West (England)","Cornwall and Isles of Scilly","[c]","[c]","[c]","[c]"
"Leaver Dept.","2022","Declared non-disabled","Undeclared","South West (England)","Devon CC","[c]","[c]","[c]","[c]"
"Leaver Dept.","2022","Declared non-disabled","Undeclared","South West (England)","Dorset","[c]","[c]","[c]","[c]"
"Leaver Dept.","2022","Declared non-disabled","Undeclared","South West (England)","Gloucestershire CC","[c]","[c]","[c]","[c]"
"Leaver Dept.","2022","Declared non-disabled","Undeclared","South West (England)","Plymouth","[c]","[c]","[c]","[c]"
"Leaver Dept.","2022","Declared non-disabled","Undeclared","South West (England)","Somerset CC","[c]","[c]","[c]","[c]"
"Leaver Dept.","2022","Declared non-disabled","Undeclared","South West (England)","Swindon","[c]","[c]","[c]","[c]"
"Leaver Dept.","2022","Declared non-disabled","Undeclared","South West (England)","Torbay","[c]","[c]","[c]","[c]"
"Leaver Dept.","2022","Declared non-disabled","Undeclared","South West (England)","Wiltshire","10","[c]","[c]","[c]"
"Leaver Dept.","2022","Declared non-disabled","Undeclared","Unknown","Unknown","5","[c]","[c]","[c]"
"Leaver Dept.","2022","Declared non-disabled","Undeclared","Wales","Bridgend and Neath Port Talbot","[c]","[c]","[c]","[c]"
"Leaver Dept.","2022","Declared non-disabled","Undeclared","Wales","Cardiff and Vale of Glamorgan","5","[c]","[c]","[c]"
"Leaver Dept.","2022","Declared non-disabled","Undeclared","Wales","Central Valleys","[c]","[c]","[c]","[c]"
"Leaver Dept.","2022","Declared non-disabled","Undeclared","Wales","Conwy and Denbighshire","[c]","[c]","[c]","[c]"
"Leaver Dept.","2022","Declared non-disabled","Undeclared","Wales","Flintshire and Wrexham","[c]","[c]","[c]","[c]"
"Leaver Dept.","2022","Declared non-disabled","Undeclared","Wales","Gwent Valleys","[c]","[c]","[c]","[c]"
"Leaver Dept.","2022","Declared non-disabled","Undeclared","Wales","Gwynedd","[c]","[c]","[c]","[c]"
"Leaver Dept.","2022","Declared non-disabled","Undeclared","Wales","Isle of Anglesey","[c]","[c]","[c]","[c]"
"Leaver Dept.","2022","Declared non-disabled","Undeclared","Wales","Monmouthshire and Newport","5","[c]","[c]","[c]"
"Leaver Dept.","2022","Declared non-disabled","Undeclared","Wales","Powys","[c]","[c]","[c]","[c]"
"Leaver Dept.","2022","Declared non-disabled","Undeclared","Wales","South West Wales","[c]","[c]","[c]","[c]"
"Leaver Dept.","2022","Declared non-disabled","Undeclared","Wales","Swansea","[c]","[c]","[c]","[c]"
"Leaver Dept.","2022","Declared non-disabled","Undeclared","West Midlands (England)","Birmingham","10","[c]","[c]","[c]"
"Leaver Dept.","2022","Declared non-disabled","Undeclared","West Midlands (England)","Coventry","[c]","[c]","[c]","[c]"
"Leaver Dept.","2022","Declared non-disabled","Undeclared","West Midlands (England)","Dudley","[c]","[c]","[c]","[c]"
"Leaver Dept.","2022","Declared non-disabled","Undeclared","West Midlands (England)","Herefordshire, County of","[c]","[c]","[c]","[c]"
"Leaver Dept.","2022","Declared non-disabled","Undeclared","West Midlands (England)","Sandwell","[c]","[c]","[c]","[c]"
"Leaver Dept.","2022","Declared non-disabled","Undeclared","West Midlands (England)","Shropshire","[c]","[c]","[c]","[c]"
"Leaver Dept.","2022","Declared non-disabled","Undeclared","West Midlands (England)","Solihull","[c]","[c]","[c]","[c]"
"Leaver Dept.","2022","Declared non-disabled","Undeclared","West Midlands (England)","Staffordshire CC","[c]","[c]","[c]","[c]"
"Leaver Dept.","2022","Declared non-disabled","Undeclared","West Midlands (England)","Stoke-on-Trent","[c]","[c]","[c]","[c]"
"Leaver Dept.","2022","Declared non-disabled","Undeclared","West Midlands (England)","Telford and Wrekin","[c]","[c]","[c]","[c]"
"Leaver Dept.","2022","Declared non-disabled","Undeclared","West Midlands (England)","Walsall","[c]","[c]","[c]","[c]"
"Leaver Dept.","2022","Declared non-disabled","Undeclared","West Midlands (England)","Warwickshire CC","[c]","[c]","[c]","[c]"
"Leaver Dept.","2022","Declared non-disabled","Undeclared","West Midlands (England)","Wolverhampton","[c]","[c]","[c]","[c]"
"Leaver Dept.","2022","Declared non-disabled","Undeclared","West Midlands (England)","Worcestershire CC","[c]","[c]","[c]","[c]"
"Leaver Dept.","2022","Declared non-disabled","Undeclared","Yorkshire and The Humber","Barnsley, Doncaster and Rotherham","[c]","[c]","[c]","[c]"
"Leaver Dept.","2022","Declared non-disabled","Undeclared","Yorkshire and The Humber","Bradford","[c]","[c]","[c]","[c]"
"Leaver Dept.","2022","Declared non-disabled","Undeclared","Yorkshire and The Humber","Calderdale and Kirklees","[c]","[c]","[c]","[c]"
"Leaver Dept.","2022","Declared non-disabled","Undeclared","Yorkshire and The Humber","East Riding of Yorkshire","[c]","[c]","[c]","[c]"
"Leaver Dept.","2022","Declared non-disabled","Undeclared","Yorkshire and The Humber","Kingston upon Hull, City of","[c]","[c]","[c]","[c]"
"Leaver Dept.","2022","Declared non-disabled","Undeclared","Yorkshire and The Humber","Leeds","5","[c]","[c]","[c]"
"Leaver Dept.","2022","Declared non-disabled","Undeclared","Yorkshire and The Humber","North and North East Lincolnshire","[c]","[c]","[c]","[c]"
"Leaver Dept.","2022","Declared non-disabled","Undeclared","Yorkshire and The Humber","North Yorkshire CC","[c]","[c]","[c]","[c]"
"Leaver Dept.","2022","Declared non-disabled","Undeclared","Yorkshire and The Humber","Sheffield","5","[c]","[c]","[c]"
"Leaver Dept.","2022","Declared non-disabled","Undeclared","Yorkshire and The Humber","Wakefield","[c]","[c]","[c]","[c]"
"Leaver Dept.","2022","Declared non-disabled","Undeclared","Yorkshire and The Humber","York","[c]","[c]","[c]","[c]"
"Leaver Dept.","2022","Declared non-disabled","Unknown","East Midlands (England)","Derby","[c]","[c]","[c]","[c]"
"Leaver Dept.","2022","Declared non-disabled","Unknown","East Midlands (England)","East Derbyshire","[c]","[c]","[c]","[c]"
"Leaver Dept.","2022","Declared non-disabled","Unknown","East Midlands (England)","Leicester","[c]","[c]","[c]","[c]"
"Leaver Dept.","2022","Declared non-disabled","Unknown","East Midlands (England)","Leicestershire CC and Rutland","[c]","[c]","[c]","[c]"
"Leaver Dept.","2022","Declared non-disabled","Unknown","East Midlands (England)","Lincolnshire CC","[c]","[c]","[c]","[c]"
"Leaver Dept.","2022","Declared non-disabled","Unknown","East Midlands (England)","North Northamptonshire","[c]","[c]","[c]","[c]"
"Leaver Dept.","2022","Declared non-disabled","Unknown","East Midlands (England)","North Nottinghamshire","[c]","[c]","[c]","[c]"
"Leaver Dept.","2022","Declared non-disabled","Unknown","East Midlands (England)","Nottingham","10","[c]","[c]","[c]"
"Leaver Dept.","2022","Declared non-disabled","Unknown","East Midlands (England)","South and West Derbyshire","[c]","[c]","[c]","[c]"
"Leaver Dept.","2022","Declared non-disabled","Unknown","East Midlands (England)","South Nottinghamshire","[c]","[c]","[c]","[c]"
"Leaver Dept.","2022","Declared non-disabled","Unknown","East Midlands (England)","West Northamptonshire","[c]","[c]","[c]","[c]"
"Leaver Dept.","2022","Declared non-disabled","Unknown","East of England","Bedford","[c]","[c]","[c]","[c]"
"Leaver Dept.","2022","Declared non-disabled","Unknown","East of England","Breckland and South Norfolk","[c]","[c]","[c]","[c]"
"Leaver Dept.","2022","Declared non-disabled","Unknown","East of England","Cambridgeshire CC","[c]","[c]","[c]","[c]"
"Leaver Dept.","2022","Declared non-disabled","Unknown","East of England","Central Bedfordshire","[c]","[c]","[c]","[c]"
"Leaver Dept.","2022","Declared non-disabled","Unknown","East of England","Essex Haven Gateway","[c]","[c]","[c]","[c]"
"Leaver Dept.","2022","Declared non-disabled","Unknown","East of England","Essex Thames Gateway","[c]","[c]","[c]","[c]"
"Leaver Dept.","2022","Declared non-disabled","Unknown","East of England","Heart of Essex","[c]","[c]","[c]","[c]"
"Leaver Dept.","2022","Declared non-disabled","Unknown","East of England","Hertfordshire CC","[c]","[c]","[c]","[c]"
"Leaver Dept.","2022","Declared non-disabled","Unknown","East of England","Luton","[c]","[c]","[c]","[c]"
"Leaver Dept.","2022","Declared non-disabled","Unknown","East of England","North and West Norfolk","[c]","[c]","[c]","[c]"
"Leaver Dept.","2022","Declared non-disabled","Unknown","East of England","Norwich and East Norfolk","[c]","[c]","[c]","[c]"
"Leaver Dept.","2022","Declared non-disabled","Unknown","East of England","Peterborough","[c]","[c]","[c]","[c]"
"Leaver Dept.","2022","Declared non-disabled","Unknown","East of England","Southend-on-Sea","[c]","[c]","[c]","[c]"
"Leaver Dept.","2022","Declared non-disabled","Unknown","East of England","Suffolk CC","[c]","[c]","[c]","[c]"
"Leaver Dept.","2022","Declared non-disabled","Unknown","East of England","Thurrock","[c]","[c]","[c]","[c]"
"Leaver Dept.","2022","Declared non-disabled","Unknown","East of England","West Essex","[c]","[c]","[c]","[c]"
"Leaver Dept.","2022","Declared non-disabled","Unknown","London","Barking & Dagenham and Havering","[c]","[c]","[c]","[c]"
"Leaver Dept.","2022","Declared non-disabled","Unknown","London","Barnet","20","[c]","[c]","[c]"
"Leaver Dept.","2022","Declared non-disabled","Unknown","London","Bexley and Greenwich","[c]","[c]","[c]","[c]"
"Leaver Dept.","2022","Declared non-disabled","Unknown","London","Brent","[c]","[c]","[c]","[c]"
"Leaver Dept.","2022","Declared non-disabled","Unknown","London","Bromley","[c]","[c]","[c]","[c]"
"Leaver Dept.","2022","Declared non-disabled","Unknown","London","Camden and City of London","[c]","[c]","[c]","[c]"
"Leaver Dept.","2022","Declared non-disabled","Unknown","London","Croydon","[c]","[c]","[c]","[c]"
"Leaver Dept.","2022","Declared non-disabled","Unknown","London","Ealing","[c]","[c]","[c]","[c]"
"Leaver Dept.","2022","Declared non-disabled","Unknown","London","Enfield","[c]","[c]","[c]","[c]"
"Leaver Dept.","2022","Declared non-disabled","Unknown","London","Hackney and Newham","[c]","[c]","[c]","[c]"
"Leaver Dept.","2022","Declared non-disabled","Unknown","London","Haringey and Islington","[c]","[c]","[c]","[c]"
"Leaver Dept.","2022","Declared non-disabled","Unknown","London","Harrow and Hillingdon","[c]","[c]","[c]","[c]"
"Leaver Dept.","2022","Declared non-disabled","Unknown","London","Hounslow and Richmond upon Thames","[c]","[c]","[c]","[c]"
"Leaver Dept.","2022","Declared non-disabled","Unknown","London","Kensington & Chelsea and Hammersmith & Fulham","[c]","[c]","[c]","[c]"
"Leaver Dept.","2022","Declared non-disabled","Unknown","London","Lambeth","10","[c]","[c]","[c]"
"Leaver Dept.","2022","Declared non-disabled","Unknown","London","Lewisham and Southwark","[c]","[c]","[c]","[c]"
"Leaver Dept.","2022","Declared non-disabled","Unknown","London","Merton, Kingston upon Thames and Sutton","[c]","[c]","[c]","[c]"
"Leaver Dept.","2022","Declared non-disabled","Unknown","London","Redbridge and Waltham Forest","[c]","[c]","[c]","[c]"
"Leaver Dept.","2022","Declared non-disabled","Unknown","London","Tower Hamlets","[c]","[c]","[c]","[c]"
"Leaver Dept.","2022","Declared non-disabled","Unknown","London","Wandsworth","[c]","[c]","[c]","[c]"
"Leaver Dept.","2022","Declared non-disabled","Unknown","London","Westminster","65","[c]","54640","54700"
"Leaver Dept.","2022","Declared non-disabled","Unknown","North East (England)","Darlington","[c]","[c]","[c]","[c]"
"Leaver Dept.","2022","Declared non-disabled","Unknown","North East (England)","Durham","[c]","[c]","[c]","[c]"
"Leaver Dept.","2022","Declared non-disabled","Unknown","North East (England)","Hartlepool and Stockton-on-Tees","[c]","[c]","[c]","[c]"
"Leaver Dept.","2022","Declared non-disabled","Unknown","North East (England)","Northumberland","[c]","[c]","[c]","[c]"
"Leaver Dept.","2022","Declared non-disabled","Unknown","North East (England)","South Teesside","[c]","[c]","[c]","[c]"
"Leaver Dept.","2022","Declared non-disabled","Unknown","North East (England)","Sunderland","[c]","[c]","[c]","[c]"
"Leaver Dept.","2022","Declared non-disabled","Unknown","North East (England)","Tyneside","15","[c]","[c]","[c]"
"Leaver Dept.","2022","Declared non-disabled","Unknown","North West (England)","Blackburn with Darwen","[c]","[c]","[c]","[c]"
"Leaver Dept.","2022","Declared non-disabled","Unknown","North West (England)","Blackpool","[c]","[c]","[c]","[c]"
"Leaver Dept.","2022","Declared non-disabled","Unknown","North West (England)","Cheshire East","[c]","[c]","[c]","[c]"
"Leaver Dept.","2022","Declared non-disabled","Unknown","North West (England)","Cheshire West and Chester","[c]","[c]","[c]","[c]"
"Leaver Dept.","2022","Declared non-disabled","Unknown","North West (England)","Chorley and West Lancashire","[c]","[c]","[c]","[c]"
"Leaver Dept.","2022","Declared non-disabled","Unknown","North West (England)","East Cumbria","[c]","[c]","[c]","[c]"
"Leaver Dept.","2022","Declared non-disabled","Unknown","North West (England)","East Lancashire","[c]","[c]","[c]","[c]"
"Leaver Dept.","2022","Declared non-disabled","Unknown","North West (England)","East Merseyside","[c]","[c]","[c]","[c]"
"Leaver Dept.","2022","Declared non-disabled","Unknown","North West (England)","Greater Manchester North East","[c]","[c]","[c]","[c]"
"Leaver Dept.","2022","Declared non-disabled","Unknown","North West (England)","Greater Manchester North West","[c]","[c]","[c]","[c]"
"Leaver Dept.","2022","Declared non-disabled","Unknown","North West (England)","Greater Manchester South East","[c]","[c]","[c]","[c]"
"Leaver Dept.","2022","Declared non-disabled","Unknown","North West (England)","Greater Manchester South West","[c]","[c]","[c]","[c]"
"Leaver Dept.","2022","Declared non-disabled","Unknown","North West (England)","Lancaster and Wyre","[c]","[c]","[c]","[c]"
"Leaver Dept.","2022","Declared non-disabled","Unknown","North West (England)","Liverpool","[c]","[c]","[c]","[c]"
"Leaver Dept.","2022","Declared non-disabled","Unknown","North West (England)","Manchester","5","[c]","[c]","[c]"
"Leaver Dept.","2022","Declared non-disabled","Unknown","North West (England)","Mid Lancashire","[c]","[c]","[c]","[c]"
"Leaver Dept.","2022","Declared non-disabled","Unknown","North West (England)","Sefton","[c]","[c]","[c]","[c]"
"Leaver Dept.","2022","Declared non-disabled","Unknown","North West (England)","Warrington","[c]","[c]","[c]","[c]"
"Leaver Dept.","2022","Declared non-disabled","Unknown","North West (England)","West Cumbria","5","[c]","[c]","[c]"
"Leaver Dept.","2022","Declared non-disabled","Unknown","North West (England)","Wirral","[c]","[c]","[c]","[c]"
"Leaver Dept.","2022","Declared non-disabled","Unknown","Northern Ireland","Ards and North Down","[c]","[c]","[c]","[c]"
"Leaver Dept.","2022","Declared non-disabled","Unknown","Northern Ireland","Belfast","[c]","[c]","[c]","[c]"
"Leaver Dept.","2022","Declared non-disabled","Unknown","Northern Ireland","Lisburn and Castlereagh","[c]","[c]","[c]","[c]"
"Leaver Dept.","2022","Declared non-disabled","Unknown","Overseas","Overseas","[c]","[c]","[c]","[c]"
"Leaver Dept.","2022","Declared non-disabled","Unknown","Scotland","Aberdeen City and Aberdeenshire","[c]","[c]","[c]","[c]"
"Leaver Dept.","2022","Declared non-disabled","Unknown","Scotland","Angus and Dundee City","[c]","[c]","[c]","[c]"
"Leaver Dept.","2022","Declared non-disabled","Unknown","Scotland","Caithness and Sutherland, and Ross and Cromarty","[c]","[c]","[c]","[c]"
"Leaver Dept.","2022","Declared non-disabled","Unknown","Scotland","City of Edinburgh","[c]","[c]","[c]","[c]"
"Leaver Dept.","2022","Declared non-disabled","Unknown","Scotland","Clackmannanshire and Fife","[c]","[c]","[c]","[c]"
"Leaver Dept.","2022","Declared non-disabled","Unknown","Scotland","Dumfries and Galloway","[c]","[c]","[c]","[c]"
"Leaver Dept.","2022","Declared non-disabled","Unknown","Scotland","East Ayrshire and North Ayrshire mainland","[c]","[c]","[c]","[c]"
"Leaver Dept.","2022","Declared non-disabled","Unknown","Scotland","East Dunbartonshire, West Dunbartonshire, and Helensburgh and Lomond","[c]","[c]","[c]","[c]"
"Leaver Dept.","2022","Declared non-disabled","Unknown","Scotland","East Lothian and Midlothian","[c]","[c]","[c]","[c]"
"Leaver Dept.","2022","Declared non-disabled","Unknown","Scotland","Falkirk","[c]","[c]","[c]","[c]"
"Leaver Dept.","2022","Declared non-disabled","Unknown","Scotland","Glasgow City","10","[c]","[c]","[c]"
"Leaver Dept.","2022","Declared non-disabled","Unknown","Scotland","Inverclyde, East Renfrewshire, and Renfrewshire","[c]","[c]","[c]","[c]"
"Leaver Dept.","2022","Declared non-disabled","Unknown","Scotland","Inverness and Nairn, Moray, and Badenoch and Strathspey","[c]","[c]","[c]","[c]"
"Leaver Dept.","2022","Declared non-disabled","Unknown","Scotland","Lochaber, Skye and Lochalsh, Arran and Cumbrae, and Argyll and Bute","[c]","[c]","[c]","[c]"
"Leaver Dept.","2022","Declared non-disabled","Unknown","Scotland","Na h-Eileanan Siar","[c]","[c]","[c]","[c]"
"Leaver Dept.","2022","Declared non-disabled","Unknown","Scotland","North Lanarkshire","[c]","[c]","[c]","[c]"
"Leaver Dept.","2022","Declared non-disabled","Unknown","Scotland","Orkney Islands","[c]","[c]","[c]","[c]"
"Leaver Dept.","2022","Declared non-disabled","Unknown","Scotland","Perth and Kinross, and Stirling","[c]","[c]","[c]","[c]"
"Leaver Dept.","2022","Declared non-disabled","Unknown","Scotland","Scottish Borders","[c]","[c]","[c]","[c]"
"Leaver Dept.","2022","Declared non-disabled","Unknown","Scotland","South Ayrshire","[c]","[c]","[c]","[c]"
"Leaver Dept.","2022","Declared non-disabled","Unknown","Scotland","South Lanarkshire","[c]","[c]","[c]","[c]"
"Leaver Dept.","2022","Declared non-disabled","Unknown","Scotland","West Lothian","[c]","[c]","[c]","[c]"
"Leaver Dept.","2022","Declared non-disabled","Unknown","South East (England)","Berkshire","[c]","[c]","[c]","[c]"
"Leaver Dept.","2022","Declared non-disabled","Unknown","South East (England)","Brighton and Hove","[c]","[c]","[c]","[c]"
"Leaver Dept.","2022","Declared non-disabled","Unknown","South East (England)","Buckinghamshire","[c]","[c]","[c]","[c]"
"Leaver Dept.","2022","Declared non-disabled","Unknown","South East (England)","Central Hampshire","5","[c]","[c]","[c]"
"Leaver Dept.","2022","Declared non-disabled","Unknown","South East (England)","East Kent","[c]","[c]","[c]","[c]"
"Leaver Dept.","2022","Declared non-disabled","Unknown","South East (England)","East Surrey","[c]","[c]","[c]","[c]"
"Leaver Dept.","2022","Declared non-disabled","Unknown","South East (England)","East Sussex CC","[c]","[c]","[c]","[c]"
"Leaver Dept.","2022","Declared non-disabled","Unknown","South East (England)","Isle of Wight","[c]","[c]","[c]","[c]"
"Leaver Dept.","2022","Declared non-disabled","Unknown","South East (England)","Kent Thames Gateway","[c]","[c]","[c]","[c]"
"Leaver Dept.","2022","Declared non-disabled","Unknown","South East (England)","Medway","[c]","[c]","[c]","[c]"
"Leaver Dept.","2022","Declared non-disabled","Unknown","South East (England)","Mid Kent","[c]","[c]","[c]","[c]"
"Leaver Dept.","2022","Declared non-disabled","Unknown","South East (England)","Milton Keynes","[c]","[c]","[c]","[c]"
"Leaver Dept.","2022","Declared non-disabled","Unknown","South East (England)","North Hampshire","[c]","[c]","[c]","[c]"
"Leaver Dept.","2022","Declared non-disabled","Unknown","South East (England)","Oxfordshire CC","[c]","[c]","[c]","[c]"
"Leaver Dept.","2022","Declared non-disabled","Unknown","South East (England)","Portsmouth","[c]","[c]","[c]","[c]"
"Leaver Dept.","2022","Declared non-disabled","Unknown","South East (England)","South Hampshire","[c]","[c]","[c]","[c]"
"Leaver Dept.","2022","Declared non-disabled","Unknown","South East (England)","Southampton","[c]","[c]","[c]","[c]"
"Leaver Dept.","2022","Declared non-disabled","Unknown","South East (England)","West Kent","[c]","[c]","[c]","[c]"
"Leaver Dept.","2022","Declared non-disabled","Unknown","South East (England)","West Surrey","[c]","[c]","[c]","[c]"
"Leaver Dept.","2022","Declared non-disabled","Unknown","South East (England)","West Sussex (North East)","[c]","[c]","[c]","[c]"
"Leaver Dept.","2022","Declared non-disabled","Unknown","South East (England)","West Sussex (South West)","[c]","[c]","[c]","[c]"
"Leaver Dept.","2022","Declared non-disabled","Unknown","South West (England)","Bath and North East Somerset, North Somerset and South Gloucestershire","10","[c]","[c]","[c]"
"Leaver Dept.","2022","Declared non-disabled","Unknown","South West (England)","Bournemouth, Christchurch and Poole","[c]","[c]","[c]","[c]"
"Leaver Dept.","2022","Declared non-disabled","Unknown","South West (England)","Bristol, City of","[c]","[c]","[c]","[c]"
"Leaver Dept.","2022","Declared non-disabled","Unknown","South West (England)","Cornwall and Isles of Scilly","[c]","[c]","[c]","[c]"
"Leaver Dept.","2022","Declared non-disabled","Unknown","South West (England)","Devon CC","[c]","[c]","[c]","[c]"
"Leaver Dept.","2022","Declared non-disabled","Unknown","South West (England)","Dorset","[c]","[c]","[c]","[c]"
"Leaver Dept.","2022","Declared non-disabled","Unknown","South West (England)","Gloucestershire CC","[c]","[c]","[c]","[c]"
"Leaver Dept.","2022","Declared non-disabled","Unknown","South West (England)","Plymouth","[c]","[c]","[c]","[c]"
"Leaver Dept.","2022","Declared non-disabled","Unknown","South West (England)","Somerset CC","[c]","[c]","[c]","[c]"
"Leaver Dept.","2022","Declared non-disabled","Unknown","South West (England)","Swindon","[c]","[c]","[c]","[c]"
"Leaver Dept.","2022","Declared non-disabled","Unknown","South West (England)","Torbay","[c]","[c]","[c]","[c]"
"Leaver Dept.","2022","Declared non-disabled","Unknown","South West (England)","Wiltshire","10","[c]","[c]","[c]"
"Leaver Dept.","2022","Declared non-disabled","Unknown","Unknown","Unknown","5","[c]","[c]","[c]"
"Leaver Dept.","2022","Declared non-disabled","Unknown","Wales","Bridgend and Neath Port Talbot","[c]","[c]","[c]","[c]"
"Leaver Dept.","2022","Declared non-disabled","Unknown","Wales","Cardiff and Vale of Glamorgan","[c]","[c]","[c]","[c]"
"Leaver Dept.","2022","Declared non-disabled","Unknown","Wales","Central Valleys","[c]","[c]","[c]","[c]"
"Leaver Dept.","2022","Declared non-disabled","Unknown","Wales","Conwy and Denbighshire","[c]","[c]","[c]","[c]"
"Leaver Dept.","2022","Declared non-disabled","Unknown","Wales","Flintshire and Wrexham","[c]","[c]","[c]","[c]"
"Leaver Dept.","2022","Declared non-disabled","Unknown","Wales","Gwent Valleys","[c]","[c]","[c]","[c]"
"Leaver Dept.","2022","Declared non-disabled","Unknown","Wales","Gwynedd","[c]","[c]","[c]","[c]"
"Leaver Dept.","2022","Declared non-disabled","Unknown","Wales","Isle of Anglesey","[c]","[c]","[c]","[c]"
"Leaver Dept.","2022","Declared non-disabled","Unknown","Wales","Monmouthshire and Newport","[c]","[c]","[c]","[c]"
"Leaver Dept.","2022","Declared non-disabled","Unknown","Wales","Powys","[c]","[c]","[c]","[c]"
"Leaver Dept.","2022","Declared non-disabled","Unknown","Wales","South West Wales","[c]","[c]","[c]","[c]"
"Leaver Dept.","2022","Declared non-disabled","Unknown","Wales","Swansea","[c]","[c]","[c]","[c]"
"Leaver Dept.","2022","Declared non-disabled","Unknown","West Midlands (England)","Birmingham","10","[c]","[c]","[c]"
"Leaver Dept.","2022","Declared non-disabled","Unknown","West Midlands (England)","Coventry","[c]","[c]","[c]","[c]"
"Leaver Dept.","2022","Declared non-disabled","Unknown","West Midlands (England)","Dudley","[c]","[c]","[c]","[c]"
"Leaver Dept.","2022","Declared non-disabled","Unknown","West Midlands (England)","Herefordshire, County of","[c]","[c]","[c]","[c]"
"Leaver Dept.","2022","Declared non-disabled","Unknown","West Midlands (England)","Sandwell","[c]","[c]","[c]","[c]"
"Leaver Dept.","2022","Declared non-disabled","Unknown","West Midlands (England)","Shropshire","[c]","[c]","[c]","[c]"
"Leaver Dept.","2022","Declared non-disabled","Unknown","West Midlands (England)","Solihull","[c]","[c]","[c]","[c]"
"Leaver Dept.","2022","Declared non-disabled","Unknown","West Midlands (England)","Staffordshire CC","[c]","[c]","[c]","[c]"
"Leaver Dept.","2022","Declared non-disabled","Unknown","West Midlands (England)","Stoke-on-Trent","[c]","[c]","[c]","[c]"
"Leaver Dept.","2022","Declared non-disabled","Unknown","West Midlands (England)","Telford and Wrekin","[c]","[c]","[c]","[c]"
"Leaver Dept.","2022","Declared non-disabled","Unknown","West Midlands (England)","Walsall","[c]","[c]","[c]","[c]"
"Leaver Dept.","2022","Declared non-disabled","Unknown","West Midlands (England)","Warwickshire CC","[c]","[c]","[c]","[c]"
"Leaver Dept.","2022","Declared non-disabled","Unknown","West Midlands (England)","Wolverhampton","[c]","[c]","[c]","[c]"
"Leaver Dept.","2022","Declared non-disabled","Unknown","West Midlands (England)","Worcestershire CC","[c]","[c]","[c]","[c]"
"Leaver Dept.","2022","Declared non-disabled","Unknown","Yorkshire and The Humber","Barnsley, Doncaster and Rotherham","[c]","[c]","[c]","[c]"
"Leaver Dept.","2022","Declared non-disabled","Unknown","Yorkshire and The Humber","Bradford","[c]","[c]","[c]","[c]"
"Leaver Dept.","2022","Declared non-disabled","Unknown","Yorkshire and The Humber","Calderdale and Kirklees","[c]","[c]","[c]","[c]"
"Leaver Dept.","2022","Declared non-disabled","Unknown","Yorkshire and The Humber","East Riding of Yorkshire","[c]","[c]","[c]","[c]"
"Leaver Dept.","2022","Declared non-disabled","Unknown","Yorkshire and The Humber","Kingston upon Hull, City of","[c]","[c]","[c]","[c]"
"Leaver Dept.","2022","Declared non-disabled","Unknown","Yorkshire and The Humber","Leeds","10","[c]","[c]","[c]"
"Leaver Dept.","2022","Declared non-disabled","Unknown","Yorkshire and The Humber","North and North East Lincolnshire","[c]","[c]","[c]","[c]"
"Leaver Dept.","2022","Declared non-disabled","Unknown","Yorkshire and The Humber","North Yorkshire CC","[c]","[c]","[c]","[c]"
"Leaver Dept.","2022","Declared non-disabled","Unknown","Yorkshire and The Humber","Sheffield","[c]","[c]","[c]","[c]"
"Leaver Dept.","2022","Declared non-disabled","Unknown","Yorkshire and The Humber","Wakefield","[c]","[c]","[c]","[c]"
"Leaver Dept.","2022","Declared non-disabled","Unknown","Yorkshire and The Humber","York","5","[c]","[c]","[c]"
"Leaver Dept.","2022","Declared non-disabled","White","East Midlands (England)","Derby","10","[c]","[c]","[c]"
"Leaver Dept.","2022","Declared non-disabled","White","East Midlands (England)","East Derbyshire","10","[c]","[c]","[c]"
"Leaver Dept.","2022","Declared non-disabled","White","East Midlands (England)","Leicester","15","[c]","[c]","[c]"
"Leaver Dept.","2022","Declared non-disabled","White","East Midlands (England)","Leicestershire CC and Rutland","15","[c]","[c]","[c]"
"Leaver Dept.","2022","Declared non-disabled","White","East Midlands (England)","Lincolnshire CC","25","[c]","[c]","[c]"
"Leaver Dept.","2022","Declared non-disabled","White","East Midlands (England)","North Northamptonshire","[c]","[c]","[c]","[c]"
"Leaver Dept.","2022","Declared non-disabled","White","East Midlands (England)","North Nottinghamshire","20","[c]","[c]","[c]"
"Leaver Dept.","2022","Declared non-disabled","White","East Midlands (England)","Nottingham","170","[c]","33140","28590"
"Leaver Dept.","2022","Declared non-disabled","White","East Midlands (England)","South and West Derbyshire","10","[c]","[c]","[c]"
"Leaver Dept.","2022","Declared non-disabled","White","East Midlands (England)","South Nottinghamshire","15","[c]","[c]","[c]"
"Leaver Dept.","2022","Declared non-disabled","White","East Midlands (England)","West Northamptonshire","10","[c]","[c]","[c]"
"Leaver Dept.","2022","Declared non-disabled","White","East of England","Bedford","[c]","[c]","[c]","[c]"
"Leaver Dept.","2022","Declared non-disabled","White","East of England","Breckland and South Norfolk","5","[c]","[c]","[c]"
"Leaver Dept.","2022","Declared non-disabled","White","East of England","Cambridgeshire CC","145","[c]","39740","33000"
"Leaver Dept.","2022","Declared non-disabled","White","East of England","Central Bedfordshire","[c]","[c]","[c]","[c]"
"Leaver Dept.","2022","Declared non-disabled","White","East of England","Essex Haven Gateway","5","[c]","[c]","[c]"
"Leaver Dept.","2022","Declared non-disabled","White","East of England","Essex Thames Gateway","5","[c]","[c]","[c]"
"Leaver Dept.","2022","Declared non-disabled","White","East of England","Heart of Essex","10","[c]","[c]","[c]"
"Leaver Dept.","2022","Declared non-disabled","White","East of England","Hertfordshire CC","25","[c]","[c]","[c]"
"Leaver Dept.","2022","Declared non-disabled","White","East of England","Luton","[c]","[c]","[c]","[c]"
"Leaver Dept.","2022","Declared non-disabled","White","East of England","North and West Norfolk","5","[c]","[c]","[c]"
"Leaver Dept.","2022","Declared non-disabled","White","East of England","Norwich and East Norfolk","25","[c]","[c]","[c]"
"Leaver Dept.","2022","Declared non-disabled","White","East of England","Peterborough","15","[c]","[c]","[c]"
"Leaver Dept.","2022","Declared non-disabled","White","East of England","Southend-on-Sea","[c]","[c]","[c]","[c]"
"Leaver Dept.","2022","Declared non-disabled","White","East of England","Suffolk CC","40","[c]","38830","32680"
"Leaver Dept.","2022","Declared non-disabled","White","East of England","Thurrock","[c]","[c]","[c]","[c]"
"Leaver Dept.","2022","Declared non-disabled","White","East of England","West Essex","25","[c]","[c]","[c]"
"Leaver Dept.","2022","Declared non-disabled","White","London","Barking & Dagenham and Havering","[c]","[c]","[c]","[c]"
"Leaver Dept.","2022","Declared non-disabled","White","London","Barnet","340","[c]","41640","37930"
"Leaver Dept.","2022","Declared non-disabled","White","London","Bexley and Greenwich","5","[c]","[c]","[c]"
"Leaver Dept.","2022","Declared non-disabled","White","London","Brent","[c]","[c]","[c]","[c]"
"Leaver Dept.","2022","Declared non-disabled","White","London","Bromley","10","[c]","[c]","[c]"
"Leaver Dept.","2022","Declared non-disabled","White","London","Camden and City of London","25","[c]","[c]","[c]"
"Leaver Dept.","2022","Declared non-disabled","White","London","Croydon","95","[c]","44860","40230"
"Leaver Dept.","2022","Declared non-disabled","White","London","Ealing","5","[c]","[c]","[c]"
"Leaver Dept.","2022","Declared non-disabled","White","London","Enfield","[c]","[c]","[c]","[c]"
"Leaver Dept.","2022","Declared non-disabled","White","London","Hackney and Newham","35","[c]","[c]","[c]"
"Leaver Dept.","2022","Declared non-disabled","White","London","Haringey and Islington","5","[c]","[c]","[c]"
"Leaver Dept.","2022","Declared non-disabled","White","London","Harrow and Hillingdon","25","[c]","[c]","[c]"
"Leaver Dept.","2022","Declared non-disabled","White","London","Hounslow and Richmond upon Thames","20","[c]","[c]","[c]"
"Leaver Dept.","2022","Declared non-disabled","White","London","Kensington & Chelsea and Hammersmith & Fulham","[c]","[c]","[c]","[c]"
"Leaver Dept.","2022","Declared non-disabled","White","London","Lambeth","800","[c]","47510","41030"
"Leaver Dept.","2022","Declared non-disabled","White","London","Lewisham and Southwark","90","[c]","50770","49640"
"Leaver Dept.","2022","Declared non-disabled","White","London","Merton, Kingston upon Thames and Sutton","5","[c]","[c]","[c]"
"Leaver Dept.","2022","Declared non-disabled","White","London","Redbridge and Waltham Forest","[c]","[c]","[c]","[c]"
"Leaver Dept.","2022","Declared non-disabled","White","London","Tower Hamlets","150","[c]","45020","40600"
"Leaver Dept.","2022","Declared non-disabled","White","London","Wandsworth","[c]","[c]","[c]","[c]"
"Leaver Dept.","2022","Declared non-disabled","White","London","Westminster","2180","[c]","48390","42850"
"Leaver Dept.","2022","Declared non-disabled","White","North East (England)","Darlington","20","[c]","[c]","[c]"
"Leaver Dept.","2022","Declared non-disabled","White","North East (England)","Durham","80","[c]","28230","24890"
"Leaver Dept.","2022","Declared non-disabled","White","North East (England)","Hartlepool and Stockton-on-Tees","25","[c]","[c]","[c]"
"Leaver Dept.","2022","Declared non-disabled","White","North East (England)","Northumberland","10","[c]","[c]","[c]"
"Leaver Dept.","2022","Declared non-disabled","White","North East (England)","South Teesside","5","[c]","[c]","[c]"
"Leaver Dept.","2022","Declared non-disabled","White","North East (England)","Sunderland","75","[c]","28280","27570"
"Leaver Dept.","2022","Declared non-disabled","White","North East (England)","Tyneside","365","[c]","32170","27570"
"Leaver Dept.","2022","Declared non-disabled","White","North West (England)","Blackburn with Darwen","[c]","[c]","[c]","[c]"
"Leaver Dept.","2022","Declared non-disabled","White","North West (England)","Blackpool","50","[c]","34480","31990"
"Leaver Dept.","2022","Declared non-disabled","White","North West (England)","Cheshire East","15","[c]","[c]","[c]"
"Leaver Dept.","2022","Declared non-disabled","White","North West (England)","Cheshire West and Chester","10","[c]","[c]","[c]"
"Leaver Dept.","2022","Declared non-disabled","White","North West (England)","Chorley and West Lancashire","5","[c]","[c]","[c]"
"Leaver Dept.","2022","Declared non-disabled","White","North West (England)","East Cumbria","15","[c]","[c]","[c]"
"Leaver Dept.","2022","Declared non-disabled","White","North West (England)","East Lancashire","[c]","[c]","[c]","[c]"
"Leaver Dept.","2022","Declared non-disabled","White","North West (England)","East Merseyside","5","[c]","[c]","[c]"
"Leaver Dept.","2022","Declared non-disabled","White","North West (England)","Greater Manchester North East","15","[c]","[c]","[c]"
"Leaver Dept.","2022","Declared non-disabled","White","North West (England)","Greater Manchester North West","20","[c]","[c]","[c]"
"Leaver Dept.","2022","Declared non-disabled","White","North West (England)","Greater Manchester South East","10","[c]","[c]","[c]"
"Leaver Dept.","2022","Declared non-disabled","White","North West (England)","Greater Manchester South West","75","[c]","31120","27570"
"Leaver Dept.","2022","Declared non-disabled","White","North West (England)","Lancaster and Wyre","10","[c]","[c]","[c]"
"Leaver Dept.","2022","Declared non-disabled","White","North West (England)","Liverpool","285","[c]","28800","25110"
"Leaver Dept.","2022","Declared non-disabled","White","North West (England)","Manchester","310","[c]","36710","29480"
"Leaver Dept.","2022","Declared non-disabled","White","North West (England)","Mid Lancashire","55","[c]","37810","33110"
"Leaver Dept.","2022","Declared non-disabled","White","North West (England)","Sefton","100","[c]","29550","27570"
"Leaver Dept.","2022","Declared non-disabled","White","North West (England)","Warrington","20","[c]","[c]","[c]"
"Leaver Dept.","2022","Declared non-disabled","White","North West (England)","West Cumbria","10","[c]","[c]","[c]"
"Leaver Dept.","2022","Declared non-disabled","White","North West (England)","Wirral","35","[c]","28270","27570"
"Leaver Dept.","2022","Declared non-disabled","White","Northern Ireland","Ards and North Down","[c]","[c]","[c]","[c]"
"Leaver Dept.","2022","Declared non-disabled","White","Northern Ireland","Belfast","25","[c]","[c]","[c]"
"Leaver Dept.","2022","Declared non-disabled","White","Northern Ireland","Lisburn and Castlereagh","[c]","[c]","[c]","[c]"
"Leaver Dept.","2022","Declared non-disabled","White","Overseas","Overseas","20","[c]","[c]","[c]"
"Leaver Dept.","2022","Declared non-disabled","White","Scotland","Aberdeen City and Aberdeenshire","5","[c]","[c]","[c]"
"Leaver Dept.","2022","Declared non-disabled","White","Scotland","Angus and Dundee City","90","[c]","25070","27570"
"Leaver Dept.","2022","Declared non-disabled","White","Scotland","Caithness and Sutherland, and Ross and Cromarty","[c]","[c]","[c]","[c]"
"Leaver Dept.","2022","Declared non-disabled","White","Scotland","City of Edinburgh","100","[c]","35030","27570"
"Leaver Dept.","2022","Declared non-disabled","White","Scotland","Clackmannanshire and Fife","15","[c]","[c]","[c]"
"Leaver Dept.","2022","Declared non-disabled","White","Scotland","Dumfries and Galloway","5","[c]","[c]","[c]"
"Leaver Dept.","2022","Declared non-disabled","White","Scotland","East Ayrshire and North Ayrshire mainland","10","[c]","[c]","[c]"
"Leaver Dept.","2022","Declared non-disabled","White","Scotland","East Dunbartonshire, West Dunbartonshire, and Helensburgh and Lomond","20","[c]","[c]","[c]"
"Leaver Dept.","2022","Declared non-disabled","White","Scotland","East Lothian and Midlothian","[c]","[c]","[c]","[c]"
"Leaver Dept.","2022","Declared non-disabled","White","Scotland","Falkirk","30","[c]","23890","21260"
"Leaver Dept.","2022","Declared non-disabled","White","Scotland","Glasgow City","285","[c]","29220","27570"
"Leaver Dept.","2022","Declared non-disabled","White","Scotland","Inverclyde, East Renfrewshire, and Renfrewshire","10","[c]","[c]","[c]"
"Leaver Dept.","2022","Declared non-disabled","White","Scotland","Inverness and Nairn, Moray, and Badenoch and Strathspey","10","[c]","[c]","[c]"
"Leaver Dept.","2022","Declared non-disabled","White","Scotland","Lochaber, Skye and Lochalsh, Arran and Cumbrae, and Argyll and Bute","[c]","[c]","[c]","[c]"
"Leaver Dept.","2022","Declared non-disabled","White","Scotland","Na h-Eileanan Siar","[c]","[c]","[c]","[c]"
"Leaver Dept.","2022","Declared non-disabled","White","Scotland","North Lanarkshire","50","[c]","[c]","[c]"
"Leaver Dept.","2022","Declared non-disabled","White","Scotland","Orkney Islands","[c]","[c]","[c]","[c]"
"Leaver Dept.","2022","Declared non-disabled","White","Scotland","Perth and Kinross, and Stirling","5","[c]","[c]","[c]"
"Leaver Dept.","2022","Declared non-disabled","White","Scotland","Scottish Borders","5","[c]","[c]","[c]"
"Leaver Dept.","2022","Declared non-disabled","White","Scotland","South Ayrshire","[c]","[c]","[c]","[c]"
"Leaver Dept.","2022","Declared non-disabled","White","Scotland","South Lanarkshire","75","[c]","39570","38500"
"Leaver Dept.","2022","Declared non-disabled","White","Scotland","West Lothian","15","[c]","[c]","[c]"
"Leaver Dept.","2022","Declared non-disabled","White","South East (England)","Berkshire","25","[c]","[c]","[c]"
"Leaver Dept.","2022","Declared non-disabled","White","South East (England)","Brighton and Hove","10","[c]","[c]","[c]"
"Leaver Dept.","2022","Declared non-disabled","White","South East (England)","Buckinghamshire","15","[c]","[c]","[c]"
"Leaver Dept.","2022","Declared non-disabled","White","South East (England)","Central Hampshire","45","[c]","38210","35180"
"Leaver Dept.","2022","Declared non-disabled","White","South East (England)","East Kent","45","[c]","28320","25360"
"Leaver Dept.","2022","Declared non-disabled","White","South East (England)","East Surrey","10","[c]","[c]","[c]"
"Leaver Dept.","2022","Declared non-disabled","White","South East (England)","East Sussex CC","25","[c]","[c]","[c]"
"Leaver Dept.","2022","Declared non-disabled","White","South East (England)","Isle of Wight","[c]","[c]","[c]","[c]"
"Leaver Dept.","2022","Declared non-disabled","White","South East (England)","Kent Thames Gateway","10","[c]","[c]","[c]"
"Leaver Dept.","2022","Declared non-disabled","White","South East (England)","Medway","10","[c]","[c]","[c]"
"Leaver Dept.","2022","Declared non-disabled","White","South East (England)","Mid Kent","35","[c]","48570","42880"
"Leaver Dept.","2022","Declared non-disabled","White","South East (England)","Milton Keynes","5","[c]","[c]","[c]"
"Leaver Dept.","2022","Declared non-disabled","White","South East (England)","North Hampshire","5","[c]","[c]","[c]"
"Leaver Dept.","2022","Declared non-disabled","White","South East (England)","Oxfordshire CC","140","[c]","39250","36790"
"Leaver Dept.","2022","Declared non-disabled","White","South East (England)","Portsmouth","25","[c]","[c]","[c]"
"Leaver Dept.","2022","Declared non-disabled","White","South East (England)","South Hampshire","50","[c]","39330","29870"
"Leaver Dept.","2022","Declared non-disabled","White","South East (England)","Southampton","15","[c]","[c]","[c]"
"Leaver Dept.","2022","Declared non-disabled","White","South East (England)","West Kent","5","[c]","[c]","[c]"
"Leaver Dept.","2022","Declared non-disabled","White","South East (England)","West Surrey","15","[c]","[c]","[c]"
"Leaver Dept.","2022","Declared non-disabled","White","South East (England)","West Sussex (North East)","25","[c]","[c]","[c]"
"Leaver Dept.","2022","Declared non-disabled","White","South East (England)","West Sussex (South West)","10","[c]","[c]","[c]"
"Leaver Dept.","2022","Declared non-disabled","White","South West (England)","Bath and North East Somerset, North Somerset and South Gloucestershire","270","[c]","34970","31950"
"Leaver Dept.","2022","Declared non-disabled","White","South West (England)","Bournemouth, Christchurch and Poole","[c]","[c]","[c]","[c]"
"Leaver Dept.","2022","Declared non-disabled","White","South West (England)","Bristol, City of","295","[c]","36380","29960"
"Leaver Dept.","2022","Declared non-disabled","White","South West (England)","Cornwall and Isles of Scilly","20","[c]","[c]","[c]"
"Leaver Dept.","2022","Declared non-disabled","White","South West (England)","Devon CC","70","[c]","35360","28980"
"Leaver Dept.","2022","Declared non-disabled","White","South West (England)","Dorset","15","[c]","[c]","[c]"
"Leaver Dept.","2022","Declared non-disabled","White","South West (England)","Gloucestershire CC","25","[c]","[c]","[c]"
"Leaver Dept.","2022","Declared non-disabled","White","South West (England)","Plymouth","35","[c]","31460","30460"
"Leaver Dept.","2022","Declared non-disabled","White","South West (England)","Somerset CC","15","[c]","[c]","[c]"
"Leaver Dept.","2022","Declared non-disabled","White","South West (England)","Swindon","[c]","[c]","[c]","[c]"
"Leaver Dept.","2022","Declared non-disabled","White","South West (England)","Torbay","[c]","[c]","[c]","[c]"
"Leaver Dept.","2022","Declared non-disabled","White","South West (England)","Wiltshire","495","[c]","35410","29480"
"Leaver Dept.","2022","Declared non-disabled","White","Unknown","Unknown","235","[c]","38460","33250"
"Leaver Dept.","2022","Declared non-disabled","White","Wales","Bridgend and Neath Port Talbot","10","[c]","[c]","[c]"
"Leaver Dept.","2022","Declared non-disabled","White","Wales","Cardiff and Vale of Glamorgan","210","[c]","33880","30300"
"Leaver Dept.","2022","Declared non-disabled","White","Wales","Central Valleys","20","[c]","[c]","[c]"
"Leaver Dept.","2022","Declared non-disabled","White","Wales","Conwy and Denbighshire","5","[c]","[c]","[c]"
"Leaver Dept.","2022","Declared non-disabled","White","Wales","Flintshire and Wrexham","10","[c]","[c]","[c]"
"Leaver Dept.","2022","Declared non-disabled","White","Wales","Gwent Valleys","15","[c]","[c]","[c]"
"Leaver Dept.","2022","Declared non-disabled","White","Wales","Gwynedd","[c]","[c]","[c]","[c]"
"Leaver Dept.","2022","Declared non-disabled","White","Wales","Isle of Anglesey","[c]","[c]","[c]","[c]"
"Leaver Dept.","2022","Declared non-disabled","White","Wales","Monmouthshire and Newport","65","[c]","36770","31510"
"Leaver Dept.","2022","Declared non-disabled","White","Wales","Powys","[c]","[c]","[c]","[c]"
"Leaver Dept.","2022","Declared non-disabled","White","Wales","South West Wales","15","[c]","[c]","[c]"
"Leaver Dept.","2022","Declared non-disabled","White","Wales","Swansea","25","[c]","[c]","[c]"
"Leaver Dept.","2022","Declared non-disabled","White","West Midlands (England)","Birmingham","235","[c]","39540","31990"
"Leaver Dept.","2022","Declared non-disabled","White","West Midlands (England)","Coventry","40","[c]","35780","31000"
"Leaver Dept.","2022","Declared non-disabled","White","West Midlands (England)","Dudley","15","[c]","[c]","[c]"
"Leaver Dept.","2022","Declared non-disabled","White","West Midlands (England)","Herefordshire, County of","[c]","[c]","[c]","[c]"
"Leaver Dept.","2022","Declared non-disabled","White","West Midlands (England)","Sandwell","5","[c]","[c]","[c]"
"Leaver Dept.","2022","Declared non-disabled","White","West Midlands (England)","Shropshire","10","[c]","[c]","[c]"
"Leaver Dept.","2022","Declared non-disabled","White","West Midlands (England)","Solihull","15","[c]","[c]","[c]"
"Leaver Dept.","2022","Declared non-disabled","White","West Midlands (England)","Staffordshire CC","50","[c]","35020","27570"
"Leaver Dept.","2022","Declared non-disabled","White","West Midlands (England)","Stoke-on-Trent","15","[c]","[c]","[c]"
"Leaver Dept.","2022","Declared non-disabled","White","West Midlands (England)","Telford and Wrekin","15","[c]","[c]","[c]"
"Leaver Dept.","2022","Declared non-disabled","White","West Midlands (England)","Walsall","5","[c]","[c]","[c]"
"Leaver Dept.","2022","Declared non-disabled","White","West Midlands (England)","Warwickshire CC","20","[c]","[c]","[c]"
"Leaver Dept.","2022","Declared non-disabled","White","West Midlands (England)","Wolverhampton","10","[c]","[c]","[c]"
"Leaver Dept.","2022","Declared non-disabled","White","West Midlands (England)","Worcestershire CC","35","[c]","[c]","[c]"
"Leaver Dept.","2022","Declared non-disabled","White","Yorkshire and The Humber","Barnsley, Doncaster and Rotherham","20","[c]","[c]","[c]"
"Leaver Dept.","2022","Declared non-disabled","White","Yorkshire and The Humber","Bradford","15","[c]","[c]","[c]"
"Leaver Dept.","2022","Declared non-disabled","White","Yorkshire and The Humber","Calderdale and Kirklees","15","[c]","[c]","[c]"
"Leaver Dept.","2022","Declared non-disabled","White","Yorkshire and The Humber","East Riding of Yorkshire","15","[c]","[c]","[c]"
"Leaver Dept.","2022","Declared non-disabled","White","Yorkshire and The Humber","Kingston upon Hull, City of","10","[c]","[c]","[c]"
"Leaver Dept.","2022","Declared non-disabled","White","Yorkshire and The Humber","Leeds","325","[c]","37720","32310"
"Leaver Dept.","2022","Declared non-disabled","White","Yorkshire and The Humber","North and North East Lincolnshire","[c]","[c]","[c]","[c]"
"Leaver Dept.","2022","Declared non-disabled","White","Yorkshire and The Humber","North Yorkshire CC","30","[c]","31760","24180"
"Leaver Dept.","2022","Declared non-disabled","White","Yorkshire and The Humber","Sheffield","150","[c]","37650","33820"
"Leaver Dept.","2022","Declared non-disabled","White","Yorkshire and The Humber","Wakefield","5","[c]","[c]","[c]"
"Leaver Dept.","2022","Declared non-disabled","White","Yorkshire and The Humber","York","95","[c]","40890","37450"
"Leaver Dept.","2022","Undeclared","Asian","East Midlands (England)","Derby","[c]","[c]","[c]","[c]"
"Leaver Dept.","2022","Undeclared","Asian","East Midlands (England)","East Derbyshire","[c]","[c]","[c]","[c]"
"Leaver Dept.","2022","Undeclared","Asian","East Midlands (England)","Leicester","[c]","[c]","[c]","[c]"
"Leaver Dept.","2022","Undeclared","Asian","East Midlands (England)","Leicestershire CC and Rutland","[c]","[c]","[c]","[c]"
"Leaver Dept.","2022","Undeclared","Asian","East Midlands (England)","Lincolnshire CC","[c]","[c]","[c]","[c]"
"Leaver Dept.","2022","Undeclared","Asian","East Midlands (England)","North Northamptonshire","[c]","[c]","[c]","[c]"
"Leaver Dept.","2022","Undeclared","Asian","East Midlands (England)","North Nottinghamshire","[c]","[c]","[c]","[c]"
"Leaver Dept.","2022","Undeclared","Asian","East Midlands (England)","Nottingham","[c]","[c]","[c]","[c]"
"Leaver Dept.","2022","Undeclared","Asian","East Midlands (England)","South and West Derbyshire","[c]","[c]","[c]","[c]"
"Leaver Dept.","2022","Undeclared","Asian","East Midlands (England)","South Nottinghamshire","[c]","[c]","[c]","[c]"
"Leaver Dept.","2022","Undeclared","Asian","East Midlands (England)","West Northamptonshire","[c]","[c]","[c]","[c]"
"Leaver Dept.","2022","Undeclared","Asian","East of England","Bedford","[c]","[c]","[c]","[c]"
"Leaver Dept.","2022","Undeclared","Asian","East of England","Breckland and South Norfolk","[c]","[c]","[c]","[c]"
"Leaver Dept.","2022","Undeclared","Asian","East of England","Cambridgeshire CC","[c]","[c]","[c]","[c]"
"Leaver Dept.","2022","Undeclared","Asian","East of England","Central Bedfordshire","[c]","[c]","[c]","[c]"
"Leaver Dept.","2022","Undeclared","Asian","East of England","Essex Haven Gateway","[c]","[c]","[c]","[c]"
"Leaver Dept.","2022","Undeclared","Asian","East of England","Essex Thames Gateway","[c]","[c]","[c]","[c]"
"Leaver Dept.","2022","Undeclared","Asian","East of England","Heart of Essex","[c]","[c]","[c]","[c]"
"Leaver Dept.","2022","Undeclared","Asian","East of England","Hertfordshire CC","[c]","[c]","[c]","[c]"
"Leaver Dept.","2022","Undeclared","Asian","East of England","Luton","[c]","[c]","[c]","[c]"
"Leaver Dept.","2022","Undeclared","Asian","East of England","North and West Norfolk","[c]","[c]","[c]","[c]"
"Leaver Dept.","2022","Undeclared","Asian","East of England","Norwich and East Norfolk","[c]","[c]","[c]","[c]"
"Leaver Dept.","2022","Undeclared","Asian","East of England","Peterborough","[c]","[c]","[c]","[c]"
"Leaver Dept.","2022","Undeclared","Asian","East of England","Southend-on-Sea","[c]","[c]","[c]","[c]"
"Leaver Dept.","2022","Undeclared","Asian","East of England","Suffolk CC","[c]","[c]","[c]","[c]"
"Leaver Dept.","2022","Undeclared","Asian","East of England","Thurrock","[c]","[c]","[c]","[c]"
"Leaver Dept.","2022","Undeclared","Asian","East of England","West Essex","[c]","[c]","[c]","[c]"
"Leaver Dept.","2022","Undeclared","Asian","London","Barking & Dagenham and Havering","[c]","[c]","[c]","[c]"
"Leaver Dept.","2022","Undeclared","Asian","London","Barnet","[c]","[c]","[c]","[c]"
"Leaver Dept.","2022","Undeclared","Asian","London","Bexley and Greenwich","[c]","[c]","[c]","[c]"
"Leaver Dept.","2022","Undeclared","Asian","London","Brent","[c]","[c]","[c]","[c]"
"Leaver Dept.","2022","Undeclared","Asian","London","Bromley","[c]","[c]","[c]","[c]"
"Leaver Dept.","2022","Undeclared","Asian","London","Camden and City of London","[c]","[c]","[c]","[c]"
"Leaver Dept.","2022","Undeclared","Asian","London","Croydon","[c]","[c]","[c]","[c]"
"Leaver Dept.","2022","Undeclared","Asian","London","Ealing","[c]","[c]","[c]","[c]"
"Leaver Dept.","2022","Undeclared","Asian","London","Enfield","[c]","[c]","[c]","[c]"
"Leaver Dept.","2022","Undeclared","Asian","London","Hackney and Newham","[c]","[c]","[c]","[c]"
"Leaver Dept.","2022","Undeclared","Asian","London","Haringey and Islington","[c]","[c]","[c]","[c]"
"Leaver Dept.","2022","Undeclared","Asian","London","Harrow and Hillingdon","[c]","[c]","[c]","[c]"
"Leaver Dept.","2022","Undeclared","Asian","London","Hounslow and Richmond upon Thames","[c]","[c]","[c]","[c]"
"Leaver Dept.","2022","Undeclared","Asian","London","Kensington & Chelsea and Hammersmith & Fulham","[c]","[c]","[c]","[c]"
"Leaver Dept.","2022","Undeclared","Asian","London","Lambeth","[c]","[c]","[c]","[c]"
"Leaver Dept.","2022","Undeclared","Asian","London","Lewisham and Southwark","[c]","[c]","[c]","[c]"
"Leaver Dept.","2022","Undeclared","Asian","London","Merton, Kingston upon Thames and Sutton","[c]","[c]","[c]","[c]"
"Leaver Dept.","2022","Undeclared","Asian","London","Redbridge and Waltham Forest","[c]","[c]","[c]","[c]"
"Leaver Dept.","2022","Undeclared","Asian","London","Tower Hamlets","[c]","[c]","[c]","[c]"
"Leaver Dept.","2022","Undeclared","Asian","London","Wandsworth","[c]","[c]","[c]","[c]"
"Leaver Dept.","2022","Undeclared","Asian","London","Westminster","25","[c]","[c]","[c]"
"Leaver Dept.","2022","Undeclared","Asian","North East (England)","Darlington","[c]","[c]","[c]","[c]"
"Leaver Dept.","2022","Undeclared","Asian","North East (England)","Durham","[c]","[c]","[c]","[c]"
"Leaver Dept.","2022","Undeclared","Asian","North East (England)","Hartlepool and Stockton-on-Tees","[c]","[c]","[c]","[c]"
"Leaver Dept.","2022","Undeclared","Asian","North East (England)","Northumberland","[c]","[c]","[c]","[c]"
"Leaver Dept.","2022","Undeclared","Asian","North East (England)","South Teesside","[c]","[c]","[c]","[c]"
"Leaver Dept.","2022","Undeclared","Asian","North East (England)","Sunderland","[c]","[c]","[c]","[c]"
"Leaver Dept.","2022","Undeclared","Asian","North East (England)","Tyneside","[c]","[c]","[c]","[c]"
"Leaver Dept.","2022","Undeclared","Asian","North West (England)","Blackburn with Darwen","[c]","[c]","[c]","[c]"
"Leaver Dept.","2022","Undeclared","Asian","North West (England)","Blackpool","[c]","[c]","[c]","[c]"
"Leaver Dept.","2022","Undeclared","Asian","North West (England)","Cheshire East","[c]","[c]","[c]","[c]"
"Leaver Dept.","2022","Undeclared","Asian","North West (England)","Cheshire West and Chester","[c]","[c]","[c]","[c]"
"Leaver Dept.","2022","Undeclared","Asian","North West (England)","Chorley and West Lancashire","[c]","[c]","[c]","[c]"
"Leaver Dept.","2022","Undeclared","Asian","North West (England)","East Cumbria","[c]","[c]","[c]","[c]"
"Leaver Dept.","2022","Undeclared","Asian","North West (England)","East Lancashire","[c]","[c]","[c]","[c]"
"Leaver Dept.","2022","Undeclared","Asian","North West (England)","East Merseyside","[c]","[c]","[c]","[c]"
"Leaver Dept.","2022","Undeclared","Asian","North West (England)","Greater Manchester North East","[c]","[c]","[c]","[c]"
"Leaver Dept.","2022","Undeclared","Asian","North West (England)","Greater Manchester North West","[c]","[c]","[c]","[c]"
"Leaver Dept.","2022","Undeclared","Asian","North West (England)","Greater Manchester South East","[c]","[c]","[c]","[c]"
"Leaver Dept.","2022","Undeclared","Asian","North West (England)","Greater Manchester South West","[c]","[c]","[c]","[c]"
"Leaver Dept.","2022","Undeclared","Asian","North West (England)","Lancaster and Wyre","[c]","[c]","[c]","[c]"
"Leaver Dept.","2022","Undeclared","Asian","North West (England)","Liverpool","[c]","[c]","[c]","[c]"
"Leaver Dept.","2022","Undeclared","Asian","North West (England)","Manchester","[c]","[c]","[c]","[c]"
"Leaver Dept.","2022","Undeclared","Asian","North West (England)","Mid Lancashire","[c]","[c]","[c]","[c]"
"Leaver Dept.","2022","Undeclared","Asian","North West (England)","Sefton","[c]","[c]","[c]","[c]"
"Leaver Dept.","2022","Undeclared","Asian","North West (England)","Warrington","[c]","[c]","[c]","[c]"
"Leaver Dept.","2022","Undeclared","Asian","North West (England)","West Cumbria","[c]","[c]","[c]","[c]"
"Leaver Dept.","2022","Undeclared","Asian","North West (England)","Wirral","[c]","[c]","[c]","[c]"
"Leaver Dept.","2022","Undeclared","Asian","Northern Ireland","Ards and North Down","[c]","[c]","[c]","[c]"
"Leaver Dept.","2022","Undeclared","Asian","Northern Ireland","Belfast","[c]","[c]","[c]","[c]"
"Leaver Dept.","2022","Undeclared","Asian","Northern Ireland","Lisburn and Castlereagh","[c]","[c]","[c]","[c]"
"Leaver Dept.","2022","Undeclared","Asian","Overseas","Overseas","[c]","[c]","[c]","[c]"
"Leaver Dept.","2022","Undeclared","Asian","Scotland","Aberdeen City and Aberdeenshire","[c]","[c]","[c]","[c]"
"Leaver Dept.","2022","Undeclared","Asian","Scotland","Angus and Dundee City","[c]","[c]","[c]","[c]"
"Leaver Dept.","2022","Undeclared","Asian","Scotland","Caithness and Sutherland, and Ross and Cromarty","[c]","[c]","[c]","[c]"
"Leaver Dept.","2022","Undeclared","Asian","Scotland","City of Edinburgh","[c]","[c]","[c]","[c]"
"Leaver Dept.","2022","Undeclared","Asian","Scotland","Clackmannanshire and Fife","[c]","[c]","[c]","[c]"
"Leaver Dept.","2022","Undeclared","Asian","Scotland","Dumfries and Galloway","[c]","[c]","[c]","[c]"
"Leaver Dept.","2022","Undeclared","Asian","Scotland","East Ayrshire and North Ayrshire mainland","[c]","[c]","[c]","[c]"
"Leaver Dept.","2022","Undeclared","Asian","Scotland","East Dunbartonshire, West Dunbartonshire, and Helensburgh and Lomond","[c]","[c]","[c]","[c]"
"Leaver Dept.","2022","Undeclared","Asian","Scotland","East Lothian and Midlothian","[c]","[c]","[c]","[c]"
"Leaver Dept.","2022","Undeclared","Asian","Scotland","Falkirk","[c]","[c]","[c]","[c]"
"Leaver Dept.","2022","Undeclared","Asian","Scotland","Glasgow City","[c]","[c]","[c]","[c]"
"Leaver Dept.","2022","Undeclared","Asian","Scotland","Inverclyde, East Renfrewshire, and Renfrewshire","[c]","[c]","[c]","[c]"
"Leaver Dept.","2022","Undeclared","Asian","Scotland","Inverness and Nairn, Moray, and Badenoch and Strathspey","[c]","[c]","[c]","[c]"
"Leaver Dept.","2022","Undeclared","Asian","Scotland","Lochaber, Skye and Lochalsh, Arran and Cumbrae, and Argyll and Bute","[c]","[c]","[c]","[c]"
"Leaver Dept.","2022","Undeclared","Asian","Scotland","Na h-Eileanan Siar","[c]","[c]","[c]","[c]"
"Leaver Dept.","2022","Undeclared","Asian","Scotland","North Lanarkshire","[c]","[c]","[c]","[c]"
"Leaver Dept.","2022","Undeclared","Asian","Scotland","Orkney Islands","[c]","[c]","[c]","[c]"
"Leaver Dept.","2022","Undeclared","Asian","Scotland","Perth and Kinross, and Stirling","[c]","[c]","[c]","[c]"
"Leaver Dept.","2022","Undeclared","Asian","Scotland","Scottish Borders","[c]","[c]","[c]","[c]"
"Leaver Dept.","2022","Undeclared","Asian","Scotland","South Ayrshire","[c]","[c]","[c]","[c]"
"Leaver Dept.","2022","Undeclared","Asian","Scotland","South Lanarkshire","[c]","[c]","[c]","[c]"
"Leaver Dept.","2022","Undeclared","Asian","Scotland","West Lothian","[c]","[c]","[c]","[c]"
"Leaver Dept.","2022","Undeclared","Asian","South East (England)","Berkshire","[c]","[c]","[c]","[c]"
"Leaver Dept.","2022","Undeclared","Asian","South East (England)","Brighton and Hove","[c]","[c]","[c]","[c]"
"Leaver Dept.","2022","Undeclared","Asian","South East (England)","Buckinghamshire","[c]","[c]","[c]","[c]"
"Leaver Dept.","2022","Undeclared","Asian","South East (England)","Central Hampshire","[c]","[c]","[c]","[c]"
"Leaver Dept.","2022","Undeclared","Asian","South East (England)","East Kent","[c]","[c]","[c]","[c]"
"Leaver Dept.","2022","Undeclared","Asian","South East (England)","East Surrey","[c]","[c]","[c]","[c]"
"Leaver Dept.","2022","Undeclared","Asian","South East (England)","East Sussex CC","[c]","[c]","[c]","[c]"
"Leaver Dept.","2022","Undeclared","Asian","South East (England)","Isle of Wight","[c]","[c]","[c]","[c]"
"Leaver Dept.","2022","Undeclared","Asian","South East (England)","Kent Thames Gateway","[c]","[c]","[c]","[c]"
"Leaver Dept.","2022","Undeclared","Asian","South East (England)","Medway","[c]","[c]","[c]","[c]"
"Leaver Dept.","2022","Undeclared","Asian","South East (England)","Mid Kent","[c]","[c]","[c]","[c]"
"Leaver Dept.","2022","Undeclared","Asian","South East (England)","Milton Keynes","[c]","[c]","[c]","[c]"
"Leaver Dept.","2022","Undeclared","Asian","South East (England)","North Hampshire","[c]","[c]","[c]","[c]"
"Leaver Dept.","2022","Undeclared","Asian","South East (England)","Oxfordshire CC","[c]","[c]","[c]","[c]"
"Leaver Dept.","2022","Undeclared","Asian","South East (England)","Portsmouth","[c]","[c]","[c]","[c]"
"Leaver Dept.","2022","Undeclared","Asian","South East (England)","South Hampshire","[c]","[c]","[c]","[c]"
"Leaver Dept.","2022","Undeclared","Asian","South East (England)","Southampton","[c]","[c]","[c]","[c]"
"Leaver Dept.","2022","Undeclared","Asian","South East (England)","West Kent","[c]","[c]","[c]","[c]"
"Leaver Dept.","2022","Undeclared","Asian","South East (England)","West Surrey","[c]","[c]","[c]","[c]"
"Leaver Dept.","2022","Undeclared","Asian","South East (England)","West Sussex (North East)","[c]","[c]","[c]","[c]"
"Leaver Dept.","2022","Undeclared","Asian","South East (England)","West Sussex (South West)","[c]","[c]","[c]","[c]"
"Leaver Dept.","2022","Undeclared","Asian","South West (England)","Bath and North East Somerset, North Somerset and South Gloucestershire","[c]","[c]","[c]","[c]"
"Leaver Dept.","2022","Undeclared","Asian","South West (England)","Bournemouth, Christchurch and Poole","[c]","[c]","[c]","[c]"
"Leaver Dept.","2022","Undeclared","Asian","South West (England)","Bristol, City of","[c]","[c]","[c]","[c]"
"Leaver Dept.","2022","Undeclared","Asian","South West (England)","Cornwall and Isles of Scilly","[c]","[c]","[c]","[c]"
"Leaver Dept.","2022","Undeclared","Asian","South West (England)","Devon CC","[c]","[c]","[c]","[c]"
"Leaver Dept.","2022","Undeclared","Asian","South West (England)","Dorset","[c]","[c]","[c]","[c]"
"Leaver Dept.","2022","Undeclared","Asian","South West (England)","Gloucestershire CC","[c]","[c]","[c]","[c]"
"Leaver Dept.","2022","Undeclared","Asian","South West (England)","Plymouth","[c]","[c]","[c]","[c]"
"Leaver Dept.","2022","Undeclared","Asian","South West (England)","Somerset CC","[c]","[c]","[c]","[c]"
"Leaver Dept.","2022","Undeclared","Asian","South West (England)","Swindon","[c]","[c]","[c]","[c]"
"Leaver Dept.","2022","Undeclared","Asian","South West (England)","Torbay","[c]","[c]","[c]","[c]"
"Leaver Dept.","2022","Undeclared","Asian","South West (England)","Wiltshire","[c]","[c]","[c]","[c]"
"Leaver Dept.","2022","Undeclared","Asian","Unknown","Unknown","[c]","[c]","[c]","[c]"
"Leaver Dept.","2022","Undeclared","Asian","Wales","Bridgend and Neath Port Talbot","[c]","[c]","[c]","[c]"
"Leaver Dept.","2022","Undeclared","Asian","Wales","Cardiff and Vale of Glamorgan","[c]","[c]","[c]","[c]"
"Leaver Dept.","2022","Undeclared","Asian","Wales","Central Valleys","[c]","[c]","[c]","[c]"
"Leaver Dept.","2022","Undeclared","Asian","Wales","Conwy and Denbighshire","[c]","[c]","[c]","[c]"
"Leaver Dept.","2022","Undeclared","Asian","Wales","Flintshire and Wrexham","[c]","[c]","[c]","[c]"
"Leaver Dept.","2022","Undeclared","Asian","Wales","Gwent Valleys","[c]","[c]","[c]","[c]"
"Leaver Dept.","2022","Undeclared","Asian","Wales","Gwynedd","[c]","[c]","[c]","[c]"
"Leaver Dept.","2022","Undeclared","Asian","Wales","Isle of Anglesey","[c]","[c]","[c]","[c]"
"Leaver Dept.","2022","Undeclared","Asian","Wales","Monmouthshire and Newport","[c]","[c]","[c]","[c]"
"Leaver Dept.","2022","Undeclared","Asian","Wales","Powys","[c]","[c]","[c]","[c]"
"Leaver Dept.","2022","Undeclared","Asian","Wales","South West Wales","[c]","[c]","[c]","[c]"
"Leaver Dept.","2022","Undeclared","Asian","Wales","Swansea","[c]","[c]","[c]","[c]"
"Leaver Dept.","2022","Undeclared","Asian","West Midlands (England)","Birmingham","5","[c]","[c]","[c]"
"Leaver Dept.","2022","Undeclared","Asian","West Midlands (England)","Coventry","[c]","[c]","[c]","[c]"
"Leaver Dept.","2022","Undeclared","Asian","West Midlands (England)","Dudley","[c]","[c]","[c]","[c]"
"Leaver Dept.","2022","Undeclared","Asian","West Midlands (England)","Herefordshire, County of","[c]","[c]","[c]","[c]"
"Leaver Dept.","2022","Undeclared","Asian","West Midlands (England)","Sandwell","[c]","[c]","[c]","[c]"
"Leaver Dept.","2022","Undeclared","Asian","West Midlands (England)","Shropshire","[c]","[c]","[c]","[c]"
"Leaver Dept.","2022","Undeclared","Asian","West Midlands (England)","Solihull","[c]","[c]","[c]","[c]"
"Leaver Dept.","2022","Undeclared","Asian","West Midlands (England)","Staffordshire CC","[c]","[c]","[c]","[c]"
"Leaver Dept.","2022","Undeclared","Asian","West Midlands (England)","Stoke-on-Trent","[c]","[c]","[c]","[c]"
"Leaver Dept.","2022","Undeclared","Asian","West Midlands (England)","Telford and Wrekin","[c]","[c]","[c]","[c]"
"Leaver Dept.","2022","Undeclared","Asian","West Midlands (England)","Walsall","[c]","[c]","[c]","[c]"
"Leaver Dept.","2022","Undeclared","Asian","West Midlands (England)","Warwickshire CC","[c]","[c]","[c]","[c]"
"Leaver Dept.","2022","Undeclared","Asian","West Midlands (England)","Wolverhampton","[c]","[c]","[c]","[c]"
"Leaver Dept.","2022","Undeclared","Asian","West Midlands (England)","Worcestershire CC","[c]","[c]","[c]","[c]"
"Leaver Dept.","2022","Undeclared","Asian","Yorkshire and The Humber","Barnsley, Doncaster and Rotherham","[c]","[c]","[c]","[c]"
"Leaver Dept.","2022","Undeclared","Asian","Yorkshire and The Humber","Bradford","[c]","[c]","[c]","[c]"
"Leaver Dept.","2022","Undeclared","Asian","Yorkshire and The Humber","Calderdale and Kirklees","[c]","[c]","[c]","[c]"
"Leaver Dept.","2022","Undeclared","Asian","Yorkshire and The Humber","East Riding of Yorkshire","[c]","[c]","[c]","[c]"
"Leaver Dept.","2022","Undeclared","Asian","Yorkshire and The Humber","Kingston upon Hull, City of","[c]","[c]","[c]","[c]"
"Leaver Dept.","2022","Undeclared","Asian","Yorkshire and The Humber","Leeds","[c]","[c]","[c]","[c]"
"Leaver Dept.","2022","Undeclared","Asian","Yorkshire and The Humber","North and North East Lincolnshire","[c]","[c]","[c]","[c]"
"Leaver Dept.","2022","Undeclared","Asian","Yorkshire and The Humber","North Yorkshire CC","[c]","[c]","[c]","[c]"
"Leaver Dept.","2022","Undeclared","Asian","Yorkshire and The Humber","Sheffield","[c]","[c]","[c]","[c]"
"Leaver Dept.","2022","Undeclared","Asian","Yorkshire and The Humber","Wakefield","[c]","[c]","[c]","[c]"
"Leaver Dept.","2022","Undeclared","Asian","Yorkshire and The Humber","York","[c]","[c]","[c]","[c]"
"Leaver Dept.","2022","Undeclared","Black","East Midlands (England)","Derby","[c]","[c]","[c]","[c]"
"Leaver Dept.","2022","Undeclared","Black","East Midlands (England)","East Derbyshire","[c]","[c]","[c]","[c]"
"Leaver Dept.","2022","Undeclared","Black","East Midlands (England)","Leicester","[c]","[c]","[c]","[c]"
"Leaver Dept.","2022","Undeclared","Black","East Midlands (England)","Leicestershire CC and Rutland","[c]","[c]","[c]","[c]"
"Leaver Dept.","2022","Undeclared","Black","East Midlands (England)","Lincolnshire CC","[c]","[c]","[c]","[c]"
"Leaver Dept.","2022","Undeclared","Black","East Midlands (England)","North Northamptonshire","[c]","[c]","[c]","[c]"
"Leaver Dept.","2022","Undeclared","Black","East Midlands (England)","North Nottinghamshire","[c]","[c]","[c]","[c]"
"Leaver Dept.","2022","Undeclared","Black","East Midlands (England)","Nottingham","[c]","[c]","[c]","[c]"
"Leaver Dept.","2022","Undeclared","Black","East Midlands (England)","South and West Derbyshire","[c]","[c]","[c]","[c]"
"Leaver Dept.","2022","Undeclared","Black","East Midlands (England)","South Nottinghamshire","[c]","[c]","[c]","[c]"
"Leaver Dept.","2022","Undeclared","Black","East Midlands (England)","West Northamptonshire","[c]","[c]","[c]","[c]"
"Leaver Dept.","2022","Undeclared","Black","East of England","Bedford","[c]","[c]","[c]","[c]"
"Leaver Dept.","2022","Undeclared","Black","East of England","Breckland and South Norfolk","[c]","[c]","[c]","[c]"
"Leaver Dept.","2022","Undeclared","Black","East of England","Cambridgeshire CC","[c]","[c]","[c]","[c]"
"Leaver Dept.","2022","Undeclared","Black","East of England","Central Bedfordshire","[c]","[c]","[c]","[c]"
"Leaver Dept.","2022","Undeclared","Black","East of England","Essex Haven Gateway","[c]","[c]","[c]","[c]"
"Leaver Dept.","2022","Undeclared","Black","East of England","Essex Thames Gateway","[c]","[c]","[c]","[c]"
"Leaver Dept.","2022","Undeclared","Black","East of England","Heart of Essex","[c]","[c]","[c]","[c]"
"Leaver Dept.","2022","Undeclared","Black","East of England","Hertfordshire CC","[c]","[c]","[c]","[c]"
"Leaver Dept.","2022","Undeclared","Black","East of England","Luton","[c]","[c]","[c]","[c]"
"Leaver Dept.","2022","Undeclared","Black","East of England","North and West Norfolk","[c]","[c]","[c]","[c]"
"Leaver Dept.","2022","Undeclared","Black","East of England","Norwich and East Norfolk","[c]","[c]","[c]","[c]"
"Leaver Dept.","2022","Undeclared","Black","East of England","Peterborough","[c]","[c]","[c]","[c]"
"Leaver Dept.","2022","Undeclared","Black","East of England","Southend-on-Sea","[c]","[c]","[c]","[c]"
"Leaver Dept.","2022","Undeclared","Black","East of England","Suffolk CC","[c]","[c]","[c]","[c]"
"Leaver Dept.","2022","Undeclared","Black","East of England","Thurrock","[c]","[c]","[c]","[c]"
"Leaver Dept.","2022","Undeclared","Black","East of England","West Essex","[c]","[c]","[c]","[c]"
"Leaver Dept.","2022","Undeclared","Black","London","Barking & Dagenham and Havering","[c]","[c]","[c]","[c]"
"Leaver Dept.","2022","Undeclared","Black","London","Barnet","[c]","[c]","[c]","[c]"
"Leaver Dept.","2022","Undeclared","Black","London","Bexley and Greenwich","[c]","[c]","[c]","[c]"
"Leaver Dept.","2022","Undeclared","Black","London","Brent","[c]","[c]","[c]","[c]"
"Leaver Dept.","2022","Undeclared","Black","London","Bromley","[c]","[c]","[c]","[c]"
"Leaver Dept.","2022","Undeclared","Black","London","Camden and City of London","[c]","[c]","[c]","[c]"
"Leaver Dept.","2022","Undeclared","Black","London","Croydon","[c]","[c]","[c]","[c]"
"Leaver Dept.","2022","Undeclared","Black","London","Ealing","[c]","[c]","[c]","[c]"
"Leaver Dept.","2022","Undeclared","Black","London","Enfield","[c]","[c]","[c]","[c]"
"Leaver Dept.","2022","Undeclared","Black","London","Hackney and Newham","[c]","[c]","[c]","[c]"
"Leaver Dept.","2022","Undeclared","Black","London","Haringey and Islington","[c]","[c]","[c]","[c]"
"Leaver Dept.","2022","Undeclared","Black","London","Harrow and Hillingdon","[c]","[c]","[c]","[c]"
"Leaver Dept.","2022","Undeclared","Black","London","Hounslow and Richmond upon Thames","[c]","[c]","[c]","[c]"
"Leaver Dept.","2022","Undeclared","Black","London","Kensington & Chelsea and Hammersmith & Fulham","[c]","[c]","[c]","[c]"
"Leaver Dept.","2022","Undeclared","Black","London","Lambeth","[c]","[c]","[c]","[c]"
"Leaver Dept.","2022","Undeclared","Black","London","Lewisham and Southwark","[c]","[c]","[c]","[c]"
"Leaver Dept.","2022","Undeclared","Black","London","Merton, Kingston upon Thames and Sutton","[c]","[c]","[c]","[c]"
"Leaver Dept.","2022","Undeclared","Black","London","Redbridge and Waltham Forest","[c]","[c]","[c]","[c]"
"Leaver Dept.","2022","Undeclared","Black","London","Tower Hamlets","[c]","[c]","[c]","[c]"
"Leaver Dept.","2022","Undeclared","Black","London","Wandsworth","[c]","[c]","[c]","[c]"
"Leaver Dept.","2022","Undeclared","Black","London","Westminster","10","[c]","[c]","[c]"
"Leaver Dept.","2022","Undeclared","Black","North East (England)","Darlington","[c]","[c]","[c]","[c]"
"Leaver Dept.","2022","Undeclared","Black","North East (England)","Durham","[c]","[c]","[c]","[c]"
"Leaver Dept.","2022","Undeclared","Black","North East (England)","Hartlepool and Stockton-on-Tees","[c]","[c]","[c]","[c]"
"Leaver Dept.","2022","Undeclared","Black","North East (England)","Northumberland","[c]","[c]","[c]","[c]"
"Leaver Dept.","2022","Undeclared","Black","North East (England)","South Teesside","[c]","[c]","[c]","[c]"
"Leaver Dept.","2022","Undeclared","Black","North East (England)","Sunderland","[c]","[c]","[c]","[c]"
"Leaver Dept.","2022","Undeclared","Black","North East (England)","Tyneside","[c]","[c]","[c]","[c]"
"Leaver Dept.","2022","Undeclared","Black","North West (England)","Blackburn with Darwen","[c]","[c]","[c]","[c]"
"Leaver Dept.","2022","Undeclared","Black","North West (England)","Blackpool","[c]","[c]","[c]","[c]"
"Leaver Dept.","2022","Undeclared","Black","North West (England)","Cheshire East","[c]","[c]","[c]","[c]"
"Leaver Dept.","2022","Undeclared","Black","North West (England)","Cheshire West and Chester","[c]","[c]","[c]","[c]"
"Leaver Dept.","2022","Undeclared","Black","North West (England)","Chorley and West Lancashire","[c]","[c]","[c]","[c]"
"Leaver Dept.","2022","Undeclared","Black","North West (England)","East Cumbria","[c]","[c]","[c]","[c]"
"Leaver Dept.","2022","Undeclared","Black","North West (England)","East Lancashire","[c]","[c]","[c]","[c]"
"Leaver Dept.","2022","Undeclared","Black","North West (England)","East Merseyside","[c]","[c]","[c]","[c]"
"Leaver Dept.","2022","Undeclared","Black","North West (England)","Greater Manchester North East","[c]","[c]","[c]","[c]"
"Leaver Dept.","2022","Undeclared","Black","North West (England)","Greater Manchester North West","[c]","[c]","[c]","[c]"
"Leaver Dept.","2022","Undeclared","Black","North West (England)","Greater Manchester South East","[c]","[c]","[c]","[c]"
"Leaver Dept.","2022","Undeclared","Black","North West (England)","Greater Manchester South West","[c]","[c]","[c]","[c]"
"Leaver Dept.","2022","Undeclared","Black","North West (England)","Lancaster and Wyre","[c]","[c]","[c]","[c]"
"Leaver Dept.","2022","Undeclared","Black","North West (England)","Liverpool","[c]","[c]","[c]","[c]"
"Leaver Dept.","2022","Undeclared","Black","North West (England)","Manchester","[c]","[c]","[c]","[c]"
"Leaver Dept.","2022","Undeclared","Black","North West (England)","Mid Lancashire","[c]","[c]","[c]","[c]"
"Leaver Dept.","2022","Undeclared","Black","North West (England)","Sefton","[c]","[c]","[c]","[c]"
"Leaver Dept.","2022","Undeclared","Black","North West (England)","Warrington","[c]","[c]","[c]","[c]"
"Leaver Dept.","2022","Undeclared","Black","North West (England)","West Cumbria","[c]","[c]","[c]","[c]"
"Leaver Dept.","2022","Undeclared","Black","North West (England)","Wirral","[c]","[c]","[c]","[c]"
"Leaver Dept.","2022","Undeclared","Black","Northern Ireland","Ards and North Down","[c]","[c]","[c]","[c]"
"Leaver Dept.","2022","Undeclared","Black","Northern Ireland","Belfast","[c]","[c]","[c]","[c]"
"Leaver Dept.","2022","Undeclared","Black","Northern Ireland","Lisburn and Castlereagh","[c]","[c]","[c]","[c]"
"Leaver Dept.","2022","Undeclared","Black","Overseas","Overseas","[c]","[c]","[c]","[c]"
"Leaver Dept.","2022","Undeclared","Black","Scotland","Aberdeen City and Aberdeenshire","[c]","[c]","[c]","[c]"
"Leaver Dept.","2022","Undeclared","Black","Scotland","Angus and Dundee City","[c]","[c]","[c]","[c]"
"Leaver Dept.","2022","Undeclared","Black","Scotland","Caithness and Sutherland, and Ross and Cromarty","[c]","[c]","[c]","[c]"
"Leaver Dept.","2022","Undeclared","Black","Scotland","City of Edinburgh","[c]","[c]","[c]","[c]"
"Leaver Dept.","2022","Undeclared","Black","Scotland","Clackmannanshire and Fife","[c]","[c]","[c]","[c]"
"Leaver Dept.","2022","Undeclared","Black","Scotland","Dumfries and Galloway","[c]","[c]","[c]","[c]"
"Leaver Dept.","2022","Undeclared","Black","Scotland","East Ayrshire and North Ayrshire mainland","[c]","[c]","[c]","[c]"
"Leaver Dept.","2022","Undeclared","Black","Scotland","East Dunbartonshire, West Dunbartonshire, and Helensburgh and Lomond","[c]","[c]","[c]","[c]"
"Leaver Dept.","2022","Undeclared","Black","Scotland","East Lothian and Midlothian","[c]","[c]","[c]","[c]"
"Leaver Dept.","2022","Undeclared","Black","Scotland","Falkirk","[c]","[c]","[c]","[c]"
"Leaver Dept.","2022","Undeclared","Black","Scotland","Glasgow City","[c]","[c]","[c]","[c]"
"Leaver Dept.","2022","Undeclared","Black","Scotland","Inverclyde, East Renfrewshire, and Renfrewshire","[c]","[c]","[c]","[c]"
"Leaver Dept.","2022","Undeclared","Black","Scotland","Inverness and Nairn, Moray, and Badenoch and Strathspey","[c]","[c]","[c]","[c]"
"Leaver Dept.","2022","Undeclared","Black","Scotland","Lochaber, Skye and Lochalsh, Arran and Cumbrae, and Argyll and Bute","[c]","[c]","[c]","[c]"
"Leaver Dept.","2022","Undeclared","Black","Scotland","Na h-Eileanan Siar","[c]","[c]","[c]","[c]"
"Leaver Dept.","2022","Undeclared","Black","Scotland","North Lanarkshire","[c]","[c]","[c]","[c]"
"Leaver Dept.","2022","Undeclared","Black","Scotland","Orkney Islands","[c]","[c]","[c]","[c]"
"Leaver Dept.","2022","Undeclared","Black","Scotland","Perth and Kinross, and Stirling","[c]","[c]","[c]","[c]"
"Leaver Dept.","2022","Undeclared","Black","Scotland","Scottish Borders","[c]","[c]","[c]","[c]"
"Leaver Dept.","2022","Undeclared","Black","Scotland","South Ayrshire","[c]","[c]","[c]","[c]"
"Leaver Dept.","2022","Undeclared","Black","Scotland","South Lanarkshire","[c]","[c]","[c]","[c]"
"Leaver Dept.","2022","Undeclared","Black","Scotland","West Lothian","[c]","[c]","[c]","[c]"
"Leaver Dept.","2022","Undeclared","Black","South East (England)","Berkshire","[c]","[c]","[c]","[c]"
"Leaver Dept.","2022","Undeclared","Black","South East (England)","Brighton and Hove","[c]","[c]","[c]","[c]"
"Leaver Dept.","2022","Undeclared","Black","South East (England)","Buckinghamshire","[c]","[c]","[c]","[c]"
"Leaver Dept.","2022","Undeclared","Black","South East (England)","Central Hampshire","[c]","[c]","[c]","[c]"
"Leaver Dept.","2022","Undeclared","Black","South East (England)","East Kent","[c]","[c]","[c]","[c]"
"Leaver Dept.","2022","Undeclared","Black","South East (England)","East Surrey","[c]","[c]","[c]","[c]"
"Leaver Dept.","2022","Undeclared","Black","South East (England)","East Sussex CC","[c]","[c]","[c]","[c]"
"Leaver Dept.","2022","Undeclared","Black","South East (England)","Isle of Wight","[c]","[c]","[c]","[c]"
"Leaver Dept.","2022","Undeclared","Black","South East (England)","Kent Thames Gateway","[c]","[c]","[c]","[c]"
"Leaver Dept.","2022","Undeclared","Black","South East (England)","Medway","[c]","[c]","[c]","[c]"
"Leaver Dept.","2022","Undeclared","Black","South East (England)","Mid Kent","[c]","[c]","[c]","[c]"
"Leaver Dept.","2022","Undeclared","Black","South East (England)","Milton Keynes","[c]","[c]","[c]","[c]"
"Leaver Dept.","2022","Undeclared","Black","South East (England)","North Hampshire","[c]","[c]","[c]","[c]"
"Leaver Dept.","2022","Undeclared","Black","South East (England)","Oxfordshire CC","[c]","[c]","[c]","[c]"
"Leaver Dept.","2022","Undeclared","Black","South East (England)","Portsmouth","[c]","[c]","[c]","[c]"
"Leaver Dept.","2022","Undeclared","Black","South East (England)","South Hampshire","[c]","[c]","[c]","[c]"
"Leaver Dept.","2022","Undeclared","Black","South East (England)","Southampton","[c]","[c]","[c]","[c]"
"Leaver Dept.","2022","Undeclared","Black","South East (England)","West Kent","[c]","[c]","[c]","[c]"
"Leaver Dept.","2022","Undeclared","Black","South East (England)","West Surrey","[c]","[c]","[c]","[c]"
"Leaver Dept.","2022","Undeclared","Black","South East (England)","West Sussex (North East)","[c]","[c]","[c]","[c]"
"Leaver Dept.","2022","Undeclared","Black","South East (England)","West Sussex (South West)","[c]","[c]","[c]","[c]"
"Leaver Dept.","2022","Undeclared","Black","South West (England)","Bath and North East Somerset, North Somerset and South Gloucestershire","[c]","[c]","[c]","[c]"
"Leaver Dept.","2022","Undeclared","Black","South West (England)","Bournemouth, Christchurch and Poole","[c]","[c]","[c]","[c]"
"Leaver Dept.","2022","Undeclared","Black","South West (England)","Bristol, City of","[c]","[c]","[c]","[c]"
"Leaver Dept.","2022","Undeclared","Black","South West (England)","Cornwall and Isles of Scilly","[c]","[c]","[c]","[c]"
"Leaver Dept.","2022","Undeclared","Black","South West (England)","Devon CC","[c]","[c]","[c]","[c]"
"Leaver Dept.","2022","Undeclared","Black","South West (England)","Dorset","[c]","[c]","[c]","[c]"
"Leaver Dept.","2022","Undeclared","Black","South West (England)","Gloucestershire CC","[c]","[c]","[c]","[c]"
"Leaver Dept.","2022","Undeclared","Black","South West (England)","Plymouth","[c]","[c]","[c]","[c]"
"Leaver Dept.","2022","Undeclared","Black","South West (England)","Somerset CC","[c]","[c]","[c]","[c]"
"Leaver Dept.","2022","Undeclared","Black","South West (England)","Swindon","[c]","[c]","[c]","[c]"
"Leaver Dept.","2022","Undeclared","Black","South West (England)","Torbay","[c]","[c]","[c]","[c]"
"Leaver Dept.","2022","Undeclared","Black","South West (England)","Wiltshire","[c]","[c]","[c]","[c]"
"Leaver Dept.","2022","Undeclared","Black","Unknown","Unknown","[c]","[c]","[c]","[c]"
"Leaver Dept.","2022","Undeclared","Black","Wales","Bridgend and Neath Port Talbot","[c]","[c]","[c]","[c]"
"Leaver Dept.","2022","Undeclared","Black","Wales","Cardiff and Vale of Glamorgan","[c]","[c]","[c]","[c]"
"Leaver Dept.","2022","Undeclared","Black","Wales","Central Valleys","[c]","[c]","[c]","[c]"
"Leaver Dept.","2022","Undeclared","Black","Wales","Conwy and Denbighshire","[c]","[c]","[c]","[c]"
"Leaver Dept.","2022","Undeclared","Black","Wales","Flintshire and Wrexham","[c]","[c]","[c]","[c]"
"Leaver Dept.","2022","Undeclared","Black","Wales","Gwent Valleys","[c]","[c]","[c]","[c]"
"Leaver Dept.","2022","Undeclared","Black","Wales","Gwynedd","[c]","[c]","[c]","[c]"
"Leaver Dept.","2022","Undeclared","Black","Wales","Isle of Anglesey","[c]","[c]","[c]","[c]"
"Leaver Dept.","2022","Undeclared","Black","Wales","Monmouthshire and Newport","[c]","[c]","[c]","[c]"
"Leaver Dept.","2022","Undeclared","Black","Wales","Powys","[c]","[c]","[c]","[c]"
"Leaver Dept.","2022","Undeclared","Black","Wales","South West Wales","[c]","[c]","[c]","[c]"
"Leaver Dept.","2022","Undeclared","Black","Wales","Swansea","[c]","[c]","[c]","[c]"
"Leaver Dept.","2022","Undeclared","Black","West Midlands (England)","Birmingham","[c]","[c]","[c]","[c]"
"Leaver Dept.","2022","Undeclared","Black","West Midlands (England)","Coventry","[c]","[c]","[c]","[c]"
"Leaver Dept.","2022","Undeclared","Black","West Midlands (England)","Dudley","[c]","[c]","[c]","[c]"
"Leaver Dept.","2022","Undeclared","Black","West Midlands (England)","Herefordshire, County of","[c]","[c]","[c]","[c]"
"Leaver Dept.","2022","Undeclared","Black","West Midlands (England)","Sandwell","[c]","[c]","[c]","[c]"
"Leaver Dept.","2022","Undeclared","Black","West Midlands (England)","Shropshire","[c]","[c]","[c]","[c]"
"Leaver Dept.","2022","Undeclared","Black","West Midlands (England)","Solihull","[c]","[c]","[c]","[c]"
"Leaver Dept.","2022","Undeclared","Black","West Midlands (England)","Staffordshire CC","[c]","[c]","[c]","[c]"
"Leaver Dept.","2022","Undeclared","Black","West Midlands (England)","Stoke-on-Trent","[c]","[c]","[c]","[c]"
"Leaver Dept.","2022","Undeclared","Black","West Midlands (England)","Telford and Wrekin","[c]","[c]","[c]","[c]"
"Leaver Dept.","2022","Undeclared","Black","West Midlands (England)","Walsall","[c]","[c]","[c]","[c]"
"Leaver Dept.","2022","Undeclared","Black","West Midlands (England)","Warwickshire CC","[c]","[c]","[c]","[c]"
"Leaver Dept.","2022","Undeclared","Black","West Midlands (England)","Wolverhampton","[c]","[c]","[c]","[c]"
"Leaver Dept.","2022","Undeclared","Black","West Midlands (England)","Worcestershire CC","[c]","[c]","[c]","[c]"
"Leaver Dept.","2022","Undeclared","Black","Yorkshire and The Humber","Barnsley, Doncaster and Rotherham","[c]","[c]","[c]","[c]"
"Leaver Dept.","2022","Undeclared","Black","Yorkshire and The Humber","Bradford","[c]","[c]","[c]","[c]"
"Leaver Dept.","2022","Undeclared","Black","Yorkshire and The Humber","Calderdale and Kirklees","[c]","[c]","[c]","[c]"
"Leaver Dept.","2022","Undeclared","Black","Yorkshire and The Humber","East Riding of Yorkshire","[c]","[c]","[c]","[c]"
"Leaver Dept.","2022","Undeclared","Black","Yorkshire and The Humber","Kingston upon Hull, City of","[c]","[c]","[c]","[c]"
"Leaver Dept.","2022","Undeclared","Black","Yorkshire and The Humber","Leeds","[c]","[c]","[c]","[c]"
"Leaver Dept.","2022","Undeclared","Black","Yorkshire and The Humber","North and North East Lincolnshire","[c]","[c]","[c]","[c]"
"Leaver Dept.","2022","Undeclared","Black","Yorkshire and The Humber","North Yorkshire CC","[c]","[c]","[c]","[c]"
"Leaver Dept.","2022","Undeclared","Black","Yorkshire and The Humber","Sheffield","[c]","[c]","[c]","[c]"
"Leaver Dept.","2022","Undeclared","Black","Yorkshire and The Humber","Wakefield","[c]","[c]","[c]","[c]"
"Leaver Dept.","2022","Undeclared","Black","Yorkshire and The Humber","York","[c]","[c]","[c]","[c]"
"Leaver Dept.","2022","Undeclared","Mixed","East Midlands (England)","Derby","[c]","[c]","[c]","[c]"
"Leaver Dept.","2022","Undeclared","Mixed","East Midlands (England)","East Derbyshire","[c]","[c]","[c]","[c]"
"Leaver Dept.","2022","Undeclared","Mixed","East Midlands (England)","Leicester","[c]","[c]","[c]","[c]"
"Leaver Dept.","2022","Undeclared","Mixed","East Midlands (England)","Leicestershire CC and Rutland","[c]","[c]","[c]","[c]"
"Leaver Dept.","2022","Undeclared","Mixed","East Midlands (England)","Lincolnshire CC","[c]","[c]","[c]","[c]"
"Leaver Dept.","2022","Undeclared","Mixed","East Midlands (England)","North Northamptonshire","[c]","[c]","[c]","[c]"
"Leaver Dept.","2022","Undeclared","Mixed","East Midlands (England)","North Nottinghamshire","[c]","[c]","[c]","[c]"
"Leaver Dept.","2022","Undeclared","Mixed","East Midlands (England)","Nottingham","[c]","[c]","[c]","[c]"
"Leaver Dept.","2022","Undeclared","Mixed","East Midlands (England)","South and West Derbyshire","[c]","[c]","[c]","[c]"
"Leaver Dept.","2022","Undeclared","Mixed","East Midlands (England)","South Nottinghamshire","[c]","[c]","[c]","[c]"
"Leaver Dept.","2022","Undeclared","Mixed","East Midlands (England)","West Northamptonshire","[c]","[c]","[c]","[c]"
"Leaver Dept.","2022","Undeclared","Mixed","East of England","Bedford","[c]","[c]","[c]","[c]"
"Leaver Dept.","2022","Undeclared","Mixed","East of England","Breckland and South Norfolk","[c]","[c]","[c]","[c]"
"Leaver Dept.","2022","Undeclared","Mixed","East of England","Cambridgeshire CC","[c]","[c]","[c]","[c]"
"Leaver Dept.","2022","Undeclared","Mixed","East of England","Central Bedfordshire","[c]","[c]","[c]","[c]"
"Leaver Dept.","2022","Undeclared","Mixed","East of England","Essex Haven Gateway","[c]","[c]","[c]","[c]"
"Leaver Dept.","2022","Undeclared","Mixed","East of England","Essex Thames Gateway","[c]","[c]","[c]","[c]"
"Leaver Dept.","2022","Undeclared","Mixed","East of England","Heart of Essex","[c]","[c]","[c]","[c]"
"Leaver Dept.","2022","Undeclared","Mixed","East of England","Hertfordshire CC","[c]","[c]","[c]","[c]"
"Leaver Dept.","2022","Undeclared","Mixed","East of England","Luton","[c]","[c]","[c]","[c]"
"Leaver Dept.","2022","Undeclared","Mixed","East of England","North and West Norfolk","[c]","[c]","[c]","[c]"
"Leaver Dept.","2022","Undeclared","Mixed","East of England","Norwich and East Norfolk","[c]","[c]","[c]","[c]"
"Leaver Dept.","2022","Undeclared","Mixed","East of England","Peterborough","[c]","[c]","[c]","[c]"
"Leaver Dept.","2022","Undeclared","Mixed","East of England","Southend-on-Sea","[c]","[c]","[c]","[c]"
"Leaver Dept.","2022","Undeclared","Mixed","East of England","Suffolk CC","[c]","[c]","[c]","[c]"
"Leaver Dept.","2022","Undeclared","Mixed","East of England","Thurrock","[c]","[c]","[c]","[c]"
"Leaver Dept.","2022","Undeclared","Mixed","East of England","West Essex","[c]","[c]","[c]","[c]"
"Leaver Dept.","2022","Undeclared","Mixed","London","Barking & Dagenham and Havering","[c]","[c]","[c]","[c]"
"Leaver Dept.","2022","Undeclared","Mixed","London","Barnet","[c]","[c]","[c]","[c]"
"Leaver Dept.","2022","Undeclared","Mixed","London","Bexley and Greenwich","[c]","[c]","[c]","[c]"
"Leaver Dept.","2022","Undeclared","Mixed","London","Brent","[c]","[c]","[c]","[c]"
"Leaver Dept.","2022","Undeclared","Mixed","London","Bromley","[c]","[c]","[c]","[c]"
"Leaver Dept.","2022","Undeclared","Mixed","London","Camden and City of London","[c]","[c]","[c]","[c]"
"Leaver Dept.","2022","Undeclared","Mixed","London","Croydon","[c]","[c]","[c]","[c]"
"Leaver Dept.","2022","Undeclared","Mixed","London","Ealing","[c]","[c]","[c]","[c]"
"Leaver Dept.","2022","Undeclared","Mixed","London","Enfield","[c]","[c]","[c]","[c]"
"Leaver Dept.","2022","Undeclared","Mixed","London","Hackney and Newham","[c]","[c]","[c]","[c]"
"Leaver Dept.","2022","Undeclared","Mixed","London","Haringey and Islington","[c]","[c]","[c]","[c]"
"Leaver Dept.","2022","Undeclared","Mixed","London","Harrow and Hillingdon","[c]","[c]","[c]","[c]"
"Leaver Dept.","2022","Undeclared","Mixed","London","Hounslow and Richmond upon Thames","[c]","[c]","[c]","[c]"
"Leaver Dept.","2022","Undeclared","Mixed","London","Kensington & Chelsea and Hammersmith & Fulham","[c]","[c]","[c]","[c]"
"Leaver Dept.","2022","Undeclared","Mixed","London","Lambeth","[c]","[c]","[c]","[c]"
"Leaver Dept.","2022","Undeclared","Mixed","London","Lewisham and Southwark","[c]","[c]","[c]","[c]"
"Leaver Dept.","2022","Undeclared","Mixed","London","Merton, Kingston upon Thames and Sutton","[c]","[c]","[c]","[c]"
"Leaver Dept.","2022","Undeclared","Mixed","London","Redbridge and Waltham Forest","[c]","[c]","[c]","[c]"
"Leaver Dept.","2022","Undeclared","Mixed","London","Tower Hamlets","[c]","[c]","[c]","[c]"
"Leaver Dept.","2022","Undeclared","Mixed","London","Wandsworth","[c]","[c]","[c]","[c]"
"Leaver Dept.","2022","Undeclared","Mixed","London","Westminster","5","[c]","[c]","[c]"
"Leaver Dept.","2022","Undeclared","Mixed","North East (England)","Darlington","[c]","[c]","[c]","[c]"
"Leaver Dept.","2022","Undeclared","Mixed","North East (England)","Durham","[c]","[c]","[c]","[c]"
"Leaver Dept.","2022","Undeclared","Mixed","North East (England)","Hartlepool and Stockton-on-Tees","[c]","[c]","[c]","[c]"
"Leaver Dept.","2022","Undeclared","Mixed","North East (England)","Northumberland","[c]","[c]","[c]","[c]"
"Leaver Dept.","2022","Undeclared","Mixed","North East (England)","South Teesside","[c]","[c]","[c]","[c]"
"Leaver Dept.","2022","Undeclared","Mixed","North East (England)","Sunderland","[c]","[c]","[c]","[c]"
"Leaver Dept.","2022","Undeclared","Mixed","North East (England)","Tyneside","[c]","[c]","[c]","[c]"
"Leaver Dept.","2022","Undeclared","Mixed","North West (England)","Blackburn with Darwen","[c]","[c]","[c]","[c]"
"Leaver Dept.","2022","Undeclared","Mixed","North West (England)","Blackpool","[c]","[c]","[c]","[c]"
"Leaver Dept.","2022","Undeclared","Mixed","North West (England)","Cheshire East","[c]","[c]","[c]","[c]"
"Leaver Dept.","2022","Undeclared","Mixed","North West (England)","Cheshire West and Chester","[c]","[c]","[c]","[c]"
"Leaver Dept.","2022","Undeclared","Mixed","North West (England)","Chorley and West Lancashire","[c]","[c]","[c]","[c]"
"Leaver Dept.","2022","Undeclared","Mixed","North West (England)","East Cumbria","[c]","[c]","[c]","[c]"
"Leaver Dept.","2022","Undeclared","Mixed","North West (England)","East Lancashire","[c]","[c]","[c]","[c]"
"Leaver Dept.","2022","Undeclared","Mixed","North West (England)","East Merseyside","[c]","[c]","[c]","[c]"
"Leaver Dept.","2022","Undeclared","Mixed","North West (England)","Greater Manchester North East","[c]","[c]","[c]","[c]"
"Leaver Dept.","2022","Undeclared","Mixed","North West (England)","Greater Manchester North West","[c]","[c]","[c]","[c]"
"Leaver Dept.","2022","Undeclared","Mixed","North West (England)","Greater Manchester South East","[c]","[c]","[c]","[c]"
"Leaver Dept.","2022","Undeclared","Mixed","North West (England)","Greater Manchester South West","[c]","[c]","[c]","[c]"
"Leaver Dept.","2022","Undeclared","Mixed","North West (England)","Lancaster and Wyre","[c]","[c]","[c]","[c]"
"Leaver Dept.","2022","Undeclared","Mixed","North West (England)","Liverpool","[c]","[c]","[c]","[c]"
"Leaver Dept.","2022","Undeclared","Mixed","North West (England)","Manchester","[c]","[c]","[c]","[c]"
"Leaver Dept.","2022","Undeclared","Mixed","North West (England)","Mid Lancashire","[c]","[c]","[c]","[c]"
"Leaver Dept.","2022","Undeclared","Mixed","North West (England)","Sefton","[c]","[c]","[c]","[c]"
"Leaver Dept.","2022","Undeclared","Mixed","North West (England)","Warrington","[c]","[c]","[c]","[c]"
"Leaver Dept.","2022","Undeclared","Mixed","North West (England)","West Cumbria","[c]","[c]","[c]","[c]"
"Leaver Dept.","2022","Undeclared","Mixed","North West (England)","Wirral","[c]","[c]","[c]","[c]"
"Leaver Dept.","2022","Undeclared","Mixed","Northern Ireland","Ards and North Down","[c]","[c]","[c]","[c]"
"Leaver Dept.","2022","Undeclared","Mixed","Northern Ireland","Belfast","[c]","[c]","[c]","[c]"
"Leaver Dept.","2022","Undeclared","Mixed","Northern Ireland","Lisburn and Castlereagh","[c]","[c]","[c]","[c]"
"Leaver Dept.","2022","Undeclared","Mixed","Overseas","Overseas","[c]","[c]","[c]","[c]"
"Leaver Dept.","2022","Undeclared","Mixed","Scotland","Aberdeen City and Aberdeenshire","[c]","[c]","[c]","[c]"
"Leaver Dept.","2022","Undeclared","Mixed","Scotland","Angus and Dundee City","[c]","[c]","[c]","[c]"
"Leaver Dept.","2022","Undeclared","Mixed","Scotland","Caithness and Sutherland, and Ross and Cromarty","[c]","[c]","[c]","[c]"
"Leaver Dept.","2022","Undeclared","Mixed","Scotland","City of Edinburgh","[c]","[c]","[c]","[c]"
"Leaver Dept.","2022","Undeclared","Mixed","Scotland","Clackmannanshire and Fife","[c]","[c]","[c]","[c]"
"Leaver Dept.","2022","Undeclared","Mixed","Scotland","Dumfries and Galloway","[c]","[c]","[c]","[c]"
"Leaver Dept.","2022","Undeclared","Mixed","Scotland","East Ayrshire and North Ayrshire mainland","[c]","[c]","[c]","[c]"
"Leaver Dept.","2022","Undeclared","Mixed","Scotland","East Dunbartonshire, West Dunbartonshire, and Helensburgh and Lomond","[c]","[c]","[c]","[c]"
"Leaver Dept.","2022","Undeclared","Mixed","Scotland","East Lothian and Midlothian","[c]","[c]","[c]","[c]"
"Leaver Dept.","2022","Undeclared","Mixed","Scotland","Falkirk","[c]","[c]","[c]","[c]"
"Leaver Dept.","2022","Undeclared","Mixed","Scotland","Glasgow City","[c]","[c]","[c]","[c]"
"Leaver Dept.","2022","Undeclared","Mixed","Scotland","Inverclyde, East Renfrewshire, and Renfrewshire","[c]","[c]","[c]","[c]"
"Leaver Dept.","2022","Undeclared","Mixed","Scotland","Inverness and Nairn, Moray, and Badenoch and Strathspey","[c]","[c]","[c]","[c]"
"Leaver Dept.","2022","Undeclared","Mixed","Scotland","Lochaber, Skye and Lochalsh, Arran and Cumbrae, and Argyll and Bute","[c]","[c]","[c]","[c]"
"Leaver Dept.","2022","Undeclared","Mixed","Scotland","Na h-Eileanan Siar","[c]","[c]","[c]","[c]"
"Leaver Dept.","2022","Undeclared","Mixed","Scotland","North Lanarkshire","[c]","[c]","[c]","[c]"
"Leaver Dept.","2022","Undeclared","Mixed","Scotland","Orkney Islands","[c]","[c]","[c]","[c]"
"Leaver Dept.","2022","Undeclared","Mixed","Scotland","Perth and Kinross, and Stirling","[c]","[c]","[c]","[c]"
"Leaver Dept.","2022","Undeclared","Mixed","Scotland","Scottish Borders","[c]","[c]","[c]","[c]"
"Leaver Dept.","2022","Undeclared","Mixed","Scotland","South Ayrshire","[c]","[c]","[c]","[c]"
"Leaver Dept.","2022","Undeclared","Mixed","Scotland","South Lanarkshire","[c]","[c]","[c]","[c]"
"Leaver Dept.","2022","Undeclared","Mixed","Scotland","West Lothian","[c]","[c]","[c]","[c]"
"Leaver Dept.","2022","Undeclared","Mixed","South East (England)","Berkshire","[c]","[c]","[c]","[c]"
"Leaver Dept.","2022","Undeclared","Mixed","South East (England)","Brighton and Hove","[c]","[c]","[c]","[c]"
"Leaver Dept.","2022","Undeclared","Mixed","South East (England)","Buckinghamshire","[c]","[c]","[c]","[c]"
"Leaver Dept.","2022","Undeclared","Mixed","South East (England)","Central Hampshire","[c]","[c]","[c]","[c]"
"Leaver Dept.","2022","Undeclared","Mixed","South East (England)","East Kent","[c]","[c]","[c]","[c]"
"Leaver Dept.","2022","Undeclared","Mixed","South East (England)","East Surrey","[c]","[c]","[c]","[c]"
"Leaver Dept.","2022","Undeclared","Mixed","South East (England)","East Sussex CC","[c]","[c]","[c]","[c]"
"Leaver Dept.","2022","Undeclared","Mixed","South East (England)","Isle of Wight","[c]","[c]","[c]","[c]"
"Leaver Dept.","2022","Undeclared","Mixed","South East (England)","Kent Thames Gateway","[c]","[c]","[c]","[c]"
"Leaver Dept.","2022","Undeclared","Mixed","South East (England)","Medway","[c]","[c]","[c]","[c]"
"Leaver Dept.","2022","Undeclared","Mixed","South East (England)","Mid Kent","[c]","[c]","[c]","[c]"
"Leaver Dept.","2022","Undeclared","Mixed","South East (England)","Milton Keynes","[c]","[c]","[c]","[c]"
"Leaver Dept.","2022","Undeclared","Mixed","South East (England)","North Hampshire","[c]","[c]","[c]","[c]"
"Leaver Dept.","2022","Undeclared","Mixed","South East (England)","Oxfordshire CC","[c]","[c]","[c]","[c]"
"Leaver Dept.","2022","Undeclared","Mixed","South East (England)","Portsmouth","[c]","[c]","[c]","[c]"
"Leaver Dept.","2022","Undeclared","Mixed","South East (England)","South Hampshire","[c]","[c]","[c]","[c]"
"Leaver Dept.","2022","Undeclared","Mixed","South East (England)","Southampton","[c]","[c]","[c]","[c]"
"Leaver Dept.","2022","Undeclared","Mixed","South East (England)","West Kent","[c]","[c]","[c]","[c]"
"Leaver Dept.","2022","Undeclared","Mixed","South East (England)","West Surrey","[c]","[c]","[c]","[c]"
"Leaver Dept.","2022","Undeclared","Mixed","South East (England)","West Sussex (North East)","[c]","[c]","[c]","[c]"
"Leaver Dept.","2022","Undeclared","Mixed","South East (England)","West Sussex (South West)","[c]","[c]","[c]","[c]"
"Leaver Dept.","2022","Undeclared","Mixed","South West (England)","Bath and North East Somerset, North Somerset and South Gloucestershire","[c]","[c]","[c]","[c]"
"Leaver Dept.","2022","Undeclared","Mixed","South West (England)","Bournemouth, Christchurch and Poole","[c]","[c]","[c]","[c]"
"Leaver Dept.","2022","Undeclared","Mixed","South West (England)","Bristol, City of","[c]","[c]","[c]","[c]"
"Leaver Dept.","2022","Undeclared","Mixed","South West (England)","Cornwall and Isles of Scilly","[c]","[c]","[c]","[c]"
"Leaver Dept.","2022","Undeclared","Mixed","South West (England)","Devon CC","[c]","[c]","[c]","[c]"
"Leaver Dept.","2022","Undeclared","Mixed","South West (England)","Dorset","[c]","[c]","[c]","[c]"
"Leaver Dept.","2022","Undeclared","Mixed","South West (England)","Gloucestershire CC","[c]","[c]","[c]","[c]"
"Leaver Dept.","2022","Undeclared","Mixed","South West (England)","Plymouth","[c]","[c]","[c]","[c]"
"Leaver Dept.","2022","Undeclared","Mixed","South West (England)","Somerset CC","[c]","[c]","[c]","[c]"
"Leaver Dept.","2022","Undeclared","Mixed","South West (England)","Swindon","[c]","[c]","[c]","[c]"
"Leaver Dept.","2022","Undeclared","Mixed","South West (England)","Torbay","[c]","[c]","[c]","[c]"
"Leaver Dept.","2022","Undeclared","Mixed","South West (England)","Wiltshire","[c]","[c]","[c]","[c]"
"Leaver Dept.","2022","Undeclared","Mixed","Unknown","Unknown","[c]","[c]","[c]","[c]"
"Leaver Dept.","2022","Undeclared","Mixed","Wales","Bridgend and Neath Port Talbot","[c]","[c]","[c]","[c]"
"Leaver Dept.","2022","Undeclared","Mixed","Wales","Cardiff and Vale of Glamorgan","[c]","[c]","[c]","[c]"
"Leaver Dept.","2022","Undeclared","Mixed","Wales","Central Valleys","[c]","[c]","[c]","[c]"
"Leaver Dept.","2022","Undeclared","Mixed","Wales","Conwy and Denbighshire","[c]","[c]","[c]","[c]"
"Leaver Dept.","2022","Undeclared","Mixed","Wales","Flintshire and Wrexham","[c]","[c]","[c]","[c]"
"Leaver Dept.","2022","Undeclared","Mixed","Wales","Gwent Valleys","[c]","[c]","[c]","[c]"
"Leaver Dept.","2022","Undeclared","Mixed","Wales","Gwynedd","[c]","[c]","[c]","[c]"
"Leaver Dept.","2022","Undeclared","Mixed","Wales","Isle of Anglesey","[c]","[c]","[c]","[c]"
"Leaver Dept.","2022","Undeclared","Mixed","Wales","Monmouthshire and Newport","[c]","[c]","[c]","[c]"
"Leaver Dept.","2022","Undeclared","Mixed","Wales","Powys","[c]","[c]","[c]","[c]"
"Leaver Dept.","2022","Undeclared","Mixed","Wales","South West Wales","[c]","[c]","[c]","[c]"
"Leaver Dept.","2022","Undeclared","Mixed","Wales","Swansea","[c]","[c]","[c]","[c]"
"Leaver Dept.","2022","Undeclared","Mixed","West Midlands (England)","Birmingham","[c]","[c]","[c]","[c]"
"Leaver Dept.","2022","Undeclared","Mixed","West Midlands (England)","Coventry","[c]","[c]","[c]","[c]"
"Leaver Dept.","2022","Undeclared","Mixed","West Midlands (England)","Dudley","[c]","[c]","[c]","[c]"
"Leaver Dept.","2022","Undeclared","Mixed","West Midlands (England)","Herefordshire, County of","[c]","[c]","[c]","[c]"
"Leaver Dept.","2022","Undeclared","Mixed","West Midlands (England)","Sandwell","[c]","[c]","[c]","[c]"
"Leaver Dept.","2022","Undeclared","Mixed","West Midlands (England)","Shropshire","[c]","[c]","[c]","[c]"
"Leaver Dept.","2022","Undeclared","Mixed","West Midlands (England)","Solihull","[c]","[c]","[c]","[c]"
"Leaver Dept.","2022","Undeclared","Mixed","West Midlands (England)","Staffordshire CC","[c]","[c]","[c]","[c]"
"Leaver Dept.","2022","Undeclared","Mixed","West Midlands (England)","Stoke-on-Trent","[c]","[c]","[c]","[c]"
"Leaver Dept.","2022","Undeclared","Mixed","West Midlands (England)","Telford and Wrekin","[c]","[c]","[c]","[c]"
"Leaver Dept.","2022","Undeclared","Mixed","West Midlands (England)","Walsall","[c]","[c]","[c]","[c]"
"Leaver Dept.","2022","Undeclared","Mixed","West Midlands (England)","Warwickshire CC","[c]","[c]","[c]","[c]"
"Leaver Dept.","2022","Undeclared","Mixed","West Midlands (England)","Wolverhampton","[c]","[c]","[c]","[c]"
"Leaver Dept.","2022","Undeclared","Mixed","West Midlands (England)","Worcestershire CC","[c]","[c]","[c]","[c]"
"Leaver Dept.","2022","Undeclared","Mixed","Yorkshire and The Humber","Barnsley, Doncaster and Rotherham","[c]","[c]","[c]","[c]"
"Leaver Dept.","2022","Undeclared","Mixed","Yorkshire and The Humber","Bradford","[c]","[c]","[c]","[c]"
"Leaver Dept.","2022","Undeclared","Mixed","Yorkshire and The Humber","Calderdale and Kirklees","[c]","[c]","[c]","[c]"
"Leaver Dept.","2022","Undeclared","Mixed","Yorkshire and The Humber","East Riding of Yorkshire","[c]","[c]","[c]","[c]"
"Leaver Dept.","2022","Undeclared","Mixed","Yorkshire and The Humber","Kingston upon Hull, City of","[c]","[c]","[c]","[c]"
"Leaver Dept.","2022","Undeclared","Mixed","Yorkshire and The Humber","Leeds","[c]","[c]","[c]","[c]"
"Leaver Dept.","2022","Undeclared","Mixed","Yorkshire and The Humber","North and North East Lincolnshire","[c]","[c]","[c]","[c]"
"Leaver Dept.","2022","Undeclared","Mixed","Yorkshire and The Humber","North Yorkshire CC","[c]","[c]","[c]","[c]"
"Leaver Dept.","2022","Undeclared","Mixed","Yorkshire and The Humber","Sheffield","[c]","[c]","[c]","[c]"
"Leaver Dept.","2022","Undeclared","Mixed","Yorkshire and The Humber","Wakefield","[c]","[c]","[c]","[c]"
"Leaver Dept.","2022","Undeclared","Mixed","Yorkshire and The Humber","York","[c]","[c]","[c]","[c]"
"Leaver Dept.","2022","Undeclared","Other ethnicity","East Midlands (England)","Derby","[c]","[c]","[c]","[c]"
"Leaver Dept.","2022","Undeclared","Other ethnicity","East Midlands (England)","East Derbyshire","[c]","[c]","[c]","[c]"
"Leaver Dept.","2022","Undeclared","Other ethnicity","East Midlands (England)","Leicester","[c]","[c]","[c]","[c]"
"Leaver Dept.","2022","Undeclared","Other ethnicity","East Midlands (England)","Leicestershire CC and Rutland","[c]","[c]","[c]","[c]"
"Leaver Dept.","2022","Undeclared","Other ethnicity","East Midlands (England)","Lincolnshire CC","[c]","[c]","[c]","[c]"
"Leaver Dept.","2022","Undeclared","Other ethnicity","East Midlands (England)","North Northamptonshire","[c]","[c]","[c]","[c]"
"Leaver Dept.","2022","Undeclared","Other ethnicity","East Midlands (England)","North Nottinghamshire","[c]","[c]","[c]","[c]"
"Leaver Dept.","2022","Undeclared","Other ethnicity","East Midlands (England)","Nottingham","[c]","[c]","[c]","[c]"
"Leaver Dept.","2022","Undeclared","Other ethnicity","East Midlands (England)","South and West Derbyshire","[c]","[c]","[c]","[c]"
"Leaver Dept.","2022","Undeclared","Other ethnicity","East Midlands (England)","South Nottinghamshire","[c]","[c]","[c]","[c]"
"Leaver Dept.","2022","Undeclared","Other ethnicity","East Midlands (England)","West Northamptonshire","[c]","[c]","[c]","[c]"
"Leaver Dept.","2022","Undeclared","Other ethnicity","East of England","Bedford","[c]","[c]","[c]","[c]"
"Leaver Dept.","2022","Undeclared","Other ethnicity","East of England","Breckland and South Norfolk","[c]","[c]","[c]","[c]"
"Leaver Dept.","2022","Undeclared","Other ethnicity","East of England","Cambridgeshire CC","[c]","[c]","[c]","[c]"
"Leaver Dept.","2022","Undeclared","Other ethnicity","East of England","Central Bedfordshire","[c]","[c]","[c]","[c]"
"Leaver Dept.","2022","Undeclared","Other ethnicity","East of England","Essex Haven Gateway","[c]","[c]","[c]","[c]"
"Leaver Dept.","2022","Undeclared","Other ethnicity","East of England","Essex Thames Gateway","[c]","[c]","[c]","[c]"
"Leaver Dept.","2022","Undeclared","Other ethnicity","East of England","Heart of Essex","[c]","[c]","[c]","[c]"
"Leaver Dept.","2022","Undeclared","Other ethnicity","East of England","Hertfordshire CC","[c]","[c]","[c]","[c]"
"Leaver Dept.","2022","Undeclared","Other ethnicity","East of England","Luton","[c]","[c]","[c]","[c]"
"Leaver Dept.","2022","Undeclared","Other ethnicity","East of England","North and West Norfolk","[c]","[c]","[c]","[c]"
"Leaver Dept.","2022","Undeclared","Other ethnicity","East of England","Norwich and East Norfolk","[c]","[c]","[c]","[c]"
"Leaver Dept.","2022","Undeclared","Other ethnicity","East of England","Peterborough","[c]","[c]","[c]","[c]"
"Leaver Dept.","2022","Undeclared","Other ethnicity","East of England","Southend-on-Sea","[c]","[c]","[c]","[c]"
"Leaver Dept.","2022","Undeclared","Other ethnicity","East of England","Suffolk CC","[c]","[c]","[c]","[c]"
"Leaver Dept.","2022","Undeclared","Other ethnicity","East of England","Thurrock","[c]","[c]","[c]","[c]"
"Leaver Dept.","2022","Undeclared","Other ethnicity","East of England","West Essex","[c]","[c]","[c]","[c]"
"Leaver Dept.","2022","Undeclared","Other ethnicity","London","Barking & Dagenham and Havering","[c]","[c]","[c]","[c]"
"Leaver Dept.","2022","Undeclared","Other ethnicity","London","Barnet","[c]","[c]","[c]","[c]"
"Leaver Dept.","2022","Undeclared","Other ethnicity","London","Bexley and Greenwich","[c]","[c]","[c]","[c]"
"Leaver Dept.","2022","Undeclared","Other ethnicity","London","Brent","[c]","[c]","[c]","[c]"
"Leaver Dept.","2022","Undeclared","Other ethnicity","London","Bromley","[c]","[c]","[c]","[c]"
"Leaver Dept.","2022","Undeclared","Other ethnicity","London","Camden and City of London","[c]","[c]","[c]","[c]"
"Leaver Dept.","2022","Undeclared","Other ethnicity","London","Croydon","[c]","[c]","[c]","[c]"
"Leaver Dept.","2022","Undeclared","Other ethnicity","London","Ealing","[c]","[c]","[c]","[c]"
"Leaver Dept.","2022","Undeclared","Other ethnicity","London","Enfield","[c]","[c]","[c]","[c]"
"Leaver Dept.","2022","Undeclared","Other ethnicity","London","Hackney and Newham","[c]","[c]","[c]","[c]"
"Leaver Dept.","2022","Undeclared","Other ethnicity","London","Haringey and Islington","[c]","[c]","[c]","[c]"
"Leaver Dept.","2022","Undeclared","Other ethnicity","London","Harrow and Hillingdon","[c]","[c]","[c]","[c]"
"Leaver Dept.","2022","Undeclared","Other ethnicity","London","Hounslow and Richmond upon Thames","[c]","[c]","[c]","[c]"
"Leaver Dept.","2022","Undeclared","Other ethnicity","London","Kensington & Chelsea and Hammersmith & Fulham","[c]","[c]","[c]","[c]"
"Leaver Dept.","2022","Undeclared","Other ethnicity","London","Lambeth","[c]","[c]","[c]","[c]"
"Leaver Dept.","2022","Undeclared","Other ethnicity","London","Lewisham and Southwark","[c]","[c]","[c]","[c]"
"Leaver Dept.","2022","Undeclared","Other ethnicity","London","Merton, Kingston upon Thames and Sutton","[c]","[c]","[c]","[c]"
"Leaver Dept.","2022","Undeclared","Other ethnicity","London","Redbridge and Waltham Forest","[c]","[c]","[c]","[c]"
"Leaver Dept.","2022","Undeclared","Other ethnicity","London","Tower Hamlets","[c]","[c]","[c]","[c]"
"Leaver Dept.","2022","Undeclared","Other ethnicity","London","Wandsworth","[c]","[c]","[c]","[c]"
"Leaver Dept.","2022","Undeclared","Other ethnicity","London","Westminster","15","[c]","[c]","[c]"
"Leaver Dept.","2022","Undeclared","Other ethnicity","North East (England)","Darlington","[c]","[c]","[c]","[c]"
"Leaver Dept.","2022","Undeclared","Other ethnicity","North East (England)","Durham","[c]","[c]","[c]","[c]"
"Leaver Dept.","2022","Undeclared","Other ethnicity","North East (England)","Hartlepool and Stockton-on-Tees","[c]","[c]","[c]","[c]"
"Leaver Dept.","2022","Undeclared","Other ethnicity","North East (England)","Northumberland","[c]","[c]","[c]","[c]"
"Leaver Dept.","2022","Undeclared","Other ethnicity","North East (England)","South Teesside","[c]","[c]","[c]","[c]"
"Leaver Dept.","2022","Undeclared","Other ethnicity","North East (England)","Sunderland","[c]","[c]","[c]","[c]"
"Leaver Dept.","2022","Undeclared","Other ethnicity","North East (England)","Tyneside","[c]","[c]","[c]","[c]"
"Leaver Dept.","2022","Undeclared","Other ethnicity","North West (England)","Blackburn with Darwen","[c]","[c]","[c]","[c]"
"Leaver Dept.","2022","Undeclared","Other ethnicity","North West (England)","Blackpool","[c]","[c]","[c]","[c]"
"Leaver Dept.","2022","Undeclared","Other ethnicity","North West (England)","Cheshire East","[c]","[c]","[c]","[c]"
"Leaver Dept.","2022","Undeclared","Other ethnicity","North West (England)","Cheshire West and Chester","[c]","[c]","[c]","[c]"
"Leaver Dept.","2022","Undeclared","Other ethnicity","North West (England)","Chorley and West Lancashire","[c]","[c]","[c]","[c]"
"Leaver Dept.","2022","Undeclared","Other ethnicity","North West (England)","East Cumbria","[c]","[c]","[c]","[c]"
"Leaver Dept.","2022","Undeclared","Other ethnicity","North West (England)","East Lancashire","[c]","[c]","[c]","[c]"
"Leaver Dept.","2022","Undeclared","Other ethnicity","North West (England)","East Merseyside","[c]","[c]","[c]","[c]"
"Leaver Dept.","2022","Undeclared","Other ethnicity","North West (England)","Greater Manchester North East","[c]","[c]","[c]","[c]"
"Leaver Dept.","2022","Undeclared","Other ethnicity","North West (England)","Greater Manchester North West","[c]","[c]","[c]","[c]"
"Leaver Dept.","2022","Undeclared","Other ethnicity","North West (England)","Greater Manchester South East","[c]","[c]","[c]","[c]"
"Leaver Dept.","2022","Undeclared","Other ethnicity","North West (England)","Greater Manchester South West","[c]","[c]","[c]","[c]"
"Leaver Dept.","2022","Undeclared","Other ethnicity","North West (England)","Lancaster and Wyre","[c]","[c]","[c]","[c]"
"Leaver Dept.","2022","Undeclared","Other ethnicity","North West (England)","Liverpool","[c]","[c]","[c]","[c]"
"Leaver Dept.","2022","Undeclared","Other ethnicity","North West (England)","Manchester","[c]","[c]","[c]","[c]"
"Leaver Dept.","2022","Undeclared","Other ethnicity","North West (England)","Mid Lancashire","[c]","[c]","[c]","[c]"
"Leaver Dept.","2022","Undeclared","Other ethnicity","North West (England)","Sefton","[c]","[c]","[c]","[c]"
"Leaver Dept.","2022","Undeclared","Other ethnicity","North West (England)","Warrington","[c]","[c]","[c]","[c]"
"Leaver Dept.","2022","Undeclared","Other ethnicity","North West (England)","West Cumbria","[c]","[c]","[c]","[c]"
"Leaver Dept.","2022","Undeclared","Other ethnicity","North West (England)","Wirral","[c]","[c]","[c]","[c]"
"Leaver Dept.","2022","Undeclared","Other ethnicity","Northern Ireland","Ards and North Down","[c]","[c]","[c]","[c]"
"Leaver Dept.","2022","Undeclared","Other ethnicity","Northern Ireland","Belfast","[c]","[c]","[c]","[c]"
"Leaver Dept.","2022","Undeclared","Other ethnicity","Northern Ireland","Lisburn and Castlereagh","[c]","[c]","[c]","[c]"
"Leaver Dept.","2022","Undeclared","Other ethnicity","Overseas","Overseas","[c]","[c]","[c]","[c]"
"Leaver Dept.","2022","Undeclared","Other ethnicity","Scotland","Aberdeen City and Aberdeenshire","[c]","[c]","[c]","[c]"
"Leaver Dept.","2022","Undeclared","Other ethnicity","Scotland","Angus and Dundee City","[c]","[c]","[c]","[c]"
"Leaver Dept.","2022","Undeclared","Other ethnicity","Scotland","Caithness and Sutherland, and Ross and Cromarty","[c]","[c]","[c]","[c]"
"Leaver Dept.","2022","Undeclared","Other ethnicity","Scotland","City of Edinburgh","[c]","[c]","[c]","[c]"
"Leaver Dept.","2022","Undeclared","Other ethnicity","Scotland","Clackmannanshire and Fife","[c]","[c]","[c]","[c]"
"Leaver Dept.","2022","Undeclared","Other ethnicity","Scotland","Dumfries and Galloway","[c]","[c]","[c]","[c]"
"Leaver Dept.","2022","Undeclared","Other ethnicity","Scotland","East Ayrshire and North Ayrshire mainland","[c]","[c]","[c]","[c]"
"Leaver Dept.","2022","Undeclared","Other ethnicity","Scotland","East Dunbartonshire, West Dunbartonshire, and Helensburgh and Lomond","[c]","[c]","[c]","[c]"
"Leaver Dept.","2022","Undeclared","Other ethnicity","Scotland","East Lothian and Midlothian","[c]","[c]","[c]","[c]"
"Leaver Dept.","2022","Undeclared","Other ethnicity","Scotland","Falkirk","[c]","[c]","[c]","[c]"
"Leaver Dept.","2022","Undeclared","Other ethnicity","Scotland","Glasgow City","[c]","[c]","[c]","[c]"
"Leaver Dept.","2022","Undeclared","Other ethnicity","Scotland","Inverclyde, East Renfrewshire, and Renfrewshire","[c]","[c]","[c]","[c]"
"Leaver Dept.","2022","Undeclared","Other ethnicity","Scotland","Inverness and Nairn, Moray, and Badenoch and Strathspey","[c]","[c]","[c]","[c]"
"Leaver Dept.","2022","Undeclared","Other ethnicity","Scotland","Lochaber, Skye and Lochalsh, Arran and Cumbrae, and Argyll and Bute","[c]","[c]","[c]","[c]"
"Leaver Dept.","2022","Undeclared","Other ethnicity","Scotland","Na h-Eileanan Siar","[c]","[c]","[c]","[c]"
"Leaver Dept.","2022","Undeclared","Other ethnicity","Scotland","North Lanarkshire","[c]","[c]","[c]","[c]"
"Leaver Dept.","2022","Undeclared","Other ethnicity","Scotland","Orkney Islands","[c]","[c]","[c]","[c]"
"Leaver Dept.","2022","Undeclared","Other ethnicity","Scotland","Perth and Kinross, and Stirling","[c]","[c]","[c]","[c]"
"Leaver Dept.","2022","Undeclared","Other ethnicity","Scotland","Scottish Borders","[c]","[c]","[c]","[c]"
"Leaver Dept.","2022","Undeclared","Other ethnicity","Scotland","South Ayrshire","[c]","[c]","[c]","[c]"
"Leaver Dept.","2022","Undeclared","Other ethnicity","Scotland","South Lanarkshire","[c]","[c]","[c]","[c]"
"Leaver Dept.","2022","Undeclared","Other ethnicity","Scotland","West Lothian","[c]","[c]","[c]","[c]"
"Leaver Dept.","2022","Undeclared","Other ethnicity","South East (England)","Berkshire","[c]","[c]","[c]","[c]"
"Leaver Dept.","2022","Undeclared","Other ethnicity","South East (England)","Brighton and Hove","[c]","[c]","[c]","[c]"
"Leaver Dept.","2022","Undeclared","Other ethnicity","South East (England)","Buckinghamshire","[c]","[c]","[c]","[c]"
"Leaver Dept.","2022","Undeclared","Other ethnicity","South East (England)","Central Hampshire","[c]","[c]","[c]","[c]"
"Leaver Dept.","2022","Undeclared","Other ethnicity","South East (England)","East Kent","[c]","[c]","[c]","[c]"
"Leaver Dept.","2022","Undeclared","Other ethnicity","South East (England)","East Surrey","[c]","[c]","[c]","[c]"
"Leaver Dept.","2022","Undeclared","Other ethnicity","South East (England)","East Sussex CC","[c]","[c]","[c]","[c]"
"Leaver Dept.","2022","Undeclared","Other ethnicity","South East (England)","Isle of Wight","[c]","[c]","[c]","[c]"
"Leaver Dept.","2022","Undeclared","Other ethnicity","South East (England)","Kent Thames Gateway","[c]","[c]","[c]","[c]"
"Leaver Dept.","2022","Undeclared","Other ethnicity","South East (England)","Medway","[c]","[c]","[c]","[c]"
"Leaver Dept.","2022","Undeclared","Other ethnicity","South East (England)","Mid Kent","[c]","[c]","[c]","[c]"
"Leaver Dept.","2022","Undeclared","Other ethnicity","South East (England)","Milton Keynes","[c]","[c]","[c]","[c]"
"Leaver Dept.","2022","Undeclared","Other ethnicity","South East (England)","North Hampshire","[c]","[c]","[c]","[c]"
"Leaver Dept.","2022","Undeclared","Other ethnicity","South East (England)","Oxfordshire CC","[c]","[c]","[c]","[c]"
"Leaver Dept.","2022","Undeclared","Other ethnicity","South East (England)","Portsmouth","[c]","[c]","[c]","[c]"
"Leaver Dept.","2022","Undeclared","Other ethnicity","South East (England)","South Hampshire","[c]","[c]","[c]","[c]"
"Leaver Dept.","2022","Undeclared","Other ethnicity","South East (England)","Southampton","[c]","[c]","[c]","[c]"
"Leaver Dept.","2022","Undeclared","Other ethnicity","South East (England)","West Kent","[c]","[c]","[c]","[c]"
"Leaver Dept.","2022","Undeclared","Other ethnicity","South East (England)","West Surrey","[c]","[c]","[c]","[c]"
"Leaver Dept.","2022","Undeclared","Other ethnicity","South East (England)","West Sussex (North East)","[c]","[c]","[c]","[c]"
"Leaver Dept.","2022","Undeclared","Other ethnicity","South East (England)","West Sussex (South West)","[c]","[c]","[c]","[c]"
"Leaver Dept.","2022","Undeclared","Other ethnicity","South West (England)","Bath and North East Somerset, North Somerset and South Gloucestershire","[c]","[c]","[c]","[c]"
"Leaver Dept.","2022","Undeclared","Other ethnicity","South West (England)","Bournemouth, Christchurch and Poole","[c]","[c]","[c]","[c]"
"Leaver Dept.","2022","Undeclared","Other ethnicity","South West (England)","Bristol, City of","[c]","[c]","[c]","[c]"
"Leaver Dept.","2022","Undeclared","Other ethnicity","South West (England)","Cornwall and Isles of Scilly","[c]","[c]","[c]","[c]"
"Leaver Dept.","2022","Undeclared","Other ethnicity","South West (England)","Devon CC","[c]","[c]","[c]","[c]"
"Leaver Dept.","2022","Undeclared","Other ethnicity","South West (England)","Dorset","[c]","[c]","[c]","[c]"
"Leaver Dept.","2022","Undeclared","Other ethnicity","South West (England)","Gloucestershire CC","[c]","[c]","[c]","[c]"
"Leaver Dept.","2022","Undeclared","Other ethnicity","South West (England)","Plymouth","[c]","[c]","[c]","[c]"
"Leaver Dept.","2022","Undeclared","Other ethnicity","South West (England)","Somerset CC","[c]","[c]","[c]","[c]"
"Leaver Dept.","2022","Undeclared","Other ethnicity","South West (England)","Swindon","[c]","[c]","[c]","[c]"
"Leaver Dept.","2022","Undeclared","Other ethnicity","South West (England)","Torbay","[c]","[c]","[c]","[c]"
"Leaver Dept.","2022","Undeclared","Other ethnicity","South West (England)","Wiltshire","[c]","[c]","[c]","[c]"
"Leaver Dept.","2022","Undeclared","Other ethnicity","Unknown","Unknown","[c]","[c]","[c]","[c]"
"Leaver Dept.","2022","Undeclared","Other ethnicity","Wales","Bridgend and Neath Port Talbot","[c]","[c]","[c]","[c]"
"Leaver Dept.","2022","Undeclared","Other ethnicity","Wales","Cardiff and Vale of Glamorgan","[c]","[c]","[c]","[c]"
"Leaver Dept.","2022","Undeclared","Other ethnicity","Wales","Central Valleys","[c]","[c]","[c]","[c]"
"Leaver Dept.","2022","Undeclared","Other ethnicity","Wales","Conwy and Denbighshire","[c]","[c]","[c]","[c]"
"Leaver Dept.","2022","Undeclared","Other ethnicity","Wales","Flintshire and Wrexham","[c]","[c]","[c]","[c]"
"Leaver Dept.","2022","Undeclared","Other ethnicity","Wales","Gwent Valleys","[c]","[c]","[c]","[c]"
"Leaver Dept.","2022","Undeclared","Other ethnicity","Wales","Gwynedd","[c]","[c]","[c]","[c]"
"Leaver Dept.","2022","Undeclared","Other ethnicity","Wales","Isle of Anglesey","[c]","[c]","[c]","[c]"
"Leaver Dept.","2022","Undeclared","Other ethnicity","Wales","Monmouthshire and Newport","[c]","[c]","[c]","[c]"
"Leaver Dept.","2022","Undeclared","Other ethnicity","Wales","Powys","[c]","[c]","[c]","[c]"
"Leaver Dept.","2022","Undeclared","Other ethnicity","Wales","South West Wales","[c]","[c]","[c]","[c]"
"Leaver Dept.","2022","Undeclared","Other ethnicity","Wales","Swansea","[c]","[c]","[c]","[c]"
"Leaver Dept.","2022","Undeclared","Other ethnicity","West Midlands (England)","Birmingham","[c]","[c]","[c]","[c]"
"Leaver Dept.","2022","Undeclared","Other ethnicity","West Midlands (England)","Coventry","[c]","[c]","[c]","[c]"
"Leaver Dept.","2022","Undeclared","Other ethnicity","West Midlands (England)","Dudley","[c]","[c]","[c]","[c]"
"Leaver Dept.","2022","Undeclared","Other ethnicity","West Midlands (England)","Herefordshire, County of","[c]","[c]","[c]","[c]"
"Leaver Dept.","2022","Undeclared","Other ethnicity","West Midlands (England)","Sandwell","[c]","[c]","[c]","[c]"
"Leaver Dept.","2022","Undeclared","Other ethnicity","West Midlands (England)","Shropshire","[c]","[c]","[c]","[c]"
"Leaver Dept.","2022","Undeclared","Other ethnicity","West Midlands (England)","Solihull","[c]","[c]","[c]","[c]"
"Leaver Dept.","2022","Undeclared","Other ethnicity","West Midlands (England)","Staffordshire CC","[c]","[c]","[c]","[c]"
"Leaver Dept.","2022","Undeclared","Other ethnicity","West Midlands (England)","Stoke-on-Trent","[c]","[c]","[c]","[c]"
"Leaver Dept.","2022","Undeclared","Other ethnicity","West Midlands (England)","Telford and Wrekin","[c]","[c]","[c]","[c]"
"Leaver Dept.","2022","Undeclared","Other ethnicity","West Midlands (England)","Walsall","[c]","[c]","[c]","[c]"
"Leaver Dept.","2022","Undeclared","Other ethnicity","West Midlands (England)","Warwickshire CC","[c]","[c]","[c]","[c]"
"Leaver Dept.","2022","Undeclared","Other ethnicity","West Midlands (England)","Wolverhampton","[c]","[c]","[c]","[c]"
"Leaver Dept.","2022","Undeclared","Other ethnicity","West Midlands (England)","Worcestershire CC","[c]","[c]","[c]","[c]"
"Leaver Dept.","2022","Undeclared","Other ethnicity","Yorkshire and The Humber","Barnsley, Doncaster and Rotherham","[c]","[c]","[c]","[c]"
"Leaver Dept.","2022","Undeclared","Other ethnicity","Yorkshire and The Humber","Bradford","[c]","[c]","[c]","[c]"
"Leaver Dept.","2022","Undeclared","Other ethnicity","Yorkshire and The Humber","Calderdale and Kirklees","[c]","[c]","[c]","[c]"
"Leaver Dept.","2022","Undeclared","Other ethnicity","Yorkshire and The Humber","East Riding of Yorkshire","[c]","[c]","[c]","[c]"
"Leaver Dept.","2022","Undeclared","Other ethnicity","Yorkshire and The Humber","Kingston upon Hull, City of","[c]","[c]","[c]","[c]"
"Leaver Dept.","2022","Undeclared","Other ethnicity","Yorkshire and The Humber","Leeds","[c]","[c]","[c]","[c]"
"Leaver Dept.","2022","Undeclared","Other ethnicity","Yorkshire and The Humber","North and North East Lincolnshire","[c]","[c]","[c]","[c]"
"Leaver Dept.","2022","Undeclared","Other ethnicity","Yorkshire and The Humber","North Yorkshire CC","[c]","[c]","[c]","[c]"
"Leaver Dept.","2022","Undeclared","Other ethnicity","Yorkshire and The Humber","Sheffield","[c]","[c]","[c]","[c]"
"Leaver Dept.","2022","Undeclared","Other ethnicity","Yorkshire and The Humber","Wakefield","[c]","[c]","[c]","[c]"
"Leaver Dept.","2022","Undeclared","Other ethnicity","Yorkshire and The Humber","York","[c]","[c]","[c]","[c]"
"Leaver Dept.","2022","Undeclared","Undeclared","East Midlands (England)","Leicestershire CC and Rutland","[c]","[c]","[c]","[c]"
"Leaver Dept.","2022","Undeclared","Undeclared","East Midlands (England)","Lincolnshire CC","[c]","[c]","[c]","[c]"
"Leaver Dept.","2022","Undeclared","Undeclared","East Midlands (England)","Nottingham","5","[c]","[c]","[c]"
"Leaver Dept.","2022","Undeclared","Undeclared","East of England","Cambridgeshire CC","[c]","[c]","[c]","[c]"
"Leaver Dept.","2022","Undeclared","Undeclared","East of England","Hertfordshire CC","[c]","[c]","[c]","[c]"
"Leaver Dept.","2022","Undeclared","Undeclared","East of England","Norwich and East Norfolk","[c]","[c]","[c]","[c]"
"Leaver Dept.","2022","Undeclared","Undeclared","East of England","Peterborough","[c]","[c]","[c]","[c]"
"Leaver Dept.","2022","Undeclared","Undeclared","East of England","Suffolk CC","[c]","[c]","[c]","[c]"
"Leaver Dept.","2022","Undeclared","Undeclared","London","Barnet","[c]","[c]","[c]","[c]"
"Leaver Dept.","2022","Undeclared","Undeclared","London","Camden and City of London","[c]","[c]","[c]","[c]"
"Leaver Dept.","2022","Undeclared","Undeclared","London","Croydon","5","[c]","[c]","[c]"
"Leaver Dept.","2022","Undeclared","Undeclared","London","Harrow and Hillingdon","[c]","[c]","[c]","[c]"
"Leaver Dept.","2022","Undeclared","Undeclared","London","Lambeth","15","[c]","[c]","[c]"
"Leaver Dept.","2022","Undeclared","Undeclared","London","Lewisham and Southwark","[c]","[c]","[c]","[c]"
"Leaver Dept.","2022","Undeclared","Undeclared","London","Tower Hamlets","[c]","[c]","[c]","[c]"
"Leaver Dept.","2022","Undeclared","Undeclared","London","Westminster","75","[c]","46740","43360"
"Leaver Dept.","2022","Undeclared","Undeclared","North East (England)","Darlington","[c]","[c]","[c]","[c]"
"Leaver Dept.","2022","Undeclared","Undeclared","North East (England)","Durham","[c]","[c]","[c]","[c]"
"Leaver Dept.","2022","Undeclared","Undeclared","North East (England)","Hartlepool and Stockton-on-Tees","[c]","[c]","[c]","[c]"
"Leaver Dept.","2022","Undeclared","Undeclared","North East (England)","Sunderland","[c]","[c]","[c]","[c]"
"Leaver Dept.","2022","Undeclared","Undeclared","North East (England)","Tyneside","5","[c]","[c]","[c]"
"Leaver Dept.","2022","Undeclared","Undeclared","North West (England)","Blackpool","[c]","[c]","[c]","[c]"
"Leaver Dept.","2022","Undeclared","Undeclared","North West (England)","Greater Manchester South West","[c]","[c]","[c]","[c]"
"Leaver Dept.","2022","Undeclared","Undeclared","North West (England)","Lancaster and Wyre","[c]","[c]","[c]","[c]"
"Leaver Dept.","2022","Undeclared","Undeclared","North West (England)","Liverpool","5","[c]","[c]","[c]"
"Leaver Dept.","2022","Undeclared","Undeclared","North West (England)","Manchester","10","[c]","[c]","[c]"
"Leaver Dept.","2022","Undeclared","Undeclared","North West (England)","Mid Lancashire","[c]","[c]","[c]","[c]"
"Leaver Dept.","2022","Undeclared","Undeclared","North West (England)","Sefton","[c]","[c]","[c]","[c]"
"Leaver Dept.","2022","Undeclared","Undeclared","North West (England)","Warrington","[c]","[c]","[c]","[c]"
"Leaver Dept.","2022","Undeclared","Undeclared","Northern Ireland","Ards and North Down","[c]","[c]","[c]","[c]"
"Leaver Dept.","2022","Undeclared","Undeclared","Northern Ireland","Belfast","[c]","[c]","[c]","[c]"
"Leaver Dept.","2022","Undeclared","Undeclared","Scotland","Angus and Dundee City","[c]","[c]","[c]","[c]"
"Leaver Dept.","2022","Undeclared","Undeclared","Scotland","City of Edinburgh","[c]","[c]","[c]","[c]"
"Leaver Dept.","2022","Undeclared","Undeclared","South East (England)","Central Hampshire","[c]","[c]","[c]","[c]"
"Leaver Dept.","2022","Undeclared","Undeclared","South East (England)","East Kent","[c]","[c]","[c]","[c]"
"Leaver Dept.","2022","Undeclared","Undeclared","South East (England)","East Surrey","[c]","[c]","[c]","[c]"
"Leaver Dept.","2022","Undeclared","Undeclared","South East (England)","Medway","[c]","[c]","[c]","[c]"
"Leaver Dept.","2022","Undeclared","Undeclared","South East (England)","Milton Keynes","[c]","[c]","[c]","[c]"
"Leaver Dept.","2022","Undeclared","Undeclared","South East (England)","North Hampshire","[c]","[c]","[c]","[c]"
"Leaver Dept.","2022","Undeclared","Undeclared","South East (England)","Oxfordshire CC","[c]","[c]","[c]","[c]"
"Leaver Dept.","2022","Undeclared","Undeclared","South East (England)","South Hampshire","[c]","[c]","[c]","[c]"
"Leaver Dept.","2022","Undeclared","Undeclared","South West (England)","Bath and North East Somerset, North Somerset and South Gloucestershire","15","[c]","[c]","[c]"
"Leaver Dept.","2022","Undeclared","Undeclared","South West (England)","Bristol, City of","5","[c]","[c]","[c]"
"Leaver Dept.","2022","Undeclared","Undeclared","South West (England)","Cornwall and Isles of Scilly","[c]","[c]","[c]","[c]"
"Leaver Dept.","2022","Undeclared","Undeclared","South West (England)","Devon CC","[c]","[c]","[c]","[c]"
"Leaver Dept.","2022","Undeclared","Undeclared","South West (England)","Somerset CC","[c]","[c]","[c]","[c]"
"Leaver Dept.","2022","Undeclared","Undeclared","South West (England)","Wiltshire","[c]","[c]","[c]","[c]"
"Leaver Dept.","2022","Undeclared","Undeclared","Unknown","Unknown","5","[c]","[c]","[c]"
"Leaver Dept.","2022","Undeclared","Undeclared","Wales","Cardiff and Vale of Glamorgan","[c]","[c]","[c]","[c]"
"Leaver Dept.","2022","Undeclared","Undeclared","Wales","Central Valleys","[c]","[c]","[c]","[c]"
"Leaver Dept.","2022","Undeclared","Undeclared","Wales","Flintshire and Wrexham","[c]","[c]","[c]","[c]"
"Leaver Dept.","2022","Undeclared","Undeclared","Wales","Isle of Anglesey","[c]","[c]","[c]","[c]"
"Leaver Dept.","2022","Undeclared","Undeclared","Wales","Swansea","[c]","[c]","[c]","[c]"
"Leaver Dept.","2022","Undeclared","Undeclared","West Midlands (England)","Birmingham","10","[c]","[c]","[c]"
"Leaver Dept.","2022","Undeclared","Undeclared","West Midlands (England)","Worcestershire CC","[c]","[c]","[c]","[c]"
"Leaver Dept.","2022","Undeclared","Undeclared","Yorkshire and The Humber","Bradford","[c]","[c]","[c]","[c]"
"Leaver Dept.","2022","Undeclared","Undeclared","Yorkshire and The Humber","Leeds","5","[c]","[c]","[c]"
"Leaver Dept.","2022","Undeclared","Undeclared","Yorkshire and The Humber","Sheffield","[c]","[c]","[c]","[c]"
"Leaver Dept.","2022","Undeclared","Undeclared","Yorkshire and The Humber","York","[c]","[c]","[c]","[c]"
"Leaver Dept.","2022","Undeclared","Unknown","East of England","Hertfordshire CC","[c]","[c]","[c]","[c]"
"Leaver Dept.","2022","Undeclared","Unknown","East of England","Suffolk CC","[c]","[c]","[c]","[c]"
"Leaver Dept.","2022","Undeclared","Unknown","London","Lambeth","[c]","[c]","[c]","[c]"
"Leaver Dept.","2022","Undeclared","Unknown","London","Tower Hamlets","[c]","[c]","[c]","[c]"
"Leaver Dept.","2022","Undeclared","Unknown","London","Westminster","10","[c]","[c]","[c]"
"Leaver Dept.","2022","Undeclared","Unknown","North West (England)","Blackpool","[c]","[c]","[c]","[c]"
"Leaver Dept.","2022","Undeclared","Unknown","North West (England)","East Cumbria","[c]","[c]","[c]","[c]"
"Leaver Dept.","2022","Undeclared","Unknown","North West (England)","Greater Manchester South West","[c]","[c]","[c]","[c]"
"Leaver Dept.","2022","Undeclared","Unknown","North West (England)","Manchester","[c]","[c]","[c]","[c]"
"Leaver Dept.","2022","Undeclared","Unknown","Northern Ireland","Belfast","[c]","[c]","[c]","[c]"
"Leaver Dept.","2022","Undeclared","Unknown","South East (England)","Kent Thames Gateway","[c]","[c]","[c]","[c]"
"Leaver Dept.","2022","Undeclared","Unknown","South East (England)","Mid Kent","[c]","[c]","[c]","[c]"
"Leaver Dept.","2022","Undeclared","Unknown","South East (England)","West Surrey","[c]","[c]","[c]","[c]"
"Leaver Dept.","2022","Undeclared","Unknown","South West (England)","Bath and North East Somerset, North Somerset and South Gloucestershire","[c]","[c]","[c]","[c]"
"Leaver Dept.","2022","Undeclared","Unknown","South West (England)","Bristol, City of","[c]","[c]","[c]","[c]"
"Leaver Dept.","2022","Undeclared","Unknown","South West (England)","Somerset CC","[c]","[c]","[c]","[c]"
"Leaver Dept.","2022","Undeclared","Unknown","West Midlands (England)","Birmingham","[c]","[c]","[c]","[c]"
"Leaver Dept.","2022","Undeclared","Unknown","Yorkshire and The Humber","East Riding of Yorkshire","[c]","[c]","[c]","[c]"
"Leaver Dept.","2022","Undeclared","Unknown","Yorkshire and The Humber","Leeds","[c]","[c]","[c]","[c]"
"Leaver Dept.","2022","Undeclared","Unknown","Yorkshire and The Humber","Sheffield","[c]","[c]","[c]","[c]"
"Leaver Dept.","2022","Undeclared","Unknown","Yorkshire and The Humber","York","[c]","[c]","[c]","[c]"
"Leaver Dept.","2022","Undeclared","White","East Midlands (England)","Derby","[c]","[c]","[c]","[c]"
"Leaver Dept.","2022","Undeclared","White","East Midlands (England)","East Derbyshire","[c]","[c]","[c]","[c]"
"Leaver Dept.","2022","Undeclared","White","East Midlands (England)","Leicester","[c]","[c]","[c]","[c]"
"Leaver Dept.","2022","Undeclared","White","East Midlands (England)","Leicestershire CC and Rutland","[c]","[c]","[c]","[c]"
"Leaver Dept.","2022","Undeclared","White","East Midlands (England)","Lincolnshire CC","[c]","[c]","[c]","[c]"
"Leaver Dept.","2022","Undeclared","White","East Midlands (England)","North Northamptonshire","[c]","[c]","[c]","[c]"
"Leaver Dept.","2022","Undeclared","White","East Midlands (England)","North Nottinghamshire","[c]","[c]","[c]","[c]"
"Leaver Dept.","2022","Undeclared","White","East Midlands (England)","Nottingham","10","[c]","[c]","[c]"
"Leaver Dept.","2022","Undeclared","White","East Midlands (England)","South and West Derbyshire","[c]","[c]","[c]","[c]"
"Leaver Dept.","2022","Undeclared","White","East Midlands (England)","South Nottinghamshire","[c]","[c]","[c]","[c]"
"Leaver Dept.","2022","Undeclared","White","East Midlands (England)","West Northamptonshire","[c]","[c]","[c]","[c]"
"Leaver Dept.","2022","Undeclared","White","East of England","Bedford","[c]","[c]","[c]","[c]"
"Leaver Dept.","2022","Undeclared","White","East of England","Breckland and South Norfolk","[c]","[c]","[c]","[c]"
"Leaver Dept.","2022","Undeclared","White","East of England","Cambridgeshire CC","5","[c]","[c]","[c]"
"Leaver Dept.","2022","Undeclared","White","East of England","Central Bedfordshire","[c]","[c]","[c]","[c]"
"Leaver Dept.","2022","Undeclared","White","East of England","Essex Haven Gateway","[c]","[c]","[c]","[c]"
"Leaver Dept.","2022","Undeclared","White","East of England","Essex Thames Gateway","[c]","[c]","[c]","[c]"
"Leaver Dept.","2022","Undeclared","White","East of England","Heart of Essex","[c]","[c]","[c]","[c]"
"Leaver Dept.","2022","Undeclared","White","East of England","Hertfordshire CC","[c]","[c]","[c]","[c]"
"Leaver Dept.","2022","Undeclared","White","East of England","Luton","[c]","[c]","[c]","[c]"
"Leaver Dept.","2022","Undeclared","White","East of England","North and West Norfolk","[c]","[c]","[c]","[c]"
"Leaver Dept.","2022","Undeclared","White","East of England","Norwich and East Norfolk","[c]","[c]","[c]","[c]"
"Leaver Dept.","2022","Undeclared","White","East of England","Peterborough","[c]","[c]","[c]","[c]"
"Leaver Dept.","2022","Undeclared","White","East of England","Southend-on-Sea","[c]","[c]","[c]","[c]"
"Leaver Dept.","2022","Undeclared","White","East of England","Suffolk CC","[c]","[c]","[c]","[c]"
"Leaver Dept.","2022","Undeclared","White","East of England","Thurrock","[c]","[c]","[c]","[c]"
"Leaver Dept.","2022","Undeclared","White","East of England","West Essex","[c]","[c]","[c]","[c]"
"Leaver Dept.","2022","Undeclared","White","London","Barking & Dagenham and Havering","[c]","[c]","[c]","[c]"
"Leaver Dept.","2022","Undeclared","White","London","Barnet","[c]","[c]","[c]","[c]"
"Leaver Dept.","2022","Undeclared","White","London","Bexley and Greenwich","[c]","[c]","[c]","[c]"
"Leaver Dept.","2022","Undeclared","White","London","Brent","[c]","[c]","[c]","[c]"
"Leaver Dept.","2022","Undeclared","White","London","Bromley","[c]","[c]","[c]","[c]"
"Leaver Dept.","2022","Undeclared","White","London","Camden and City of London","[c]","[c]","[c]","[c]"
"Leaver Dept.","2022","Undeclared","White","London","Croydon","[c]","[c]","[c]","[c]"
"Leaver Dept.","2022","Undeclared","White","London","Ealing","[c]","[c]","[c]","[c]"
"Leaver Dept.","2022","Undeclared","White","London","Enfield","[c]","[c]","[c]","[c]"
"Leaver Dept.","2022","Undeclared","White","London","Hackney and Newham","[c]","[c]","[c]","[c]"
"Leaver Dept.","2022","Undeclared","White","London","Haringey and Islington","[c]","[c]","[c]","[c]"
"Leaver Dept.","2022","Undeclared","White","London","Harrow and Hillingdon","[c]","[c]","[c]","[c]"
"Leaver Dept.","2022","Undeclared","White","London","Hounslow and Richmond upon Thames","[c]","[c]","[c]","[c]"
"Leaver Dept.","2022","Undeclared","White","London","Kensington & Chelsea and Hammersmith & Fulham","[c]","[c]","[c]","[c]"
"Leaver Dept.","2022","Undeclared","White","London","Lambeth","10","[c]","[c]","[c]"
"Leaver Dept.","2022","Undeclared","White","London","Lewisham and Southwark","[c]","[c]","[c]","[c]"
"Leaver Dept.","2022","Undeclared","White","London","Merton, Kingston upon Thames and Sutton","[c]","[c]","[c]","[c]"
"Leaver Dept.","2022","Undeclared","White","London","Redbridge and Waltham Forest","[c]","[c]","[c]","[c]"
"Leaver Dept.","2022","Undeclared","White","London","Tower Hamlets","10","[c]","[c]","[c]"
"Leaver Dept.","2022","Undeclared","White","London","Wandsworth","[c]","[c]","[c]","[c]"
"Leaver Dept.","2022","Undeclared","White","London","Westminster","100","[c]","41780","37150"
"Leaver Dept.","2022","Undeclared","White","North East (England)","Darlington","[c]","[c]","[c]","[c]"
"Leaver Dept.","2022","Undeclared","White","North East (England)","Durham","5","[c]","[c]","[c]"
"Leaver Dept.","2022","Undeclared","White","North East (England)","Hartlepool and Stockton-on-Tees","[c]","[c]","[c]","[c]"
"Leaver Dept.","2022","Undeclared","White","North East (England)","Northumberland","[c]","[c]","[c]","[c]"
"Leaver Dept.","2022","Undeclared","White","North East (England)","South Teesside","[c]","[c]","[c]","[c]"
"Leaver Dept.","2022","Undeclared","White","North East (England)","Sunderland","5","[c]","[c]","[c]"
"Leaver Dept.","2022","Undeclared","White","North East (England)","Tyneside","20","[c]","[c]","[c]"
"Leaver Dept.","2022","Undeclared","White","North West (England)","Blackburn with Darwen","[c]","[c]","[c]","[c]"
"Leaver Dept.","2022","Undeclared","White","North West (England)","Blackpool","[c]","[c]","[c]","[c]"
"Leaver Dept.","2022","Undeclared","White","North West (England)","Cheshire East","[c]","[c]","[c]","[c]"
"Leaver Dept.","2022","Undeclared","White","North West (England)","Cheshire West and Chester","[c]","[c]","[c]","[c]"
"Leaver Dept.","2022","Undeclared","White","North West (England)","Chorley and West Lancashire","[c]","[c]","[c]","[c]"
"Leaver Dept.","2022","Undeclared","White","North West (England)","East Cumbria","[c]","[c]","[c]","[c]"
"Leaver Dept.","2022","Undeclared","White","North West (England)","East Lancashire","[c]","[c]","[c]","[c]"
"Leaver Dept.","2022","Undeclared","White","North West (England)","East Merseyside","[c]","[c]","[c]","[c]"
"Leaver Dept.","2022","Undeclared","White","North West (England)","Greater Manchester North East","[c]","[c]","[c]","[c]"
"Leaver Dept.","2022","Undeclared","White","North West (England)","Greater Manchester North West","[c]","[c]","[c]","[c]"
"Leaver Dept.","2022","Undeclared","White","North West (England)","Greater Manchester South East","5","[c]","[c]","[c]"
"Leaver Dept.","2022","Undeclared","White","North West (England)","Greater Manchester South West","[c]","[c]","[c]","[c]"
"Leaver Dept.","2022","Undeclared","White","North West (England)","Lancaster and Wyre","[c]","[c]","[c]","[c]"
"Leaver Dept.","2022","Undeclared","White","North West (England)","Liverpool","[c]","[c]","[c]","[c]"
"Leaver Dept.","2022","Undeclared","White","North West (England)","Manchester","[c]","[c]","[c]","[c]"
"Leaver Dept.","2022","Undeclared","White","North West (England)","Mid Lancashire","[c]","[c]","[c]","[c]"
"Leaver Dept.","2022","Undeclared","White","North West (England)","Sefton","[c]","[c]","[c]","[c]"
"Leaver Dept.","2022","Undeclared","White","North West (England)","Warrington","[c]","[c]","[c]","[c]"
"Leaver Dept.","2022","Undeclared","White","North West (England)","West Cumbria","[c]","[c]","[c]","[c]"
"Leaver Dept.","2022","Undeclared","White","North West (England)","Wirral","[c]","[c]","[c]","[c]"
"Leaver Dept.","2022","Undeclared","White","Northern Ireland","Ards and North Down","[c]","[c]","[c]","[c]"
"Leaver Dept.","2022","Undeclared","White","Northern Ireland","Belfast","[c]","[c]","[c]","[c]"
"Leaver Dept.","2022","Undeclared","White","Northern Ireland","Lisburn and Castlereagh","[c]","[c]","[c]","[c]"
"Leaver Dept.","2022","Undeclared","White","Overseas","Overseas","[c]","[c]","[c]","[c]"
"Leaver Dept.","2022","Undeclared","White","Scotland","Aberdeen City and Aberdeenshire","[c]","[c]","[c]","[c]"
"Leaver Dept.","2022","Undeclared","White","Scotland","Angus and Dundee City","5","[c]","[c]","[c]"
"Leaver Dept.","2022","Undeclared","White","Scotland","Caithness and Sutherland, and Ross and Cromarty","[c]","[c]","[c]","[c]"
"Leaver Dept.","2022","Undeclared","White","Scotland","City of Edinburgh","[c]","[c]","[c]","[c]"
"Leaver Dept.","2022","Undeclared","White","Scotland","Clackmannanshire and Fife","[c]","[c]","[c]","[c]"
"Leaver Dept.","2022","Undeclared","White","Scotland","Dumfries and Galloway","[c]","[c]","[c]","[c]"
"Leaver Dept.","2022","Undeclared","White","Scotland","East Ayrshire and North Ayrshire mainland","[c]","[c]","[c]","[c]"
"Leaver Dept.","2022","Undeclared","White","Scotland","East Dunbartonshire, West Dunbartonshire, and Helensburgh and Lomond","[c]","[c]","[c]","[c]"
"Leaver Dept.","2022","Undeclared","White","Scotland","East Lothian and Midlothian","[c]","[c]","[c]","[c]"
"Leaver Dept.","2022","Undeclared","White","Scotland","Falkirk","[c]","[c]","[c]","[c]"
"Leaver Dept.","2022","Undeclared","White","Scotland","Glasgow City","5","[c]","[c]","[c]"
"Leaver Dept.","2022","Undeclared","White","Scotland","Inverclyde, East Renfrewshire, and Renfrewshire","[c]","[c]","[c]","[c]"
"Leaver Dept.","2022","Undeclared","White","Scotland","Inverness and Nairn, Moray, and Badenoch and Strathspey","[c]","[c]","[c]","[c]"
"Leaver Dept.","2022","Undeclared","White","Scotland","Lochaber, Skye and Lochalsh, Arran and Cumbrae, and Argyll and Bute","[c]","[c]","[c]","[c]"
"Leaver Dept.","2022","Undeclared","White","Scotland","Na h-Eileanan Siar","[c]","[c]","[c]","[c]"
"Leaver Dept.","2022","Undeclared","White","Scotland","North Lanarkshire","[c]","[c]","[c]","[c]"
"Leaver Dept.","2022","Undeclared","White","Scotland","Orkney Islands","[c]","[c]","[c]","[c]"
"Leaver Dept.","2022","Undeclared","White","Scotland","Perth and Kinross, and Stirling","[c]","[c]","[c]","[c]"
"Leaver Dept.","2022","Undeclared","White","Scotland","Scottish Borders","[c]","[c]","[c]","[c]"
"Leaver Dept.","2022","Undeclared","White","Scotland","South Ayrshire","[c]","[c]","[c]","[c]"
"Leaver Dept.","2022","Undeclared","White","Scotland","South Lanarkshire","[c]","[c]","[c]","[c]"
"Leaver Dept.","2022","Undeclared","White","Scotland","West Lothian","[c]","[c]","[c]","[c]"
"Leaver Dept.","2022","Undeclared","White","South East (England)","Berkshire","[c]","[c]","[c]","[c]"
"Leaver Dept.","2022","Undeclared","White","South East (England)","Brighton and Hove","[c]","[c]","[c]","[c]"
"Leaver Dept.","2022","Undeclared","White","South East (England)","Buckinghamshire","[c]","[c]","[c]","[c]"
"Leaver Dept.","2022","Undeclared","White","South East (England)","Central Hampshire","[c]","[c]","[c]","[c]"
"Leaver Dept.","2022","Undeclared","White","South East (England)","East Kent","[c]","[c]","[c]","[c]"
"Leaver Dept.","2022","Undeclared","White","South East (England)","East Surrey","[c]","[c]","[c]","[c]"
"Leaver Dept.","2022","Undeclared","White","South East (England)","East Sussex CC","[c]","[c]","[c]","[c]"
"Leaver Dept.","2022","Undeclared","White","South East (England)","Isle of Wight","[c]","[c]","[c]","[c]"
"Leaver Dept.","2022","Undeclared","White","South East (England)","Kent Thames Gateway","[c]","[c]","[c]","[c]"
"Leaver Dept.","2022","Undeclared","White","South East (England)","Medway","[c]","[c]","[c]","[c]"
"Leaver Dept.","2022","Undeclared","White","South East (England)","Mid Kent","[c]","[c]","[c]","[c]"
"Leaver Dept.","2022","Undeclared","White","South East (England)","Milton Keynes","[c]","[c]","[c]","[c]"
"Leaver Dept.","2022","Undeclared","White","South East (England)","North Hampshire","[c]","[c]","[c]","[c]"
"Leaver Dept.","2022","Undeclared","White","South East (England)","Oxfordshire CC","5","[c]","[c]","[c]"
"Leaver Dept.","2022","Undeclared","White","South East (England)","Portsmouth","[c]","[c]","[c]","[c]"
"Leaver Dept.","2022","Undeclared","White","South East (England)","South Hampshire","20","[c]","[c]","[c]"
"Leaver Dept.","2022","Undeclared","White","South East (England)","Southampton","[c]","[c]","[c]","[c]"
"Leaver Dept.","2022","Undeclared","White","South East (England)","West Kent","[c]","[c]","[c]","[c]"
"Leaver Dept.","2022","Undeclared","White","South East (England)","West Surrey","[c]","[c]","[c]","[c]"
"Leaver Dept.","2022","Undeclared","White","South East (England)","West Sussex (North East)","[c]","[c]","[c]","[c]"
"Leaver Dept.","2022","Undeclared","White","South East (England)","West Sussex (South West)","[c]","[c]","[c]","[c]"
"Leaver Dept.","2022","Undeclared","White","South West (England)","Bath and North East Somerset, North Somerset and South Gloucestershire","10","[c]","[c]","[c]"
"Leaver Dept.","2022","Undeclared","White","South West (England)","Bournemouth, Christchurch and Poole","[c]","[c]","[c]","[c]"
"Leaver Dept.","2022","Undeclared","White","South West (England)","Bristol, City of","10","[c]","[c]","[c]"
"Leaver Dept.","2022","Undeclared","White","South West (England)","Cornwall and Isles of Scilly","[c]","[c]","[c]","[c]"
"Leaver Dept.","2022","Undeclared","White","South West (England)","Devon CC","5","[c]","[c]","[c]"
"Leaver Dept.","2022","Undeclared","White","South West (England)","Dorset","[c]","[c]","[c]","[c]"
"Leaver Dept.","2022","Undeclared","White","South West (England)","Gloucestershire CC","[c]","[c]","[c]","[c]"
"Leaver Dept.","2022","Undeclared","White","South West (England)","Plymouth","[c]","[c]","[c]","[c]"
"Leaver Dept.","2022","Undeclared","White","South West (England)","Somerset CC","[c]","[c]","[c]","[c]"
"Leaver Dept.","2022","Undeclared","White","South West (England)","Swindon","[c]","[c]","[c]","[c]"
"Leaver Dept.","2022","Undeclared","White","South West (England)","Torbay","[c]","[c]","[c]","[c]"
"Leaver Dept.","2022","Undeclared","White","South West (England)","Wiltshire","5","[c]","[c]","[c]"
"Leaver Dept.","2022","Undeclared","White","Unknown","Unknown","5","[c]","[c]","[c]"
"Leaver Dept.","2022","Undeclared","White","Wales","Bridgend and Neath Port Talbot","[c]","[c]","[c]","[c]"
"Leaver Dept.","2022","Undeclared","White","Wales","Cardiff and Vale of Glamorgan","10","[c]","[c]","[c]"
"Leaver Dept.","2022","Undeclared","White","Wales","Central Valleys","[c]","[c]","[c]","[c]"
"Leaver Dept.","2022","Undeclared","White","Wales","Conwy and Denbighshire","[c]","[c]","[c]","[c]"
"Leaver Dept.","2022","Undeclared","White","Wales","Flintshire and Wrexham","[c]","[c]","[c]","[c]"
"Leaver Dept.","2022","Undeclared","White","Wales","Gwent Valleys","[c]","[c]","[c]","[c]"
"Leaver Dept.","2022","Undeclared","White","Wales","Gwynedd","[c]","[c]","[c]","[c]"
"Leaver Dept.","2022","Undeclared","White","Wales","Isle of Anglesey","[c]","[c]","[c]","[c]"
"Leaver Dept.","2022","Undeclared","White","Wales","Monmouthshire and Newport","20","[c]","[c]","[c]"
"Leaver Dept.","2022","Undeclared","White","Wales","Powys","[c]","[c]","[c]","[c]"
"Leaver Dept.","2022","Undeclared","White","Wales","South West Wales","[c]","[c]","[c]","[c]"
"Leaver Dept.","2022","Undeclared","White","Wales","Swansea","[c]","[c]","[c]","[c]"
"Leaver Dept.","2022","Undeclared","White","West Midlands (England)","Birmingham","10","[c]","[c]","[c]"
"Leaver Dept.","2022","Undeclared","White","West Midlands (England)","Coventry","[c]","[c]","[c]","[c]"
"Leaver Dept.","2022","Undeclared","White","West Midlands (England)","Dudley","[c]","[c]","[c]","[c]"
"Leaver Dept.","2022","Undeclared","White","West Midlands (England)","Herefordshire, County of","[c]","[c]","[c]","[c]"
"Leaver Dept.","2022","Undeclared","White","West Midlands (England)","Sandwell","[c]","[c]","[c]","[c]"
"Leaver Dept.","2022","Undeclared","White","West Midlands (England)","Shropshire","[c]","[c]","[c]","[c]"
"Leaver Dept.","2022","Undeclared","White","West Midlands (England)","Solihull","[c]","[c]","[c]","[c]"
"Leaver Dept.","2022","Undeclared","White","West Midlands (England)","Staffordshire CC","5","[c]","[c]","[c]"
"Leaver Dept.","2022","Undeclared","White","West Midlands (England)","Stoke-on-Trent","[c]","[c]","[c]","[c]"
"Leaver Dept.","2022","Undeclared","White","West Midlands (England)","Telford and Wrekin","[c]","[c]","[c]","[c]"
"Leaver Dept.","2022","Undeclared","White","West Midlands (England)","Walsall","[c]","[c]","[c]","[c]"
"Leaver Dept.","2022","Undeclared","White","West Midlands (England)","Warwickshire CC","[c]","[c]","[c]","[c]"
"Leaver Dept.","2022","Undeclared","White","West Midlands (England)","Wolverhampton","[c]","[c]","[c]","[c]"
"Leaver Dept.","2022","Undeclared","White","West Midlands (England)","Worcestershire CC","[c]","[c]","[c]","[c]"
"Leaver Dept.","2022","Undeclared","White","Yorkshire and The Humber","Barnsley, Doncaster and Rotherham","[c]","[c]","[c]","[c]"
"Leaver Dept.","2022","Undeclared","White","Yorkshire and The Humber","Bradford","[c]","[c]","[c]","[c]"
"Leaver Dept.","2022","Undeclared","White","Yorkshire and The Humber","Calderdale and Kirklees","[c]","[c]","[c]","[c]"
"Leaver Dept.","2022","Undeclared","White","Yorkshire and The Humber","East Riding of Yorkshire","[c]","[c]","[c]","[c]"
"Leaver Dept.","2022","Undeclared","White","Yorkshire and The Humber","Kingston upon Hull, City of","[c]","[c]","[c]","[c]"
"Leaver Dept.","2022","Undeclared","White","Yorkshire and The Humber","Leeds","10","[c]","[c]","[c]"
"Leaver Dept.","2022","Undeclared","White","Yorkshire and The Humber","North and North East Lincolnshire","[c]","[c]","[c]","[c]"
"Leaver Dept.","2022","Undeclared","White","Yorkshire and The Humber","North Yorkshire CC","[c]","[c]","[c]","[c]"
"Leaver Dept.","2022","Undeclared","White","Yorkshire and The Humber","Sheffield","10","[c]","[c]","[c]"
"Leaver Dept.","2022","Undeclared","White","Yorkshire and The Humber","Wakefield","[c]","[c]","[c]","[c]"
"Leaver Dept.","2022","Undeclared","White","Yorkshire and The Humber","York","[c]","[c]","[c]","[c]"
"Leaver Dept.","2022","Unknown","Asian","East Midlands (England)","Derby","[c]","[c]","[c]","[c]"
"Leaver Dept.","2022","Unknown","Asian","East Midlands (England)","East Derbyshire","[c]","[c]","[c]","[c]"
"Leaver Dept.","2022","Unknown","Asian","East Midlands (England)","Leicester","[c]","[c]","[c]","[c]"
"Leaver Dept.","2022","Unknown","Asian","East Midlands (England)","Leicestershire CC and Rutland","[c]","[c]","[c]","[c]"
"Leaver Dept.","2022","Unknown","Asian","East Midlands (England)","Lincolnshire CC","[c]","[c]","[c]","[c]"
"Leaver Dept.","2022","Unknown","Asian","East Midlands (England)","North Northamptonshire","[c]","[c]","[c]","[c]"
"Leaver Dept.","2022","Unknown","Asian","East Midlands (England)","North Nottinghamshire","[c]","[c]","[c]","[c]"
"Leaver Dept.","2022","Unknown","Asian","East Midlands (England)","Nottingham","[c]","[c]","[c]","[c]"
"Leaver Dept.","2022","Unknown","Asian","East Midlands (England)","South and West Derbyshire","[c]","[c]","[c]","[c]"
"Leaver Dept.","2022","Unknown","Asian","East Midlands (England)","South Nottinghamshire","[c]","[c]","[c]","[c]"
"Leaver Dept.","2022","Unknown","Asian","East Midlands (England)","West Northamptonshire","[c]","[c]","[c]","[c]"
"Leaver Dept.","2022","Unknown","Asian","East of England","Bedford","[c]","[c]","[c]","[c]"
"Leaver Dept.","2022","Unknown","Asian","East of England","Breckland and South Norfolk","[c]","[c]","[c]","[c]"
"Leaver Dept.","2022","Unknown","Asian","East of England","Cambridgeshire CC","5","[c]","[c]","[c]"
"Leaver Dept.","2022","Unknown","Asian","East of England","Central Bedfordshire","[c]","[c]","[c]","[c]"
"Leaver Dept.","2022","Unknown","Asian","East of England","Essex Haven Gateway","[c]","[c]","[c]","[c]"
"Leaver Dept.","2022","Unknown","Asian","East of England","Essex Thames Gateway","[c]","[c]","[c]","[c]"
"Leaver Dept.","2022","Unknown","Asian","East of England","Heart of Essex","[c]","[c]","[c]","[c]"
"Leaver Dept.","2022","Unknown","Asian","East of England","Hertfordshire CC","[c]","[c]","[c]","[c]"
"Leaver Dept.","2022","Unknown","Asian","East of England","Luton","[c]","[c]","[c]","[c]"
"Leaver Dept.","2022","Unknown","Asian","East of England","North and West Norfolk","[c]","[c]","[c]","[c]"
"Leaver Dept.","2022","Unknown","Asian","East of England","Norwich and East Norfolk","[c]","[c]","[c]","[c]"
"Leaver Dept.","2022","Unknown","Asian","East of England","Peterborough","[c]","[c]","[c]","[c]"
"Leaver Dept.","2022","Unknown","Asian","East of England","Southend-on-Sea","[c]","[c]","[c]","[c]"
"Leaver Dept.","2022","Unknown","Asian","East of England","Suffolk CC","[c]","[c]","[c]","[c]"
"Leaver Dept.","2022","Unknown","Asian","East of England","Thurrock","[c]","[c]","[c]","[c]"
"Leaver Dept.","2022","Unknown","Asian","East of England","West Essex","5","[c]","[c]","[c]"
"Leaver Dept.","2022","Unknown","Asian","London","Barking & Dagenham and Havering","[c]","[c]","[c]","[c]"
"Leaver Dept.","2022","Unknown","Asian","London","Barnet","90","[c]","46180","40070"
"Leaver Dept.","2022","Unknown","Asian","London","Bexley and Greenwich","[c]","[c]","[c]","[c]"
"Leaver Dept.","2022","Unknown","Asian","London","Brent","[c]","[c]","[c]","[c]"
"Leaver Dept.","2022","Unknown","Asian","London","Bromley","[c]","[c]","[c]","[c]"
"Leaver Dept.","2022","Unknown","Asian","London","Camden and City of London","[c]","[c]","[c]","[c]"
"Leaver Dept.","2022","Unknown","Asian","London","Croydon","[c]","[c]","[c]","[c]"
"Leaver Dept.","2022","Unknown","Asian","London","Ealing","[c]","[c]","[c]","[c]"
"Leaver Dept.","2022","Unknown","Asian","London","Enfield","[c]","[c]","[c]","[c]"
"Leaver Dept.","2022","Unknown","Asian","London","Hackney and Newham","[c]","[c]","[c]","[c]"
"Leaver Dept.","2022","Unknown","Asian","London","Haringey and Islington","[c]","[c]","[c]","[c]"
"Leaver Dept.","2022","Unknown","Asian","London","Harrow and Hillingdon","[c]","[c]","[c]","[c]"
"Leaver Dept.","2022","Unknown","Asian","London","Hounslow and Richmond upon Thames","[c]","[c]","[c]","[c]"
"Leaver Dept.","2022","Unknown","Asian","London","Kensington & Chelsea and Hammersmith & Fulham","[c]","[c]","[c]","[c]"
"Leaver Dept.","2022","Unknown","Asian","London","Lambeth","35","[c]","57480","52610"
"Leaver Dept.","2022","Unknown","Asian","London","Lewisham and Southwark","[c]","[c]","[c]","[c]"
"Leaver Dept.","2022","Unknown","Asian","London","Merton, Kingston upon Thames and Sutton","[c]","[c]","[c]","[c]"
"Leaver Dept.","2022","Unknown","Asian","London","Redbridge and Waltham Forest","[c]","[c]","[c]","[c]"
"Leaver Dept.","2022","Unknown","Asian","London","Tower Hamlets","5","[c]","[c]","[c]"
"Leaver Dept.","2022","Unknown","Asian","London","Wandsworth","[c]","[c]","[c]","[c]"
"Leaver Dept.","2022","Unknown","Asian","London","Westminster","60","[c]","41750","36650"
"Leaver Dept.","2022","Unknown","Asian","North East (England)","Darlington","[c]","[c]","[c]","[c]"
"Leaver Dept.","2022","Unknown","Asian","North East (England)","Durham","[c]","[c]","[c]","[c]"
"Leaver Dept.","2022","Unknown","Asian","North East (England)","Hartlepool and Stockton-on-Tees","[c]","[c]","[c]","[c]"
"Leaver Dept.","2022","Unknown","Asian","North East (England)","Northumberland","[c]","[c]","[c]","[c]"
"Leaver Dept.","2022","Unknown","Asian","North East (England)","South Teesside","[c]","[c]","[c]","[c]"
"Leaver Dept.","2022","Unknown","Asian","North East (England)","Sunderland","[c]","[c]","[c]","[c]"
"Leaver Dept.","2022","Unknown","Asian","North East (England)","Tyneside","[c]","[c]","[c]","[c]"
"Leaver Dept.","2022","Unknown","Asian","North West (England)","Blackburn with Darwen","[c]","[c]","[c]","[c]"
"Leaver Dept.","2022","Unknown","Asian","North West (England)","Blackpool","[c]","[c]","[c]","[c]"
"Leaver Dept.","2022","Unknown","Asian","North West (England)","Cheshire East","[c]","[c]","[c]","[c]"
"Leaver Dept.","2022","Unknown","Asian","North West (England)","Cheshire West and Chester","[c]","[c]","[c]","[c]"
"Leaver Dept.","2022","Unknown","Asian","North West (England)","Chorley and West Lancashire","[c]","[c]","[c]","[c]"
"Leaver Dept.","2022","Unknown","Asian","North West (England)","East Cumbria","[c]","[c]","[c]","[c]"
"Leaver Dept.","2022","Unknown","Asian","North West (England)","East Lancashire","[c]","[c]","[c]","[c]"
"Leaver Dept.","2022","Unknown","Asian","North West (England)","East Merseyside","[c]","[c]","[c]","[c]"
"Leaver Dept.","2022","Unknown","Asian","North West (England)","Greater Manchester North East","[c]","[c]","[c]","[c]"
"Leaver Dept.","2022","Unknown","Asian","North West (England)","Greater Manchester North West","[c]","[c]","[c]","[c]"
"Leaver Dept.","2022","Unknown","Asian","North West (England)","Greater Manchester South East","[c]","[c]","[c]","[c]"
"Leaver Dept.","2022","Unknown","Asian","North West (England)","Greater Manchester South West","[c]","[c]","[c]","[c]"
"Leaver Dept.","2022","Unknown","Asian","North West (England)","Lancaster and Wyre","[c]","[c]","[c]","[c]"
"Leaver Dept.","2022","Unknown","Asian","North West (England)","Liverpool","[c]","[c]","[c]","[c]"
"Leaver Dept.","2022","Unknown","Asian","North West (England)","Manchester","10","[c]","[c]","[c]"
"Leaver Dept.","2022","Unknown","Asian","North West (England)","Mid Lancashire","[c]","[c]","[c]","[c]"
"Leaver Dept.","2022","Unknown","Asian","North West (England)","Sefton","[c]","[c]","[c]","[c]"
"Leaver Dept.","2022","Unknown","Asian","North West (England)","Warrington","[c]","[c]","[c]","[c]"
"Leaver Dept.","2022","Unknown","Asian","North West (England)","West Cumbria","[c]","[c]","[c]","[c]"
"Leaver Dept.","2022","Unknown","Asian","North West (England)","Wirral","[c]","[c]","[c]","[c]"
"Leaver Dept.","2022","Unknown","Asian","Northern Ireland","Ards and North Down","[c]","[c]","[c]","[c]"
"Leaver Dept.","2022","Unknown","Asian","Northern Ireland","Belfast","[c]","[c]","[c]","[c]"
"Leaver Dept.","2022","Unknown","Asian","Northern Ireland","Lisburn and Castlereagh","[c]","[c]","[c]","[c]"
"Leaver Dept.","2022","Unknown","Asian","Overseas","Overseas","[c]","[c]","[c]","[c]"
"Leaver Dept.","2022","Unknown","Asian","Scotland","Aberdeen City and Aberdeenshire","[c]","[c]","[c]","[c]"
"Leaver Dept.","2022","Unknown","Asian","Scotland","Angus and Dundee City","[c]","[c]","[c]","[c]"
"Leaver Dept.","2022","Unknown","Asian","Scotland","Caithness and Sutherland, and Ross and Cromarty","[c]","[c]","[c]","[c]"
"Leaver Dept.","2022","Unknown","Asian","Scotland","City of Edinburgh","[c]","[c]","[c]","[c]"
"Leaver Dept.","2022","Unknown","Asian","Scotland","Clackmannanshire and Fife","[c]","[c]","[c]","[c]"
"Leaver Dept.","2022","Unknown","Asian","Scotland","Dumfries and Galloway","[c]","[c]","[c]","[c]"
"Leaver Dept.","2022","Unknown","Asian","Scotland","East Ayrshire and North Ayrshire mainland","[c]","[c]","[c]","[c]"
"Leaver Dept.","2022","Unknown","Asian","Scotland","East Dunbartonshire, West Dunbartonshire, and Helensburgh and Lomond","[c]","[c]","[c]","[c]"
"Leaver Dept.","2022","Unknown","Asian","Scotland","East Lothian and Midlothian","[c]","[c]","[c]","[c]"
"Leaver Dept.","2022","Unknown","Asian","Scotland","Falkirk","[c]","[c]","[c]","[c]"
"Leaver Dept.","2022","Unknown","Asian","Scotland","Glasgow City","[c]","[c]","[c]","[c]"
"Leaver Dept.","2022","Unknown","Asian","Scotland","Inverclyde, East Renfrewshire, and Renfrewshire","[c]","[c]","[c]","[c]"
"Leaver Dept.","2022","Unknown","Asian","Scotland","Inverness and Nairn, Moray, and Badenoch and Strathspey","[c]","[c]","[c]","[c]"
"Leaver Dept.","2022","Unknown","Asian","Scotland","Lochaber, Skye and Lochalsh, Arran and Cumbrae, and Argyll and Bute","[c]","[c]","[c]","[c]"
"Leaver Dept.","2022","Unknown","Asian","Scotland","Na h-Eileanan Siar","[c]","[c]","[c]","[c]"
"Leaver Dept.","2022","Unknown","Asian","Scotland","North Lanarkshire","[c]","[c]","[c]","[c]"
"Leaver Dept.","2022","Unknown","Asian","Scotland","Orkney Islands","[c]","[c]","[c]","[c]"
"Leaver Dept.","2022","Unknown","Asian","Scotland","Perth and Kinross, and Stirling","[c]","[c]","[c]","[c]"
"Leaver Dept.","2022","Unknown","Asian","Scotland","Scottish Borders","[c]","[c]","[c]","[c]"
"Leaver Dept.","2022","Unknown","Asian","Scotland","South Ayrshire","[c]","[c]","[c]","[c]"
"Leaver Dept.","2022","Unknown","Asian","Scotland","South Lanarkshire","[c]","[c]","[c]","[c]"
"Leaver Dept.","2022","Unknown","Asian","Scotland","West Lothian","[c]","[c]","[c]","[c]"
"Leaver Dept.","2022","Unknown","Asian","South East (England)","Berkshire","[c]","[c]","[c]","[c]"
"Leaver Dept.","2022","Unknown","Asian","South East (England)","Brighton and Hove","[c]","[c]","[c]","[c]"
"Leaver Dept.","2022","Unknown","Asian","South East (England)","Buckinghamshire","[c]","[c]","[c]","[c]"
"Leaver Dept.","2022","Unknown","Asian","South East (England)","Central Hampshire","[c]","[c]","[c]","[c]"
"Leaver Dept.","2022","Unknown","Asian","South East (England)","East Kent","[c]","[c]","[c]","[c]"
"Leaver Dept.","2022","Unknown","Asian","South East (England)","East Surrey","[c]","[c]","[c]","[c]"
"Leaver Dept.","2022","Unknown","Asian","South East (England)","East Sussex CC","[c]","[c]","[c]","[c]"
"Leaver Dept.","2022","Unknown","Asian","South East (England)","Isle of Wight","[c]","[c]","[c]","[c]"
"Leaver Dept.","2022","Unknown","Asian","South East (England)","Kent Thames Gateway","[c]","[c]","[c]","[c]"
"Leaver Dept.","2022","Unknown","Asian","South East (England)","Medway","[c]","[c]","[c]","[c]"
"Leaver Dept.","2022","Unknown","Asian","South East (England)","Mid Kent","[c]","[c]","[c]","[c]"
"Leaver Dept.","2022","Unknown","Asian","South East (England)","Milton Keynes","[c]","[c]","[c]","[c]"
"Leaver Dept.","2022","Unknown","Asian","South East (England)","North Hampshire","[c]","[c]","[c]","[c]"
"Leaver Dept.","2022","Unknown","Asian","South East (England)","Oxfordshire CC","10","[c]","[c]","[c]"
"Leaver Dept.","2022","Unknown","Asian","South East (England)","Portsmouth","[c]","[c]","[c]","[c]"
"Leaver Dept.","2022","Unknown","Asian","South East (England)","South Hampshire","[c]","[c]","[c]","[c]"
"Leaver Dept.","2022","Unknown","Asian","South East (England)","Southampton","[c]","[c]","[c]","[c]"
"Leaver Dept.","2022","Unknown","Asian","South East (England)","West Kent","[c]","[c]","[c]","[c]"
"Leaver Dept.","2022","Unknown","Asian","South East (England)","West Surrey","[c]","[c]","[c]","[c]"
"Leaver Dept.","2022","Unknown","Asian","South East (England)","West Sussex (North East)","[c]","[c]","[c]","[c]"
"Leaver Dept.","2022","Unknown","Asian","South East (England)","West Sussex (South West)","[c]","[c]","[c]","[c]"
"Leaver Dept.","2022","Unknown","Asian","South West (England)","Bath and North East Somerset, North Somerset and South Gloucestershire","[c]","[c]","[c]","[c]"
"Leaver Dept.","2022","Unknown","Asian","South West (England)","Bournemouth, Christchurch and Poole","[c]","[c]","[c]","[c]"
"Leaver Dept.","2022","Unknown","Asian","South West (England)","Bristol, City of","5","[c]","[c]","[c]"
"Leaver Dept.","2022","Unknown","Asian","South West (England)","Cornwall and Isles of Scilly","[c]","[c]","[c]","[c]"
"Leaver Dept.","2022","Unknown","Asian","South West (England)","Devon CC","[c]","[c]","[c]","[c]"
"Leaver Dept.","2022","Unknown","Asian","South West (England)","Dorset","[c]","[c]","[c]","[c]"
"Leaver Dept.","2022","Unknown","Asian","South West (England)","Gloucestershire CC","[c]","[c]","[c]","[c]"
"Leaver Dept.","2022","Unknown","Asian","South West (England)","Plymouth","[c]","[c]","[c]","[c]"
"Leaver Dept.","2022","Unknown","Asian","South West (England)","Somerset CC","[c]","[c]","[c]","[c]"
"Leaver Dept.","2022","Unknown","Asian","South West (England)","Swindon","[c]","[c]","[c]","[c]"
"Leaver Dept.","2022","Unknown","Asian","South West (England)","Torbay","[c]","[c]","[c]","[c]"
"Leaver Dept.","2022","Unknown","Asian","South West (England)","Wiltshire","[c]","[c]","[c]","[c]"
"Leaver Dept.","2022","Unknown","Asian","Unknown","Unknown","5","[c]","[c]","[c]"
"Leaver Dept.","2022","Unknown","Asian","Wales","Bridgend and Neath Port Talbot","[c]","[c]","[c]","[c]"
"Leaver Dept.","2022","Unknown","Asian","Wales","Cardiff and Vale of Glamorgan","[c]","[c]","[c]","[c]"
"Leaver Dept.","2022","Unknown","Asian","Wales","Central Valleys","[c]","[c]","[c]","[c]"
"Leaver Dept.","2022","Unknown","Asian","Wales","Conwy and Denbighshire","[c]","[c]","[c]","[c]"
"Leaver Dept.","2022","Unknown","Asian","Wales","Flintshire and Wrexham","[c]","[c]","[c]","[c]"
"Leaver Dept.","2022","Unknown","Asian","Wales","Gwent Valleys","[c]","[c]","[c]","[c]"
"Leaver Dept.","2022","Unknown","Asian","Wales","Gwynedd","[c]","[c]","[c]","[c]"
"Leaver Dept.","2022","Unknown","Asian","Wales","Isle of Anglesey","[c]","[c]","[c]","[c]"
"Leaver Dept.","2022","Unknown","Asian","Wales","Monmouthshire and Newport","[c]","[c]","[c]","[c]"
"Leaver Dept.","2022","Unknown","Asian","Wales","Powys","[c]","[c]","[c]","[c]"
"Leaver Dept.","2022","Unknown","Asian","Wales","South West Wales","[c]","[c]","[c]","[c]"
"Leaver Dept.","2022","Unknown","Asian","Wales","Swansea","[c]","[c]","[c]","[c]"
"Leaver Dept.","2022","Unknown","Asian","West Midlands (England)","Birmingham","15","[c]","[c]","[c]"
"Leaver Dept.","2022","Unknown","Asian","West Midlands (England)","Coventry","5","[c]","[c]","[c]"
"Leaver Dept.","2022","Unknown","Asian","West Midlands (England)","Dudley","[c]","[c]","[c]","[c]"
"Leaver Dept.","2022","Unknown","Asian","West Midlands (England)","Herefordshire, County of","[c]","[c]","[c]","[c]"
"Leaver Dept.","2022","Unknown","Asian","West Midlands (England)","Sandwell","[c]","[c]","[c]","[c]"
"Leaver Dept.","2022","Unknown","Asian","West Midlands (England)","Shropshire","[c]","[c]","[c]","[c]"
"Leaver Dept.","2022","Unknown","Asian","West Midlands (England)","Solihull","[c]","[c]","[c]","[c]"
"Leaver Dept.","2022","Unknown","Asian","West Midlands (England)","Staffordshire CC","[c]","[c]","[c]","[c]"
"Leaver Dept.","2022","Unknown","Asian","West Midlands (England)","Stoke-on-Trent","[c]","[c]","[c]","[c]"
"Leaver Dept.","2022","Unknown","Asian","West Midlands (England)","Telford and Wrekin","[c]","[c]","[c]","[c]"
"Leaver Dept.","2022","Unknown","Asian","West Midlands (England)","Walsall","[c]","[c]","[c]","[c]"
"Leaver Dept.","2022","Unknown","Asian","West Midlands (England)","Warwickshire CC","[c]","[c]","[c]","[c]"
"Leaver Dept.","2022","Unknown","Asian","West Midlands (England)","Wolverhampton","[c]","[c]","[c]","[c]"
"Leaver Dept.","2022","Unknown","Asian","West Midlands (England)","Worcestershire CC","[c]","[c]","[c]","[c]"
"Leaver Dept.","2022","Unknown","Asian","Yorkshire and The Humber","Barnsley, Doncaster and Rotherham","[c]","[c]","[c]","[c]"
"Leaver Dept.","2022","Unknown","Asian","Yorkshire and The Humber","Bradford","[c]","[c]","[c]","[c]"
"Leaver Dept.","2022","Unknown","Asian","Yorkshire and The Humber","Calderdale and Kirklees","[c]","[c]","[c]","[c]"
"Leaver Dept.","2022","Unknown","Asian","Yorkshire and The Humber","East Riding of Yorkshire","[c]","[c]","[c]","[c]"
"Leaver Dept.","2022","Unknown","Asian","Yorkshire and The Humber","Kingston upon Hull, City of","[c]","[c]","[c]","[c]"
"Leaver Dept.","2022","Unknown","Asian","Yorkshire and The Humber","Leeds","5","[c]","[c]","[c]"
"Leaver Dept.","2022","Unknown","Asian","Yorkshire and The Humber","North and North East Lincolnshire","[c]","[c]","[c]","[c]"
"Leaver Dept.","2022","Unknown","Asian","Yorkshire and The Humber","North Yorkshire CC","[c]","[c]","[c]","[c]"
"Leaver Dept.","2022","Unknown","Asian","Yorkshire and The Humber","Sheffield","[c]","[c]","[c]","[c]"
"Leaver Dept.","2022","Unknown","Asian","Yorkshire and The Humber","Wakefield","[c]","[c]","[c]","[c]"
"Leaver Dept.","2022","Unknown","Asian","Yorkshire and The Humber","York","[c]","[c]","[c]","[c]"
"Leaver Dept.","2022","Unknown","Black","East Midlands (England)","Derby","[c]","[c]","[c]","[c]"
"Leaver Dept.","2022","Unknown","Black","East Midlands (England)","East Derbyshire","[c]","[c]","[c]","[c]"
"Leaver Dept.","2022","Unknown","Black","East Midlands (England)","Leicester","[c]","[c]","[c]","[c]"
"Leaver Dept.","2022","Unknown","Black","East Midlands (England)","Leicestershire CC and Rutland","[c]","[c]","[c]","[c]"
"Leaver Dept.","2022","Unknown","Black","East Midlands (England)","Lincolnshire CC","[c]","[c]","[c]","[c]"
"Leaver Dept.","2022","Unknown","Black","East Midlands (England)","North Northamptonshire","[c]","[c]","[c]","[c]"
"Leaver Dept.","2022","Unknown","Black","East Midlands (England)","North Nottinghamshire","[c]","[c]","[c]","[c]"
"Leaver Dept.","2022","Unknown","Black","East Midlands (England)","Nottingham","[c]","[c]","[c]","[c]"
"Leaver Dept.","2022","Unknown","Black","East Midlands (England)","South and West Derbyshire","[c]","[c]","[c]","[c]"
"Leaver Dept.","2022","Unknown","Black","East Midlands (England)","South Nottinghamshire","[c]","[c]","[c]","[c]"
"Leaver Dept.","2022","Unknown","Black","East Midlands (England)","West Northamptonshire","[c]","[c]","[c]","[c]"
"Leaver Dept.","2022","Unknown","Black","East of England","Bedford","[c]","[c]","[c]","[c]"
"Leaver Dept.","2022","Unknown","Black","East of England","Breckland and South Norfolk","[c]","[c]","[c]","[c]"
"Leaver Dept.","2022","Unknown","Black","East of England","Cambridgeshire CC","[c]","[c]","[c]","[c]"
"Leaver Dept.","2022","Unknown","Black","East of England","Central Bedfordshire","[c]","[c]","[c]","[c]"
"Leaver Dept.","2022","Unknown","Black","East of England","Essex Haven Gateway","[c]","[c]","[c]","[c]"
"Leaver Dept.","2022","Unknown","Black","East of England","Essex Thames Gateway","[c]","[c]","[c]","[c]"
"Leaver Dept.","2022","Unknown","Black","East of England","Heart of Essex","[c]","[c]","[c]","[c]"
"Leaver Dept.","2022","Unknown","Black","East of England","Hertfordshire CC","[c]","[c]","[c]","[c]"
"Leaver Dept.","2022","Unknown","Black","East of England","Luton","[c]","[c]","[c]","[c]"
"Leaver Dept.","2022","Unknown","Black","East of England","North and West Norfolk","[c]","[c]","[c]","[c]"
"Leaver Dept.","2022","Unknown","Black","East of England","Norwich and East Norfolk","[c]","[c]","[c]","[c]"
"Leaver Dept.","2022","Unknown","Black","East of England","Peterborough","[c]","[c]","[c]","[c]"
"Leaver Dept.","2022","Unknown","Black","East of England","Southend-on-Sea","[c]","[c]","[c]","[c]"
"Leaver Dept.","2022","Unknown","Black","East of England","Suffolk CC","[c]","[c]","[c]","[c]"
"Leaver Dept.","2022","Unknown","Black","East of England","Thurrock","[c]","[c]","[c]","[c]"
"Leaver Dept.","2022","Unknown","Black","East of England","West Essex","[c]","[c]","[c]","[c]"
"Leaver Dept.","2022","Unknown","Black","London","Barking & Dagenham and Havering","[c]","[c]","[c]","[c]"
"Leaver Dept.","2022","Unknown","Black","London","Barnet","20","[c]","[c]","[c]"
"Leaver Dept.","2022","Unknown","Black","London","Bexley and Greenwich","[c]","[c]","[c]","[c]"
"Leaver Dept.","2022","Unknown","Black","London","Brent","[c]","[c]","[c]","[c]"
"Leaver Dept.","2022","Unknown","Black","London","Bromley","[c]","[c]","[c]","[c]"
"Leaver Dept.","2022","Unknown","Black","London","Camden and City of London","[c]","[c]","[c]","[c]"
"Leaver Dept.","2022","Unknown","Black","London","Croydon","[c]","[c]","[c]","[c]"
"Leaver Dept.","2022","Unknown","Black","London","Ealing","[c]","[c]","[c]","[c]"
"Leaver Dept.","2022","Unknown","Black","London","Enfield","[c]","[c]","[c]","[c]"
"Leaver Dept.","2022","Unknown","Black","London","Hackney and Newham","[c]","[c]","[c]","[c]"
"Leaver Dept.","2022","Unknown","Black","London","Haringey and Islington","[c]","[c]","[c]","[c]"
"Leaver Dept.","2022","Unknown","Black","London","Harrow and Hillingdon","[c]","[c]","[c]","[c]"
"Leaver Dept.","2022","Unknown","Black","London","Hounslow and Richmond upon Thames","[c]","[c]","[c]","[c]"
"Leaver Dept.","2022","Unknown","Black","London","Kensington & Chelsea and Hammersmith & Fulham","[c]","[c]","[c]","[c]"
"Leaver Dept.","2022","Unknown","Black","London","Lambeth","25","[c]","[c]","[c]"
"Leaver Dept.","2022","Unknown","Black","London","Lewisham and Southwark","[c]","[c]","[c]","[c]"
"Leaver Dept.","2022","Unknown","Black","London","Merton, Kingston upon Thames and Sutton","[c]","[c]","[c]","[c]"
"Leaver Dept.","2022","Unknown","Black","London","Redbridge and Waltham Forest","[c]","[c]","[c]","[c]"
"Leaver Dept.","2022","Unknown","Black","London","Tower Hamlets","[c]","[c]","[c]","[c]"
"Leaver Dept.","2022","Unknown","Black","London","Wandsworth","[c]","[c]","[c]","[c]"
"Leaver Dept.","2022","Unknown","Black","London","Westminster","25","[c]","[c]","[c]"
"Leaver Dept.","2022","Unknown","Black","North East (England)","Darlington","[c]","[c]","[c]","[c]"
"Leaver Dept.","2022","Unknown","Black","North East (England)","Durham","[c]","[c]","[c]","[c]"
"Leaver Dept.","2022","Unknown","Black","North East (England)","Hartlepool and Stockton-on-Tees","[c]","[c]","[c]","[c]"
"Leaver Dept.","2022","Unknown","Black","North East (England)","Northumberland","[c]","[c]","[c]","[c]"
"Leaver Dept.","2022","Unknown","Black","North East (England)","South Teesside","[c]","[c]","[c]","[c]"
"Leaver Dept.","2022","Unknown","Black","North East (England)","Sunderland","[c]","[c]","[c]","[c]"
"Leaver Dept.","2022","Unknown","Black","North East (England)","Tyneside","[c]","[c]","[c]","[c]"
"Leaver Dept.","2022","Unknown","Black","North West (England)","Blackburn with Darwen","[c]","[c]","[c]","[c]"
"Leaver Dept.","2022","Unknown","Black","North West (England)","Blackpool","[c]","[c]","[c]","[c]"
"Leaver Dept.","2022","Unknown","Black","North West (England)","Cheshire East","[c]","[c]","[c]","[c]"
"Leaver Dept.","2022","Unknown","Black","North West (England)","Cheshire West and Chester","[c]","[c]","[c]","[c]"
"Leaver Dept.","2022","Unknown","Black","North West (England)","Chorley and West Lancashire","[c]","[c]","[c]","[c]"
"Leaver Dept.","2022","Unknown","Black","North West (England)","East Cumbria","[c]","[c]","[c]","[c]"
"Leaver Dept.","2022","Unknown","Black","North West (England)","East Lancashire","[c]","[c]","[c]","[c]"
"Leaver Dept.","2022","Unknown","Black","North West (England)","East Merseyside","[c]","[c]","[c]","[c]"
"Leaver Dept.","2022","Unknown","Black","North West (England)","Greater Manchester North East","[c]","[c]","[c]","[c]"
"Leaver Dept.","2022","Unknown","Black","North West (England)","Greater Manchester North West","[c]","[c]","[c]","[c]"
"Leaver Dept.","2022","Unknown","Black","North West (England)","Greater Manchester South East","[c]","[c]","[c]","[c]"
"Leaver Dept.","2022","Unknown","Black","North West (England)","Greater Manchester South West","[c]","[c]","[c]","[c]"
"Leaver Dept.","2022","Unknown","Black","North West (England)","Lancaster and Wyre","[c]","[c]","[c]","[c]"
"Leaver Dept.","2022","Unknown","Black","North West (England)","Liverpool","[c]","[c]","[c]","[c]"
"Leaver Dept.","2022","Unknown","Black","North West (England)","Manchester","5","[c]","[c]","[c]"
"Leaver Dept.","2022","Unknown","Black","North West (England)","Mid Lancashire","[c]","[c]","[c]","[c]"
"Leaver Dept.","2022","Unknown","Black","North West (England)","Sefton","[c]","[c]","[c]","[c]"
"Leaver Dept.","2022","Unknown","Black","North West (England)","Warrington","[c]","[c]","[c]","[c]"
"Leaver Dept.","2022","Unknown","Black","North West (England)","West Cumbria","[c]","[c]","[c]","[c]"
"Leaver Dept.","2022","Unknown","Black","North West (England)","Wirral","[c]","[c]","[c]","[c]"
"Leaver Dept.","2022","Unknown","Black","Northern Ireland","Ards and North Down","[c]","[c]","[c]","[c]"
"Leaver Dept.","2022","Unknown","Black","Northern Ireland","Belfast","[c]","[c]","[c]","[c]"
"Leaver Dept.","2022","Unknown","Black","Northern Ireland","Lisburn and Castlereagh","[c]","[c]","[c]","[c]"
"Leaver Dept.","2022","Unknown","Black","Overseas","Overseas","[c]","[c]","[c]","[c]"
"Leaver Dept.","2022","Unknown","Black","Scotland","Aberdeen City and Aberdeenshire","[c]","[c]","[c]","[c]"
"Leaver Dept.","2022","Unknown","Black","Scotland","Angus and Dundee City","[c]","[c]","[c]","[c]"
"Leaver Dept.","2022","Unknown","Black","Scotland","Caithness and Sutherland, and Ross and Cromarty","[c]","[c]","[c]","[c]"
"Leaver Dept.","2022","Unknown","Black","Scotland","City of Edinburgh","[c]","[c]","[c]","[c]"
"Leaver Dept.","2022","Unknown","Black","Scotland","Clackmannanshire and Fife","[c]","[c]","[c]","[c]"
"Leaver Dept.","2022","Unknown","Black","Scotland","Dumfries and Galloway","[c]","[c]","[c]","[c]"
"Leaver Dept.","2022","Unknown","Black","Scotland","East Ayrshire and North Ayrshire mainland","[c]","[c]","[c]","[c]"
"Leaver Dept.","2022","Unknown","Black","Scotland","East Dunbartonshire, West Dunbartonshire, and Helensburgh and Lomond","[c]","[c]","[c]","[c]"
"Leaver Dept.","2022","Unknown","Black","Scotland","East Lothian and Midlothian","[c]","[c]","[c]","[c]"
"Leaver Dept.","2022","Unknown","Black","Scotland","Falkirk","[c]","[c]","[c]","[c]"
"Leaver Dept.","2022","Unknown","Black","Scotland","Glasgow City","[c]","[c]","[c]","[c]"
"Leaver Dept.","2022","Unknown","Black","Scotland","Inverclyde, East Renfrewshire, and Renfrewshire","[c]","[c]","[c]","[c]"
"Leaver Dept.","2022","Unknown","Black","Scotland","Inverness and Nairn, Moray, and Badenoch and Strathspey","[c]","[c]","[c]","[c]"
"Leaver Dept.","2022","Unknown","Black","Scotland","Lochaber, Skye and Lochalsh, Arran and Cumbrae, and Argyll and Bute","[c]","[c]","[c]","[c]"
"Leaver Dept.","2022","Unknown","Black","Scotland","Na h-Eileanan Siar","[c]","[c]","[c]","[c]"
"Leaver Dept.","2022","Unknown","Black","Scotland","North Lanarkshire","[c]","[c]","[c]","[c]"
"Leaver Dept.","2022","Unknown","Black","Scotland","Orkney Islands","[c]","[c]","[c]","[c]"
"Leaver Dept.","2022","Unknown","Black","Scotland","Perth and Kinross, and Stirling","[c]","[c]","[c]","[c]"
"Leaver Dept.","2022","Unknown","Black","Scotland","Scottish Borders","[c]","[c]","[c]","[c]"
"Leaver Dept.","2022","Unknown","Black","Scotland","South Ayrshire","[c]","[c]","[c]","[c]"
"Leaver Dept.","2022","Unknown","Black","Scotland","South Lanarkshire","[c]","[c]","[c]","[c]"
"Leaver Dept.","2022","Unknown","Black","Scotland","West Lothian","[c]","[c]","[c]","[c]"
"Leaver Dept.","2022","Unknown","Black","South East (England)","Berkshire","[c]","[c]","[c]","[c]"
"Leaver Dept.","2022","Unknown","Black","South East (England)","Brighton and Hove","[c]","[c]","[c]","[c]"
"Leaver Dept.","2022","Unknown","Black","South East (England)","Buckinghamshire","[c]","[c]","[c]","[c]"
"Leaver Dept.","2022","Unknown","Black","South East (England)","Central Hampshire","[c]","[c]","[c]","[c]"
"Leaver Dept.","2022","Unknown","Black","South East (England)","East Kent","[c]","[c]","[c]","[c]"
"Leaver Dept.","2022","Unknown","Black","South East (England)","East Surrey","[c]","[c]","[c]","[c]"
"Leaver Dept.","2022","Unknown","Black","South East (England)","East Sussex CC","[c]","[c]","[c]","[c]"
"Leaver Dept.","2022","Unknown","Black","South East (England)","Isle of Wight","[c]","[c]","[c]","[c]"
"Leaver Dept.","2022","Unknown","Black","South East (England)","Kent Thames Gateway","[c]","[c]","[c]","[c]"
"Leaver Dept.","2022","Unknown","Black","South East (England)","Medway","[c]","[c]","[c]","[c]"
"Leaver Dept.","2022","Unknown","Black","South East (England)","Mid Kent","[c]","[c]","[c]","[c]"
"Leaver Dept.","2022","Unknown","Black","South East (England)","Milton Keynes","[c]","[c]","[c]","[c]"
"Leaver Dept.","2022","Unknown","Black","South East (England)","North Hampshire","[c]","[c]","[c]","[c]"
"Leaver Dept.","2022","Unknown","Black","South East (England)","Oxfordshire CC","[c]","[c]","[c]","[c]"
"Leaver Dept.","2022","Unknown","Black","South East (England)","Portsmouth","[c]","[c]","[c]","[c]"
"Leaver Dept.","2022","Unknown","Black","South East (England)","South Hampshire","[c]","[c]","[c]","[c]"
"Leaver Dept.","2022","Unknown","Black","South East (England)","Southampton","[c]","[c]","[c]","[c]"
"Leaver Dept.","2022","Unknown","Black","South East (England)","West Kent","[c]","[c]","[c]","[c]"
"Leaver Dept.","2022","Unknown","Black","South East (England)","West Surrey","[c]","[c]","[c]","[c]"
"Leaver Dept.","2022","Unknown","Black","South East (England)","West Sussex (North East)","[c]","[c]","[c]","[c]"
"Leaver Dept.","2022","Unknown","Black","South East (England)","West Sussex (South West)","[c]","[c]","[c]","[c]"
"Leaver Dept.","2022","Unknown","Black","South West (England)","Bath and North East Somerset, North Somerset and South Gloucestershire","[c]","[c]","[c]","[c]"
"Leaver Dept.","2022","Unknown","Black","South West (England)","Bournemouth, Christchurch and Poole","[c]","[c]","[c]","[c]"
"Leaver Dept.","2022","Unknown","Black","South West (England)","Bristol, City of","5","[c]","[c]","[c]"
"Leaver Dept.","2022","Unknown","Black","South West (England)","Cornwall and Isles of Scilly","[c]","[c]","[c]","[c]"
"Leaver Dept.","2022","Unknown","Black","South West (England)","Devon CC","[c]","[c]","[c]","[c]"
"Leaver Dept.","2022","Unknown","Black","South West (England)","Dorset","[c]","[c]","[c]","[c]"
"Leaver Dept.","2022","Unknown","Black","South West (England)","Gloucestershire CC","[c]","[c]","[c]","[c]"
"Leaver Dept.","2022","Unknown","Black","South West (England)","Plymouth","[c]","[c]","[c]","[c]"
"Leaver Dept.","2022","Unknown","Black","South West (England)","Somerset CC","[c]","[c]","[c]","[c]"
"Leaver Dept.","2022","Unknown","Black","South West (England)","Swindon","[c]","[c]","[c]","[c]"
"Leaver Dept.","2022","Unknown","Black","South West (England)","Torbay","[c]","[c]","[c]","[c]"
"Leaver Dept.","2022","Unknown","Black","South West (England)","Wiltshire","[c]","[c]","[c]","[c]"
"Leaver Dept.","2022","Unknown","Black","Unknown","Unknown","[c]","[c]","[c]","[c]"
"Leaver Dept.","2022","Unknown","Black","Wales","Bridgend and Neath Port Talbot","[c]","[c]","[c]","[c]"
"Leaver Dept.","2022","Unknown","Black","Wales","Cardiff and Vale of Glamorgan","[c]","[c]","[c]","[c]"
"Leaver Dept.","2022","Unknown","Black","Wales","Central Valleys","[c]","[c]","[c]","[c]"
"Leaver Dept.","2022","Unknown","Black","Wales","Conwy and Denbighshire","[c]","[c]","[c]","[c]"
"Leaver Dept.","2022","Unknown","Black","Wales","Flintshire and Wrexham","[c]","[c]","[c]","[c]"
"Leaver Dept.","2022","Unknown","Black","Wales","Gwent Valleys","[c]","[c]","[c]","[c]"
"Leaver Dept.","2022","Unknown","Black","Wales","Gwynedd","[c]","[c]","[c]","[c]"
"Leaver Dept.","2022","Unknown","Black","Wales","Isle of Anglesey","[c]","[c]","[c]","[c]"
"Leaver Dept.","2022","Unknown","Black","Wales","Monmouthshire and Newport","[c]","[c]","[c]","[c]"
"Leaver Dept.","2022","Unknown","Black","Wales","Powys","[c]","[c]","[c]","[c]"
"Leaver Dept.","2022","Unknown","Black","Wales","South West Wales","[c]","[c]","[c]","[c]"
"Leaver Dept.","2022","Unknown","Black","Wales","Swansea","[c]","[c]","[c]","[c]"
"Leaver Dept.","2022","Unknown","Black","West Midlands (England)","Birmingham","15","[c]","[c]","[c]"
"Leaver Dept.","2022","Unknown","Black","West Midlands (England)","Coventry","[c]","[c]","[c]","[c]"
"Leaver Dept.","2022","Unknown","Black","West Midlands (England)","Dudley","[c]","[c]","[c]","[c]"
"Leaver Dept.","2022","Unknown","Black","West Midlands (England)","Herefordshire, County of","[c]","[c]","[c]","[c]"
"Leaver Dept.","2022","Unknown","Black","West Midlands (England)","Sandwell","[c]","[c]","[c]","[c]"
"Leaver Dept.","2022","Unknown","Black","West Midlands (England)","Shropshire","[c]","[c]","[c]","[c]"
"Leaver Dept.","2022","Unknown","Black","West Midlands (England)","Solihull","[c]","[c]","[c]","[c]"
"Leaver Dept.","2022","Unknown","Black","West Midlands (England)","Staffordshire CC","[c]","[c]","[c]","[c]"
"Leaver Dept.","2022","Unknown","Black","West Midlands (England)","Stoke-on-Trent","[c]","[c]","[c]","[c]"
"Leaver Dept.","2022","Unknown","Black","West Midlands (England)","Telford and Wrekin","[c]","[c]","[c]","[c]"
"Leaver Dept.","2022","Unknown","Black","West Midlands (England)","Walsall","[c]","[c]","[c]","[c]"
"Leaver Dept.","2022","Unknown","Black","West Midlands (England)","Warwickshire CC","[c]","[c]","[c]","[c]"
"Leaver Dept.","2022","Unknown","Black","West Midlands (England)","Wolverhampton","[c]","[c]","[c]","[c]"
"Leaver Dept.","2022","Unknown","Black","West Midlands (England)","Worcestershire CC","[c]","[c]","[c]","[c]"
"Leaver Dept.","2022","Unknown","Black","Yorkshire and The Humber","Barnsley, Doncaster and Rotherham","[c]","[c]","[c]","[c]"
"Leaver Dept.","2022","Unknown","Black","Yorkshire and The Humber","Bradford","[c]","[c]","[c]","[c]"
"Leaver Dept.","2022","Unknown","Black","Yorkshire and The Humber","Calderdale and Kirklees","[c]","[c]","[c]","[c]"
"Leaver Dept.","2022","Unknown","Black","Yorkshire and The Humber","East Riding of Yorkshire","[c]","[c]","[c]","[c]"
"Leaver Dept.","2022","Unknown","Black","Yorkshire and The Humber","Kingston upon Hull, City of","[c]","[c]","[c]","[c]"
"Leaver Dept.","2022","Unknown","Black","Yorkshire and The Humber","Leeds","5","[c]","[c]","[c]"
"Leaver Dept.","2022","Unknown","Black","Yorkshire and The Humber","North and North East Lincolnshire","[c]","[c]","[c]","[c]"
"Leaver Dept.","2022","Unknown","Black","Yorkshire and The Humber","North Yorkshire CC","[c]","[c]","[c]","[c]"
"Leaver Dept.","2022","Unknown","Black","Yorkshire and The Humber","Sheffield","[c]","[c]","[c]","[c]"
"Leaver Dept.","2022","Unknown","Black","Yorkshire and The Humber","Wakefield","[c]","[c]","[c]","[c]"
"Leaver Dept.","2022","Unknown","Black","Yorkshire and The Humber","York","[c]","[c]","[c]","[c]"
"Leaver Dept.","2022","Unknown","Mixed","East Midlands (England)","Derby","[c]","[c]","[c]","[c]"
"Leaver Dept.","2022","Unknown","Mixed","East Midlands (England)","East Derbyshire","[c]","[c]","[c]","[c]"
"Leaver Dept.","2022","Unknown","Mixed","East Midlands (England)","Leicester","[c]","[c]","[c]","[c]"
"Leaver Dept.","2022","Unknown","Mixed","East Midlands (England)","Leicestershire CC and Rutland","[c]","[c]","[c]","[c]"
"Leaver Dept.","2022","Unknown","Mixed","East Midlands (England)","Lincolnshire CC","[c]","[c]","[c]","[c]"
"Leaver Dept.","2022","Unknown","Mixed","East Midlands (England)","North Northamptonshire","[c]","[c]","[c]","[c]"
"Leaver Dept.","2022","Unknown","Mixed","East Midlands (England)","North Nottinghamshire","[c]","[c]","[c]","[c]"
"Leaver Dept.","2022","Unknown","Mixed","East Midlands (England)","Nottingham","[c]","[c]","[c]","[c]"
"Leaver Dept.","2022","Unknown","Mixed","East Midlands (England)","South and West Derbyshire","[c]","[c]","[c]","[c]"
"Leaver Dept.","2022","Unknown","Mixed","East Midlands (England)","South Nottinghamshire","[c]","[c]","[c]","[c]"
"Leaver Dept.","2022","Unknown","Mixed","East Midlands (England)","West Northamptonshire","[c]","[c]","[c]","[c]"
"Leaver Dept.","2022","Unknown","Mixed","East of England","Bedford","[c]","[c]","[c]","[c]"
"Leaver Dept.","2022","Unknown","Mixed","East of England","Breckland and South Norfolk","[c]","[c]","[c]","[c]"
"Leaver Dept.","2022","Unknown","Mixed","East of England","Cambridgeshire CC","[c]","[c]","[c]","[c]"
"Leaver Dept.","2022","Unknown","Mixed","East of England","Central Bedfordshire","[c]","[c]","[c]","[c]"
"Leaver Dept.","2022","Unknown","Mixed","East of England","Essex Haven Gateway","[c]","[c]","[c]","[c]"
"Leaver Dept.","2022","Unknown","Mixed","East of England","Essex Thames Gateway","[c]","[c]","[c]","[c]"
"Leaver Dept.","2022","Unknown","Mixed","East of England","Heart of Essex","[c]","[c]","[c]","[c]"
"Leaver Dept.","2022","Unknown","Mixed","East of England","Hertfordshire CC","[c]","[c]","[c]","[c]"
"Leaver Dept.","2022","Unknown","Mixed","East of England","Luton","[c]","[c]","[c]","[c]"
"Leaver Dept.","2022","Unknown","Mixed","East of England","North and West Norfolk","[c]","[c]","[c]","[c]"
"Leaver Dept.","2022","Unknown","Mixed","East of England","Norwich and East Norfolk","[c]","[c]","[c]","[c]"
"Leaver Dept.","2022","Unknown","Mixed","East of England","Peterborough","[c]","[c]","[c]","[c]"
"Leaver Dept.","2022","Unknown","Mixed","East of England","Southend-on-Sea","[c]","[c]","[c]","[c]"
"Leaver Dept.","2022","Unknown","Mixed","East of England","Suffolk CC","[c]","[c]","[c]","[c]"
"Leaver Dept.","2022","Unknown","Mixed","East of England","Thurrock","[c]","[c]","[c]","[c]"
"Leaver Dept.","2022","Unknown","Mixed","East of England","West Essex","[c]","[c]","[c]","[c]"
"Leaver Dept.","2022","Unknown","Mixed","London","Barking & Dagenham and Havering","[c]","[c]","[c]","[c]"
"Leaver Dept.","2022","Unknown","Mixed","London","Barnet","10","[c]","[c]","[c]"
"Leaver Dept.","2022","Unknown","Mixed","London","Bexley and Greenwich","[c]","[c]","[c]","[c]"
"Leaver Dept.","2022","Unknown","Mixed","London","Brent","[c]","[c]","[c]","[c]"
"Leaver Dept.","2022","Unknown","Mixed","London","Bromley","[c]","[c]","[c]","[c]"
"Leaver Dept.","2022","Unknown","Mixed","London","Camden and City of London","[c]","[c]","[c]","[c]"
"Leaver Dept.","2022","Unknown","Mixed","London","Croydon","[c]","[c]","[c]","[c]"
"Leaver Dept.","2022","Unknown","Mixed","London","Ealing","[c]","[c]","[c]","[c]"
"Leaver Dept.","2022","Unknown","Mixed","London","Enfield","[c]","[c]","[c]","[c]"
"Leaver Dept.","2022","Unknown","Mixed","London","Hackney and Newham","[c]","[c]","[c]","[c]"
"Leaver Dept.","2022","Unknown","Mixed","London","Haringey and Islington","[c]","[c]","[c]","[c]"
"Leaver Dept.","2022","Unknown","Mixed","London","Harrow and Hillingdon","[c]","[c]","[c]","[c]"
"Leaver Dept.","2022","Unknown","Mixed","London","Hounslow and Richmond upon Thames","[c]","[c]","[c]","[c]"
"Leaver Dept.","2022","Unknown","Mixed","London","Kensington & Chelsea and Hammersmith & Fulham","[c]","[c]","[c]","[c]"
"Leaver Dept.","2022","Unknown","Mixed","London","Lambeth","5","[c]","[c]","[c]"
"Leaver Dept.","2022","Unknown","Mixed","London","Lewisham and Southwark","[c]","[c]","[c]","[c]"
"Leaver Dept.","2022","Unknown","Mixed","London","Merton, Kingston upon Thames and Sutton","[c]","[c]","[c]","[c]"
"Leaver Dept.","2022","Unknown","Mixed","London","Redbridge and Waltham Forest","[c]","[c]","[c]","[c]"
"Leaver Dept.","2022","Unknown","Mixed","London","Tower Hamlets","[c]","[c]","[c]","[c]"
"Leaver Dept.","2022","Unknown","Mixed","London","Wandsworth","[c]","[c]","[c]","[c]"
"Leaver Dept.","2022","Unknown","Mixed","London","Westminster","20","[c]","[c]","[c]"
"Leaver Dept.","2022","Unknown","Mixed","North East (England)","Darlington","[c]","[c]","[c]","[c]"
"Leaver Dept.","2022","Unknown","Mixed","North East (England)","Durham","[c]","[c]","[c]","[c]"
"Leaver Dept.","2022","Unknown","Mixed","North East (England)","Hartlepool and Stockton-on-Tees","[c]","[c]","[c]","[c]"
"Leaver Dept.","2022","Unknown","Mixed","North East (England)","Northumberland","[c]","[c]","[c]","[c]"
"Leaver Dept.","2022","Unknown","Mixed","North East (England)","South Teesside","[c]","[c]","[c]","[c]"
"Leaver Dept.","2022","Unknown","Mixed","North East (England)","Sunderland","[c]","[c]","[c]","[c]"
"Leaver Dept.","2022","Unknown","Mixed","North East (England)","Tyneside","[c]","[c]","[c]","[c]"
"Leaver Dept.","2022","Unknown","Mixed","North West (England)","Blackburn with Darwen","[c]","[c]","[c]","[c]"
"Leaver Dept.","2022","Unknown","Mixed","North West (England)","Blackpool","[c]","[c]","[c]","[c]"
"Leaver Dept.","2022","Unknown","Mixed","North West (England)","Cheshire East","[c]","[c]","[c]","[c]"
"Leaver Dept.","2022","Unknown","Mixed","North West (England)","Cheshire West and Chester","[c]","[c]","[c]","[c]"
"Leaver Dept.","2022","Unknown","Mixed","North West (England)","Chorley and West Lancashire","[c]","[c]","[c]","[c]"
"Leaver Dept.","2022","Unknown","Mixed","North West (England)","East Cumbria","[c]","[c]","[c]","[c]"
"Leaver Dept.","2022","Unknown","Mixed","North West (England)","East Lancashire","[c]","[c]","[c]","[c]"
"Leaver Dept.","2022","Unknown","Mixed","North West (England)","East Merseyside","[c]","[c]","[c]","[c]"
"Leaver Dept.","2022","Unknown","Mixed","North West (England)","Greater Manchester North East","[c]","[c]","[c]","[c]"
"Leaver Dept.","2022","Unknown","Mixed","North West (England)","Greater Manchester North West","[c]","[c]","[c]","[c]"
"Leaver Dept.","2022","Unknown","Mixed","North West (England)","Greater Manchester South East","[c]","[c]","[c]","[c]"
"Leaver Dept.","2022","Unknown","Mixed","North West (England)","Greater Manchester South West","[c]","[c]","[c]","[c]"
"Leaver Dept.","2022","Unknown","Mixed","North West (England)","Lancaster and Wyre","[c]","[c]","[c]","[c]"
"Leaver Dept.","2022","Unknown","Mixed","North West (England)","Liverpool","[c]","[c]","[c]","[c]"
"Leaver Dept.","2022","Unknown","Mixed","North West (England)","Manchester","[c]","[c]","[c]","[c]"
"Leaver Dept.","2022","Unknown","Mixed","North West (England)","Mid Lancashire","[c]","[c]","[c]","[c]"
"Leaver Dept.","2022","Unknown","Mixed","North West (England)","Sefton","[c]","[c]","[c]","[c]"
"Leaver Dept.","2022","Unknown","Mixed","North West (England)","Warrington","[c]","[c]","[c]","[c]"
"Leaver Dept.","2022","Unknown","Mixed","North West (England)","West Cumbria","[c]","[c]","[c]","[c]"
"Leaver Dept.","2022","Unknown","Mixed","North West (England)","Wirral","[c]","[c]","[c]","[c]"
"Leaver Dept.","2022","Unknown","Mixed","Northern Ireland","Ards and North Down","[c]","[c]","[c]","[c]"
"Leaver Dept.","2022","Unknown","Mixed","Northern Ireland","Belfast","[c]","[c]","[c]","[c]"
"Leaver Dept.","2022","Unknown","Mixed","Northern Ireland","Lisburn and Castlereagh","[c]","[c]","[c]","[c]"
"Leaver Dept.","2022","Unknown","Mixed","Overseas","Overseas","[c]","[c]","[c]","[c]"
"Leaver Dept.","2022","Unknown","Mixed","Scotland","Aberdeen City and Aberdeenshire","[c]","[c]","[c]","[c]"
"Leaver Dept.","2022","Unknown","Mixed","Scotland","Angus and Dundee City","[c]","[c]","[c]","[c]"
"Leaver Dept.","2022","Unknown","Mixed","Scotland","Caithness and Sutherland, and Ross and Cromarty","[c]","[c]","[c]","[c]"
"Leaver Dept.","2022","Unknown","Mixed","Scotland","City of Edinburgh","[c]","[c]","[c]","[c]"
"Leaver Dept.","2022","Unknown","Mixed","Scotland","Clackmannanshire and Fife","[c]","[c]","[c]","[c]"
"Leaver Dept.","2022","Unknown","Mixed","Scotland","Dumfries and Galloway","[c]","[c]","[c]","[c]"
"Leaver Dept.","2022","Unknown","Mixed","Scotland","East Ayrshire and North Ayrshire mainland","[c]","[c]","[c]","[c]"
"Leaver Dept.","2022","Unknown","Mixed","Scotland","East Dunbartonshire, West Dunbartonshire, and Helensburgh and Lomond","[c]","[c]","[c]","[c]"
"Leaver Dept.","2022","Unknown","Mixed","Scotland","East Lothian and Midlothian","[c]","[c]","[c]","[c]"
"Leaver Dept.","2022","Unknown","Mixed","Scotland","Falkirk","[c]","[c]","[c]","[c]"
"Leaver Dept.","2022","Unknown","Mixed","Scotland","Glasgow City","[c]","[c]","[c]","[c]"
"Leaver Dept.","2022","Unknown","Mixed","Scotland","Inverclyde, East Renfrewshire, and Renfrewshire","[c]","[c]","[c]","[c]"
"Leaver Dept.","2022","Unknown","Mixed","Scotland","Inverness and Nairn, Moray, and Badenoch and Strathspey","[c]","[c]","[c]","[c]"
"Leaver Dept.","2022","Unknown","Mixed","Scotland","Lochaber, Skye and Lochalsh, Arran and Cumbrae, and Argyll and Bute","[c]","[c]","[c]","[c]"
"Leaver Dept.","2022","Unknown","Mixed","Scotland","Na h-Eileanan Siar","[c]","[c]","[c]","[c]"
"Leaver Dept.","2022","Unknown","Mixed","Scotland","North Lanarkshire","[c]","[c]","[c]","[c]"
"Leaver Dept.","2022","Unknown","Mixed","Scotland","Orkney Islands","[c]","[c]","[c]","[c]"
"Leaver Dept.","2022","Unknown","Mixed","Scotland","Perth and Kinross, and Stirling","[c]","[c]","[c]","[c]"
"Leaver Dept.","2022","Unknown","Mixed","Scotland","Scottish Borders","[c]","[c]","[c]","[c]"
"Leaver Dept.","2022","Unknown","Mixed","Scotland","South Ayrshire","[c]","[c]","[c]","[c]"
"Leaver Dept.","2022","Unknown","Mixed","Scotland","South Lanarkshire","[c]","[c]","[c]","[c]"
"Leaver Dept.","2022","Unknown","Mixed","Scotland","West Lothian","[c]","[c]","[c]","[c]"
"Leaver Dept.","2022","Unknown","Mixed","South East (England)","Berkshire","[c]","[c]","[c]","[c]"
"Leaver Dept.","2022","Unknown","Mixed","South East (England)","Brighton and Hove","[c]","[c]","[c]","[c]"
"Leaver Dept.","2022","Unknown","Mixed","South East (England)","Buckinghamshire","[c]","[c]","[c]","[c]"
"Leaver Dept.","2022","Unknown","Mixed","South East (England)","Central Hampshire","[c]","[c]","[c]","[c]"
"Leaver Dept.","2022","Unknown","Mixed","South East (England)","East Kent","[c]","[c]","[c]","[c]"
"Leaver Dept.","2022","Unknown","Mixed","South East (England)","East Surrey","[c]","[c]","[c]","[c]"
"Leaver Dept.","2022","Unknown","Mixed","South East (England)","East Sussex CC","[c]","[c]","[c]","[c]"
"Leaver Dept.","2022","Unknown","Mixed","South East (England)","Isle of Wight","[c]","[c]","[c]","[c]"
"Leaver Dept.","2022","Unknown","Mixed","South East (England)","Kent Thames Gateway","[c]","[c]","[c]","[c]"
"Leaver Dept.","2022","Unknown","Mixed","South East (England)","Medway","[c]","[c]","[c]","[c]"
"Leaver Dept.","2022","Unknown","Mixed","South East (England)","Mid Kent","[c]","[c]","[c]","[c]"
"Leaver Dept.","2022","Unknown","Mixed","South East (England)","Milton Keynes","[c]","[c]","[c]","[c]"
"Leaver Dept.","2022","Unknown","Mixed","South East (England)","North Hampshire","[c]","[c]","[c]","[c]"
"Leaver Dept.","2022","Unknown","Mixed","South East (England)","Oxfordshire CC","[c]","[c]","[c]","[c]"
"Leaver Dept.","2022","Unknown","Mixed","South East (England)","Portsmouth","[c]","[c]","[c]","[c]"
"Leaver Dept.","2022","Unknown","Mixed","South East (England)","South Hampshire","[c]","[c]","[c]","[c]"
"Leaver Dept.","2022","Unknown","Mixed","South East (England)","Southampton","[c]","[c]","[c]","[c]"
"Leaver Dept.","2022","Unknown","Mixed","South East (England)","West Kent","[c]","[c]","[c]","[c]"
"Leaver Dept.","2022","Unknown","Mixed","South East (England)","West Surrey","[c]","[c]","[c]","[c]"
"Leaver Dept.","2022","Unknown","Mixed","South East (England)","West Sussex (North East)","[c]","[c]","[c]","[c]"
"Leaver Dept.","2022","Unknown","Mixed","South East (England)","West Sussex (South West)","[c]","[c]","[c]","[c]"
"Leaver Dept.","2022","Unknown","Mixed","South West (England)","Bath and North East Somerset, North Somerset and South Gloucestershire","[c]","[c]","[c]","[c]"
"Leaver Dept.","2022","Unknown","Mixed","South West (England)","Bournemouth, Christchurch and Poole","[c]","[c]","[c]","[c]"
"Leaver Dept.","2022","Unknown","Mixed","South West (England)","Bristol, City of","[c]","[c]","[c]","[c]"
"Leaver Dept.","2022","Unknown","Mixed","South West (England)","Cornwall and Isles of Scilly","[c]","[c]","[c]","[c]"
"Leaver Dept.","2022","Unknown","Mixed","South West (England)","Devon CC","[c]","[c]","[c]","[c]"
"Leaver Dept.","2022","Unknown","Mixed","South West (England)","Dorset","[c]","[c]","[c]","[c]"
"Leaver Dept.","2022","Unknown","Mixed","South West (England)","Gloucestershire CC","[c]","[c]","[c]","[c]"
"Leaver Dept.","2022","Unknown","Mixed","South West (England)","Plymouth","[c]","[c]","[c]","[c]"
"Leaver Dept.","2022","Unknown","Mixed","South West (England)","Somerset CC","[c]","[c]","[c]","[c]"
"Leaver Dept.","2022","Unknown","Mixed","South West (England)","Swindon","[c]","[c]","[c]","[c]"
"Leaver Dept.","2022","Unknown","Mixed","South West (England)","Torbay","[c]","[c]","[c]","[c]"
"Leaver Dept.","2022","Unknown","Mixed","South West (England)","Wiltshire","5","[c]","[c]","[c]"
"Leaver Dept.","2022","Unknown","Mixed","Unknown","Unknown","[c]","[c]","[c]","[c]"
"Leaver Dept.","2022","Unknown","Mixed","Wales","Bridgend and Neath Port Talbot","[c]","[c]","[c]","[c]"
"Leaver Dept.","2022","Unknown","Mixed","Wales","Cardiff and Vale of Glamorgan","[c]","[c]","[c]","[c]"
"Leaver Dept.","2022","Unknown","Mixed","Wales","Central Valleys","[c]","[c]","[c]","[c]"
"Leaver Dept.","2022","Unknown","Mixed","Wales","Conwy and Denbighshire","[c]","[c]","[c]","[c]"
"Leaver Dept.","2022","Unknown","Mixed","Wales","Flintshire and Wrexham","[c]","[c]","[c]","[c]"
"Leaver Dept.","2022","Unknown","Mixed","Wales","Gwent Valleys","[c]","[c]","[c]","[c]"
"Leaver Dept.","2022","Unknown","Mixed","Wales","Gwynedd","[c]","[c]","[c]","[c]"
"Leaver Dept.","2022","Unknown","Mixed","Wales","Isle of Anglesey","[c]","[c]","[c]","[c]"
"Leaver Dept.","2022","Unknown","Mixed","Wales","Monmouthshire and Newport","[c]","[c]","[c]","[c]"
"Leaver Dept.","2022","Unknown","Mixed","Wales","Powys","[c]","[c]","[c]","[c]"
"Leaver Dept.","2022","Unknown","Mixed","Wales","South West Wales","[c]","[c]","[c]","[c]"
"Leaver Dept.","2022","Unknown","Mixed","Wales","Swansea","[c]","[c]","[c]","[c]"
"Leaver Dept.","2022","Unknown","Mixed","West Midlands (England)","Birmingham","[c]","[c]","[c]","[c]"
"Leaver Dept.","2022","Unknown","Mixed","West Midlands (England)","Coventry","[c]","[c]","[c]","[c]"
"Leaver Dept.","2022","Unknown","Mixed","West Midlands (England)","Dudley","[c]","[c]","[c]","[c]"
"Leaver Dept.","2022","Unknown","Mixed","West Midlands (England)","Herefordshire, County of","[c]","[c]","[c]","[c]"
"Leaver Dept.","2022","Unknown","Mixed","West Midlands (England)","Sandwell","[c]","[c]","[c]","[c]"
"Leaver Dept.","2022","Unknown","Mixed","West Midlands (England)","Shropshire","[c]","[c]","[c]","[c]"
"Leaver Dept.","2022","Unknown","Mixed","West Midlands (England)","Solihull","[c]","[c]","[c]","[c]"
"Leaver Dept.","2022","Unknown","Mixed","West Midlands (England)","Staffordshire CC","[c]","[c]","[c]","[c]"
"Leaver Dept.","2022","Unknown","Mixed","West Midlands (England)","Stoke-on-Trent","[c]","[c]","[c]","[c]"
"Leaver Dept.","2022","Unknown","Mixed","West Midlands (England)","Telford and Wrekin","[c]","[c]","[c]","[c]"
"Leaver Dept.","2022","Unknown","Mixed","West Midlands (England)","Walsall","[c]","[c]","[c]","[c]"
"Leaver Dept.","2022","Unknown","Mixed","West Midlands (England)","Warwickshire CC","[c]","[c]","[c]","[c]"
"Leaver Dept.","2022","Unknown","Mixed","West Midlands (England)","Wolverhampton","[c]","[c]","[c]","[c]"
"Leaver Dept.","2022","Unknown","Mixed","West Midlands (England)","Worcestershire CC","[c]","[c]","[c]","[c]"
"Leaver Dept.","2022","Unknown","Mixed","Yorkshire and The Humber","Barnsley, Doncaster and Rotherham","[c]","[c]","[c]","[c]"
"Leaver Dept.","2022","Unknown","Mixed","Yorkshire and The Humber","Bradford","[c]","[c]","[c]","[c]"
"Leaver Dept.","2022","Unknown","Mixed","Yorkshire and The Humber","Calderdale and Kirklees","[c]","[c]","[c]","[c]"
"Leaver Dept.","2022","Unknown","Mixed","Yorkshire and The Humber","East Riding of Yorkshire","[c]","[c]","[c]","[c]"
"Leaver Dept.","2022","Unknown","Mixed","Yorkshire and The Humber","Kingston upon Hull, City of","[c]","[c]","[c]","[c]"
"Leaver Dept.","2022","Unknown","Mixed","Yorkshire and The Humber","Leeds","[c]","[c]","[c]","[c]"
"Leaver Dept.","2022","Unknown","Mixed","Yorkshire and The Humber","North and North East Lincolnshire","[c]","[c]","[c]","[c]"
"Leaver Dept.","2022","Unknown","Mixed","Yorkshire and The Humber","North Yorkshire CC","[c]","[c]","[c]","[c]"
"Leaver Dept.","2022","Unknown","Mixed","Yorkshire and The Humber","Sheffield","[c]","[c]","[c]","[c]"
"Leaver Dept.","2022","Unknown","Mixed","Yorkshire and The Humber","Wakefield","[c]","[c]","[c]","[c]"
"Leaver Dept.","2022","Unknown","Mixed","Yorkshire and The Humber","York","[c]","[c]","[c]","[c]"
"Leaver Dept.","2022","Unknown","Other ethnicity","East Midlands (England)","Derby","[c]","[c]","[c]","[c]"
"Leaver Dept.","2022","Unknown","Other ethnicity","East Midlands (England)","East Derbyshire","[c]","[c]","[c]","[c]"
"Leaver Dept.","2022","Unknown","Other ethnicity","East Midlands (England)","Leicester","[c]","[c]","[c]","[c]"
"Leaver Dept.","2022","Unknown","Other ethnicity","East Midlands (England)","Leicestershire CC and Rutland","[c]","[c]","[c]","[c]"
"Leaver Dept.","2022","Unknown","Other ethnicity","East Midlands (England)","Lincolnshire CC","[c]","[c]","[c]","[c]"
"Leaver Dept.","2022","Unknown","Other ethnicity","East Midlands (England)","North Northamptonshire","[c]","[c]","[c]","[c]"
"Leaver Dept.","2022","Unknown","Other ethnicity","East Midlands (England)","North Nottinghamshire","[c]","[c]","[c]","[c]"
"Leaver Dept.","2022","Unknown","Other ethnicity","East Midlands (England)","Nottingham","[c]","[c]","[c]","[c]"
"Leaver Dept.","2022","Unknown","Other ethnicity","East Midlands (England)","South and West Derbyshire","[c]","[c]","[c]","[c]"
"Leaver Dept.","2022","Unknown","Other ethnicity","East Midlands (England)","South Nottinghamshire","[c]","[c]","[c]","[c]"
"Leaver Dept.","2022","Unknown","Other ethnicity","East Midlands (England)","West Northamptonshire","[c]","[c]","[c]","[c]"
"Leaver Dept.","2022","Unknown","Other ethnicity","East of England","Bedford","[c]","[c]","[c]","[c]"
"Leaver Dept.","2022","Unknown","Other ethnicity","East of England","Breckland and South Norfolk","[c]","[c]","[c]","[c]"
"Leaver Dept.","2022","Unknown","Other ethnicity","East of England","Cambridgeshire CC","[c]","[c]","[c]","[c]"
"Leaver Dept.","2022","Unknown","Other ethnicity","East of England","Central Bedfordshire","[c]","[c]","[c]","[c]"
"Leaver Dept.","2022","Unknown","Other ethnicity","East of England","Essex Haven Gateway","[c]","[c]","[c]","[c]"
"Leaver Dept.","2022","Unknown","Other ethnicity","East of England","Essex Thames Gateway","[c]","[c]","[c]","[c]"
"Leaver Dept.","2022","Unknown","Other ethnicity","East of England","Heart of Essex","[c]","[c]","[c]","[c]"
"Leaver Dept.","2022","Unknown","Other ethnicity","East of England","Hertfordshire CC","[c]","[c]","[c]","[c]"
"Leaver Dept.","2022","Unknown","Other ethnicity","East of England","Luton","[c]","[c]","[c]","[c]"
"Leaver Dept.","2022","Unknown","Other ethnicity","East of England","North and West Norfolk","[c]","[c]","[c]","[c]"
"Leaver Dept.","2022","Unknown","Other ethnicity","East of England","Norwich and East Norfolk","[c]","[c]","[c]","[c]"
"Leaver Dept.","2022","Unknown","Other ethnicity","East of England","Peterborough","[c]","[c]","[c]","[c]"
"Leaver Dept.","2022","Unknown","Other ethnicity","East of England","Southend-on-Sea","[c]","[c]","[c]","[c]"
"Leaver Dept.","2022","Unknown","Other ethnicity","East of England","Suffolk CC","[c]","[c]","[c]","[c]"
"Leaver Dept.","2022","Unknown","Other ethnicity","East of England","Thurrock","[c]","[c]","[c]","[c]"
"Leaver Dept.","2022","Unknown","Other ethnicity","East of England","West Essex","[c]","[c]","[c]","[c]"
"Leaver Dept.","2022","Unknown","Other ethnicity","London","Barking & Dagenham and Havering","[c]","[c]","[c]","[c]"
"Leaver Dept.","2022","Unknown","Other ethnicity","London","Barnet","10","[c]","[c]","[c]"
"Leaver Dept.","2022","Unknown","Other ethnicity","London","Bexley and Greenwich","[c]","[c]","[c]","[c]"
"Leaver Dept.","2022","Unknown","Other ethnicity","London","Brent","[c]","[c]","[c]","[c]"
"Leaver Dept.","2022","Unknown","Other ethnicity","London","Bromley","[c]","[c]","[c]","[c]"
"Leaver Dept.","2022","Unknown","Other ethnicity","London","Camden and City of London","[c]","[c]","[c]","[c]"
"Leaver Dept.","2022","Unknown","Other ethnicity","London","Croydon","[c]","[c]","[c]","[c]"
"Leaver Dept.","2022","Unknown","Other ethnicity","London","Ealing","[c]","[c]","[c]","[c]"
"Leaver Dept.","2022","Unknown","Other ethnicity","London","Enfield","[c]","[c]","[c]","[c]"
"Leaver Dept.","2022","Unknown","Other ethnicity","London","Hackney and Newham","[c]","[c]","[c]","[c]"
"Leaver Dept.","2022","Unknown","Other ethnicity","London","Haringey and Islington","[c]","[c]","[c]","[c]"
"Leaver Dept.","2022","Unknown","Other ethnicity","London","Harrow and Hillingdon","[c]","[c]","[c]","[c]"
"Leaver Dept.","2022","Unknown","Other ethnicity","London","Hounslow and Richmond upon Thames","[c]","[c]","[c]","[c]"
"Leaver Dept.","2022","Unknown","Other ethnicity","London","Kensington & Chelsea and Hammersmith & Fulham","[c]","[c]","[c]","[c]"
"Leaver Dept.","2022","Unknown","Other ethnicity","London","Lambeth","[c]","[c]","[c]","[c]"
"Leaver Dept.","2022","Unknown","Other ethnicity","London","Lewisham and Southwark","[c]","[c]","[c]","[c]"
"Leaver Dept.","2022","Unknown","Other ethnicity","London","Merton, Kingston upon Thames and Sutton","[c]","[c]","[c]","[c]"
"Leaver Dept.","2022","Unknown","Other ethnicity","London","Redbridge and Waltham Forest","[c]","[c]","[c]","[c]"
"Leaver Dept.","2022","Unknown","Other ethnicity","London","Tower Hamlets","[c]","[c]","[c]","[c]"
"Leaver Dept.","2022","Unknown","Other ethnicity","London","Wandsworth","[c]","[c]","[c]","[c]"
"Leaver Dept.","2022","Unknown","Other ethnicity","London","Westminster","5","[c]","[c]","[c]"
"Leaver Dept.","2022","Unknown","Other ethnicity","North East (England)","Darlington","[c]","[c]","[c]","[c]"
"Leaver Dept.","2022","Unknown","Other ethnicity","North East (England)","Durham","[c]","[c]","[c]","[c]"
"Leaver Dept.","2022","Unknown","Other ethnicity","North East (England)","Hartlepool and Stockton-on-Tees","[c]","[c]","[c]","[c]"
"Leaver Dept.","2022","Unknown","Other ethnicity","North East (England)","Northumberland","[c]","[c]","[c]","[c]"
"Leaver Dept.","2022","Unknown","Other ethnicity","North East (England)","South Teesside","[c]","[c]","[c]","[c]"
"Leaver Dept.","2022","Unknown","Other ethnicity","North East (England)","Sunderland","[c]","[c]","[c]","[c]"
"Leaver Dept.","2022","Unknown","Other ethnicity","North East (England)","Tyneside","[c]","[c]","[c]","[c]"
"Leaver Dept.","2022","Unknown","Other ethnicity","North West (England)","Blackburn with Darwen","[c]","[c]","[c]","[c]"
"Leaver Dept.","2022","Unknown","Other ethnicity","North West (England)","Blackpool","[c]","[c]","[c]","[c]"
"Leaver Dept.","2022","Unknown","Other ethnicity","North West (England)","Cheshire East","[c]","[c]","[c]","[c]"
"Leaver Dept.","2022","Unknown","Other ethnicity","North West (England)","Cheshire West and Chester","[c]","[c]","[c]","[c]"
"Leaver Dept.","2022","Unknown","Other ethnicity","North West (England)","Chorley and West Lancashire","[c]","[c]","[c]","[c]"
"Leaver Dept.","2022","Unknown","Other ethnicity","North West (England)","East Cumbria","[c]","[c]","[c]","[c]"
"Leaver Dept.","2022","Unknown","Other ethnicity","North West (England)","East Lancashire","[c]","[c]","[c]","[c]"
"Leaver Dept.","2022","Unknown","Other ethnicity","North West (England)","East Merseyside","[c]","[c]","[c]","[c]"
"Leaver Dept.","2022","Unknown","Other ethnicity","North West (England)","Greater Manchester North East","[c]","[c]","[c]","[c]"
"Leaver Dept.","2022","Unknown","Other ethnicity","North West (England)","Greater Manchester North West","[c]","[c]","[c]","[c]"
"Leaver Dept.","2022","Unknown","Other ethnicity","North West (England)","Greater Manchester South East","[c]","[c]","[c]","[c]"
"Leaver Dept.","2022","Unknown","Other ethnicity","North West (England)","Greater Manchester South West","[c]","[c]","[c]","[c]"
"Leaver Dept.","2022","Unknown","Other ethnicity","North West (England)","Lancaster and Wyre","[c]","[c]","[c]","[c]"
"Leaver Dept.","2022","Unknown","Other ethnicity","North West (England)","Liverpool","[c]","[c]","[c]","[c]"
"Leaver Dept.","2022","Unknown","Other ethnicity","North West (England)","Manchester","[c]","[c]","[c]","[c]"
"Leaver Dept.","2022","Unknown","Other ethnicity","North West (England)","Mid Lancashire","[c]","[c]","[c]","[c]"
"Leaver Dept.","2022","Unknown","Other ethnicity","North West (England)","Sefton","[c]","[c]","[c]","[c]"
"Leaver Dept.","2022","Unknown","Other ethnicity","North West (England)","Warrington","[c]","[c]","[c]","[c]"
"Leaver Dept.","2022","Unknown","Other ethnicity","North West (England)","West Cumbria","[c]","[c]","[c]","[c]"
"Leaver Dept.","2022","Unknown","Other ethnicity","North West (England)","Wirral","[c]","[c]","[c]","[c]"
"Leaver Dept.","2022","Unknown","Other ethnicity","Northern Ireland","Ards and North Down","[c]","[c]","[c]","[c]"
"Leaver Dept.","2022","Unknown","Other ethnicity","Northern Ireland","Belfast","[c]","[c]","[c]","[c]"
"Leaver Dept.","2022","Unknown","Other ethnicity","Northern Ireland","Lisburn and Castlereagh","[c]","[c]","[c]","[c]"
"Leaver Dept.","2022","Unknown","Other ethnicity","Overseas","Overseas","[c]","[c]","[c]","[c]"
"Leaver Dept.","2022","Unknown","Other ethnicity","Scotland","Aberdeen City and Aberdeenshire","[c]","[c]","[c]","[c]"
"Leaver Dept.","2022","Unknown","Other ethnicity","Scotland","Angus and Dundee City","[c]","[c]","[c]","[c]"
"Leaver Dept.","2022","Unknown","Other ethnicity","Scotland","Caithness and Sutherland, and Ross and Cromarty","[c]","[c]","[c]","[c]"
"Leaver Dept.","2022","Unknown","Other ethnicity","Scotland","City of Edinburgh","[c]","[c]","[c]","[c]"
"Leaver Dept.","2022","Unknown","Other ethnicity","Scotland","Clackmannanshire and Fife","[c]","[c]","[c]","[c]"
"Leaver Dept.","2022","Unknown","Other ethnicity","Scotland","Dumfries and Galloway","[c]","[c]","[c]","[c]"
"Leaver Dept.","2022","Unknown","Other ethnicity","Scotland","East Ayrshire and North Ayrshire mainland","[c]","[c]","[c]","[c]"
"Leaver Dept.","2022","Unknown","Other ethnicity","Scotland","East Dunbartonshire, West Dunbartonshire, and Helensburgh and Lomond","[c]","[c]","[c]","[c]"
"Leaver Dept.","2022","Unknown","Other ethnicity","Scotland","East Lothian and Midlothian","[c]","[c]","[c]","[c]"
"Leaver Dept.","2022","Unknown","Other ethnicity","Scotland","Falkirk","[c]","[c]","[c]","[c]"
"Leaver Dept.","2022","Unknown","Other ethnicity","Scotland","Glasgow City","[c]","[c]","[c]","[c]"
"Leaver Dept.","2022","Unknown","Other ethnicity","Scotland","Inverclyde, East Renfrewshire, and Renfrewshire","[c]","[c]","[c]","[c]"
"Leaver Dept.","2022","Unknown","Other ethnicity","Scotland","Inverness and Nairn, Moray, and Badenoch and Strathspey","[c]","[c]","[c]","[c]"
"Leaver Dept.","2022","Unknown","Other ethnicity","Scotland","Lochaber, Skye and Lochalsh, Arran and Cumbrae, and Argyll and Bute","[c]","[c]","[c]","[c]"
"Leaver Dept.","2022","Unknown","Other ethnicity","Scotland","Na h-Eileanan Siar","[c]","[c]","[c]","[c]"
"Leaver Dept.","2022","Unknown","Other ethnicity","Scotland","North Lanarkshire","[c]","[c]","[c]","[c]"
"Leaver Dept.","2022","Unknown","Other ethnicity","Scotland","Orkney Islands","[c]","[c]","[c]","[c]"
"Leaver Dept.","2022","Unknown","Other ethnicity","Scotland","Perth and Kinross, and Stirling","[c]","[c]","[c]","[c]"
"Leaver Dept.","2022","Unknown","Other ethnicity","Scotland","Scottish Borders","[c]","[c]","[c]","[c]"
"Leaver Dept.","2022","Unknown","Other ethnicity","Scotland","South Ayrshire","[c]","[c]","[c]","[c]"
"Leaver Dept.","2022","Unknown","Other ethnicity","Scotland","South Lanarkshire","[c]","[c]","[c]","[c]"
"Leaver Dept.","2022","Unknown","Other ethnicity","Scotland","West Lothian","[c]","[c]","[c]","[c]"
"Leaver Dept.","2022","Unknown","Other ethnicity","South East (England)","Berkshire","[c]","[c]","[c]","[c]"
"Leaver Dept.","2022","Unknown","Other ethnicity","South East (England)","Brighton and Hove","[c]","[c]","[c]","[c]"
"Leaver Dept.","2022","Unknown","Other ethnicity","South East (England)","Buckinghamshire","[c]","[c]","[c]","[c]"
"Leaver Dept.","2022","Unknown","Other ethnicity","South East (England)","Central Hampshire","[c]","[c]","[c]","[c]"
"Leaver Dept.","2022","Unknown","Other ethnicity","South East (England)","East Kent","[c]","[c]","[c]","[c]"
"Leaver Dept.","2022","Unknown","Other ethnicity","South East (England)","East Surrey","[c]","[c]","[c]","[c]"
"Leaver Dept.","2022","Unknown","Other ethnicity","South East (England)","East Sussex CC","[c]","[c]","[c]","[c]"
"Leaver Dept.","2022","Unknown","Other ethnicity","South East (England)","Isle of Wight","[c]","[c]","[c]","[c]"
"Leaver Dept.","2022","Unknown","Other ethnicity","South East (England)","Kent Thames Gateway","[c]","[c]","[c]","[c]"
"Leaver Dept.","2022","Unknown","Other ethnicity","South East (England)","Medway","[c]","[c]","[c]","[c]"
"Leaver Dept.","2022","Unknown","Other ethnicity","South East (England)","Mid Kent","[c]","[c]","[c]","[c]"
"Leaver Dept.","2022","Unknown","Other ethnicity","South East (England)","Milton Keynes","[c]","[c]","[c]","[c]"
"Leaver Dept.","2022","Unknown","Other ethnicity","South East (England)","North Hampshire","[c]","[c]","[c]","[c]"
"Leaver Dept.","2022","Unknown","Other ethnicity","South East (England)","Oxfordshire CC","[c]","[c]","[c]","[c]"
"Leaver Dept.","2022","Unknown","Other ethnicity","South East (England)","Portsmouth","[c]","[c]","[c]","[c]"
"Leaver Dept.","2022","Unknown","Other ethnicity","South East (England)","South Hampshire","[c]","[c]","[c]","[c]"
"Leaver Dept.","2022","Unknown","Other ethnicity","South East (England)","Southampton","[c]","[c]","[c]","[c]"
"Leaver Dept.","2022","Unknown","Other ethnicity","South East (England)","West Kent","[c]","[c]","[c]","[c]"
"Leaver Dept.","2022","Unknown","Other ethnicity","South East (England)","West Surrey","[c]","[c]","[c]","[c]"
"Leaver Dept.","2022","Unknown","Other ethnicity","South East (England)","West Sussex (North East)","[c]","[c]","[c]","[c]"
"Leaver Dept.","2022","Unknown","Other ethnicity","South East (England)","West Sussex (South West)","[c]","[c]","[c]","[c]"
"Leaver Dept.","2022","Unknown","Other ethnicity","South West (England)","Bath and North East Somerset, North Somerset and South Gloucestershire","[c]","[c]","[c]","[c]"
"Leaver Dept.","2022","Unknown","Other ethnicity","South West (England)","Bournemouth, Christchurch and Poole","[c]","[c]","[c]","[c]"
"Leaver Dept.","2022","Unknown","Other ethnicity","South West (England)","Bristol, City of","[c]","[c]","[c]","[c]"
"Leaver Dept.","2022","Unknown","Other ethnicity","South West (England)","Cornwall and Isles of Scilly","[c]","[c]","[c]","[c]"
"Leaver Dept.","2022","Unknown","Other ethnicity","South West (England)","Devon CC","[c]","[c]","[c]","[c]"
"Leaver Dept.","2022","Unknown","Other ethnicity","South West (England)","Dorset","[c]","[c]","[c]","[c]"
"Leaver Dept.","2022","Unknown","Other ethnicity","South West (England)","Gloucestershire CC","[c]","[c]","[c]","[c]"
"Leaver Dept.","2022","Unknown","Other ethnicity","South West (England)","Plymouth","[c]","[c]","[c]","[c]"
"Leaver Dept.","2022","Unknown","Other ethnicity","South West (England)","Somerset CC","[c]","[c]","[c]","[c]"
"Leaver Dept.","2022","Unknown","Other ethnicity","South West (England)","Swindon","[c]","[c]","[c]","[c]"
"Leaver Dept.","2022","Unknown","Other ethnicity","South West (England)","Torbay","[c]","[c]","[c]","[c]"
"Leaver Dept.","2022","Unknown","Other ethnicity","South West (England)","Wiltshire","[c]","[c]","[c]","[c]"
"Leaver Dept.","2022","Unknown","Other ethnicity","Unknown","Unknown","[c]","[c]","[c]","[c]"
"Leaver Dept.","2022","Unknown","Other ethnicity","Wales","Bridgend and Neath Port Talbot","[c]","[c]","[c]","[c]"
"Leaver Dept.","2022","Unknown","Other ethnicity","Wales","Cardiff and Vale of Glamorgan","[c]","[c]","[c]","[c]"
"Leaver Dept.","2022","Unknown","Other ethnicity","Wales","Central Valleys","[c]","[c]","[c]","[c]"
"Leaver Dept.","2022","Unknown","Other ethnicity","Wales","Conwy and Denbighshire","[c]","[c]","[c]","[c]"
"Leaver Dept.","2022","Unknown","Other ethnicity","Wales","Flintshire and Wrexham","[c]","[c]","[c]","[c]"
"Leaver Dept.","2022","Unknown","Other ethnicity","Wales","Gwent Valleys","[c]","[c]","[c]","[c]"
"Leaver Dept.","2022","Unknown","Other ethnicity","Wales","Gwynedd","[c]","[c]","[c]","[c]"
"Leaver Dept.","2022","Unknown","Other ethnicity","Wales","Isle of Anglesey","[c]","[c]","[c]","[c]"
"Leaver Dept.","2022","Unknown","Other ethnicity","Wales","Monmouthshire and Newport","[c]","[c]","[c]","[c]"
"Leaver Dept.","2022","Unknown","Other ethnicity","Wales","Powys","[c]","[c]","[c]","[c]"
"Leaver Dept.","2022","Unknown","Other ethnicity","Wales","South West Wales","[c]","[c]","[c]","[c]"
"Leaver Dept.","2022","Unknown","Other ethnicity","Wales","Swansea","[c]","[c]","[c]","[c]"
"Leaver Dept.","2022","Unknown","Other ethnicity","West Midlands (England)","Birmingham","[c]","[c]","[c]","[c]"
"Leaver Dept.","2022","Unknown","Other ethnicity","West Midlands (England)","Coventry","[c]","[c]","[c]","[c]"
"Leaver Dept.","2022","Unknown","Other ethnicity","West Midlands (England)","Dudley","[c]","[c]","[c]","[c]"
"Leaver Dept.","2022","Unknown","Other ethnicity","West Midlands (England)","Herefordshire, County of","[c]","[c]","[c]","[c]"
"Leaver Dept.","2022","Unknown","Other ethnicity","West Midlands (England)","Sandwell","[c]","[c]","[c]","[c]"
"Leaver Dept.","2022","Unknown","Other ethnicity","West Midlands (England)","Shropshire","[c]","[c]","[c]","[c]"
"Leaver Dept.","2022","Unknown","Other ethnicity","West Midlands (England)","Solihull","[c]","[c]","[c]","[c]"
"Leaver Dept.","2022","Unknown","Other ethnicity","West Midlands (England)","Staffordshire CC","[c]","[c]","[c]","[c]"
"Leaver Dept.","2022","Unknown","Other ethnicity","West Midlands (England)","Stoke-on-Trent","[c]","[c]","[c]","[c]"
"Leaver Dept.","2022","Unknown","Other ethnicity","West Midlands (England)","Telford and Wrekin","[c]","[c]","[c]","[c]"
"Leaver Dept.","2022","Unknown","Other ethnicity","West Midlands (England)","Walsall","[c]","[c]","[c]","[c]"
"Leaver Dept.","2022","Unknown","Other ethnicity","West Midlands (England)","Warwickshire CC","[c]","[c]","[c]","[c]"
"Leaver Dept.","2022","Unknown","Other ethnicity","West Midlands (England)","Wolverhampton","[c]","[c]","[c]","[c]"
"Leaver Dept.","2022","Unknown","Other ethnicity","West Midlands (England)","Worcestershire CC","[c]","[c]","[c]","[c]"
"Leaver Dept.","2022","Unknown","Other ethnicity","Yorkshire and The Humber","Barnsley, Doncaster and Rotherham","[c]","[c]","[c]","[c]"
"Leaver Dept.","2022","Unknown","Other ethnicity","Yorkshire and The Humber","Bradford","[c]","[c]","[c]","[c]"
"Leaver Dept.","2022","Unknown","Other ethnicity","Yorkshire and The Humber","Calderdale and Kirklees","[c]","[c]","[c]","[c]"
"Leaver Dept.","2022","Unknown","Other ethnicity","Yorkshire and The Humber","East Riding of Yorkshire","[c]","[c]","[c]","[c]"
"Leaver Dept.","2022","Unknown","Other ethnicity","Yorkshire and The Humber","Kingston upon Hull, City of","[c]","[c]","[c]","[c]"
"Leaver Dept.","2022","Unknown","Other ethnicity","Yorkshire and The Humber","Leeds","[c]","[c]","[c]","[c]"
"Leaver Dept.","2022","Unknown","Other ethnicity","Yorkshire and The Humber","North and North East Lincolnshire","[c]","[c]","[c]","[c]"
"Leaver Dept.","2022","Unknown","Other ethnicity","Yorkshire and The Humber","North Yorkshire CC","[c]","[c]","[c]","[c]"
"Leaver Dept.","2022","Unknown","Other ethnicity","Yorkshire and The Humber","Sheffield","[c]","[c]","[c]","[c]"
"Leaver Dept.","2022","Unknown","Other ethnicity","Yorkshire and The Humber","Wakefield","[c]","[c]","[c]","[c]"
"Leaver Dept.","2022","Unknown","Other ethnicity","Yorkshire and The Humber","York","[c]","[c]","[c]","[c]"
"Leaver Dept.","2022","Unknown","Undeclared","East Midlands (England)","Nottingham","15","[c]","[c]","[c]"
"Leaver Dept.","2022","Unknown","Undeclared","East of England","Cambridgeshire CC","25","[c]","[c]","[c]"
"Leaver Dept.","2022","Unknown","Undeclared","East of England","Hertfordshire CC","[c]","[c]","[c]","[c]"
"Leaver Dept.","2022","Unknown","Undeclared","East of England","North and West Norfolk","[c]","[c]","[c]","[c]"
"Leaver Dept.","2022","Unknown","Undeclared","East of England","Norwich and East Norfolk","[c]","[c]","[c]","[c]"
"Leaver Dept.","2022","Unknown","Undeclared","East of England","Suffolk CC","[c]","[c]","[c]","[c]"
"Leaver Dept.","2022","Unknown","Undeclared","East of England","West Essex","[c]","[c]","[c]","[c]"
"Leaver Dept.","2022","Unknown","Undeclared","London","Barnet","65","[c]","49310","41310"
"Leaver Dept.","2022","Unknown","Undeclared","London","Hackney and Newham","[c]","[c]","[c]","[c]"
"Leaver Dept.","2022","Unknown","Undeclared","London","Harrow and Hillingdon","[c]","[c]","[c]","[c]"
"Leaver Dept.","2022","Unknown","Undeclared","London","Kensington & Chelsea and Hammersmith & Fulham","[c]","[c]","[c]","[c]"
"Leaver Dept.","2022","Unknown","Undeclared","London","Lambeth","75","[c]","50280","50370"
"Leaver Dept.","2022","Unknown","Undeclared","London","Lewisham and Southwark","15","[c]","[c]","[c]"
"Leaver Dept.","2022","Unknown","Undeclared","London","Tower Hamlets","[c]","[c]","[c]","[c]"
"Leaver Dept.","2022","Unknown","Undeclared","London","Westminster","35","[c]","[c]","[c]"
"Leaver Dept.","2022","Unknown","Undeclared","North East (England)","Tyneside","5","[c]","[c]","[c]"
"Leaver Dept.","2022","Unknown","Undeclared","North West (England)","Greater Manchester South West","[c]","[c]","[c]","[c]"
"Leaver Dept.","2022","Unknown","Undeclared","North West (England)","Liverpool","10","[c]","[c]","[c]"
"Leaver Dept.","2022","Unknown","Undeclared","North West (England)","Manchester","10","[c]","[c]","[c]"
"Leaver Dept.","2022","Unknown","Undeclared","North West (England)","Mid Lancashire","[c]","[c]","[c]","[c]"
"Leaver Dept.","2022","Unknown","Undeclared","North West (England)","Sefton","[c]","[c]","[c]","[c]"
"Leaver Dept.","2022","Unknown","Undeclared","North West (England)","Warrington","[c]","[c]","[c]","[c]"
"Leaver Dept.","2022","Unknown","Undeclared","North West (England)","Wirral","[c]","[c]","[c]","[c]"
"Leaver Dept.","2022","Unknown","Undeclared","Scotland","City of Edinburgh","[c]","[c]","[c]","[c]"
"Leaver Dept.","2022","Unknown","Undeclared","Scotland","Glasgow City","[c]","[c]","[c]","[c]"
"Leaver Dept.","2022","Unknown","Undeclared","Scotland","Perth and Kinross, and Stirling","[c]","[c]","[c]","[c]"
"Leaver Dept.","2022","Unknown","Undeclared","South East (England)","Oxfordshire CC","30","[c]","42820","42380"
"Leaver Dept.","2022","Unknown","Undeclared","South East (England)","South Hampshire","15","[c]","[c]","[c]"
"Leaver Dept.","2022","Unknown","Undeclared","South East (England)","West Sussex (North East)","5","[c]","[c]","[c]"
"Leaver Dept.","2022","Unknown","Undeclared","South West (England)","Bath and North East Somerset, North Somerset and South Gloucestershire","[c]","[c]","[c]","[c]"
"Leaver Dept.","2022","Unknown","Undeclared","South West (England)","Bristol, City of","15","[c]","[c]","[c]"
"Leaver Dept.","2022","Unknown","Undeclared","South West (England)","Cornwall and Isles of Scilly","[c]","[c]","[c]","[c]"
"Leaver Dept.","2022","Unknown","Undeclared","South West (England)","Wiltshire","35","[c]","44910","38870"
"Leaver Dept.","2022","Unknown","Undeclared","Unknown","Unknown","[c]","[c]","[c]","[c]"
"Leaver Dept.","2022","Unknown","Undeclared","Wales","Cardiff and Vale of Glamorgan","[c]","[c]","[c]","[c]"
"Leaver Dept.","2022","Unknown","Undeclared","Wales","Monmouthshire and Newport","40","[c]","32360","29540"
"Leaver Dept.","2022","Unknown","Undeclared","Wales","Swansea","[c]","[c]","[c]","[c]"
"Leaver Dept.","2022","Unknown","Undeclared","West Midlands (England)","Birmingham","15","[c]","[c]","[c]"
"Leaver Dept.","2022","Unknown","Undeclared","West Midlands (England)","Coventry","[c]","[c]","[c]","[c]"
"Leaver Dept.","2022","Unknown","Undeclared","West Midlands (England)","Telford and Wrekin","[c]","[c]","[c]","[c]"
"Leaver Dept.","2022","Unknown","Undeclared","West Midlands (England)","Warwickshire CC","[c]","[c]","[c]","[c]"
"Leaver Dept.","2022","Unknown","Undeclared","West Midlands (England)","Worcestershire CC","[c]","[c]","[c]","[c]"
"Leaver Dept.","2022","Unknown","Undeclared","Yorkshire and The Humber","Kingston upon Hull, City of","[c]","[c]","[c]","[c]"
"Leaver Dept.","2022","Unknown","Undeclared","Yorkshire and The Humber","Leeds","10","[c]","[c]","[c]"
"Leaver Dept.","2022","Unknown","Undeclared","Yorkshire and The Humber","North Yorkshire CC","[c]","[c]","[c]","[c]"
"Leaver Dept.","2022","Unknown","Undeclared","Yorkshire and The Humber","Sheffield","[c]","[c]","[c]","[c]"
"Leaver Dept.","2022","Unknown","Undeclared","Yorkshire and The Humber","York","[c]","[c]","[c]","[c]"
"Leaver Dept.","2022","Unknown","Unknown","East Midlands (England)","Derby","[c]","[c]","[c]","[c]"
"Leaver Dept.","2022","Unknown","Unknown","East Midlands (England)","East Derbyshire","[c]","[c]","[c]","[c]"
"Leaver Dept.","2022","Unknown","Unknown","East Midlands (England)","Leicester","10","[c]","[c]","[c]"
"Leaver Dept.","2022","Unknown","Unknown","East Midlands (England)","Leicestershire CC and Rutland","[c]","[c]","[c]","[c]"
"Leaver Dept.","2022","Unknown","Unknown","East Midlands (England)","Lincolnshire CC","[c]","[c]","[c]","[c]"
"Leaver Dept.","2022","Unknown","Unknown","East Midlands (England)","North Northamptonshire","[c]","[c]","[c]","[c]"
"Leaver Dept.","2022","Unknown","Unknown","East Midlands (England)","North Nottinghamshire","[c]","[c]","[c]","[c]"
"Leaver Dept.","2022","Unknown","Unknown","East Midlands (England)","Nottingham","60","[c]","31260","27020"
"Leaver Dept.","2022","Unknown","Unknown","East Midlands (England)","West Northamptonshire","[c]","[c]","[c]","[c]"
"Leaver Dept.","2022","Unknown","Unknown","East of England","Bedford","[c]","[c]","[c]","[c]"
"Leaver Dept.","2022","Unknown","Unknown","East of England","Cambridgeshire CC","5","[c]","[c]","[c]"
"Leaver Dept.","2022","Unknown","Unknown","East of England","Essex Haven Gateway","[c]","[c]","[c]","[c]"
"Leaver Dept.","2022","Unknown","Unknown","East of England","Heart of Essex","[c]","[c]","[c]","[c]"
"Leaver Dept.","2022","Unknown","Unknown","East of England","Hertfordshire CC","10","[c]","[c]","[c]"
"Leaver Dept.","2022","Unknown","Unknown","East of England","Luton","[c]","[c]","[c]","[c]"
"Leaver Dept.","2022","Unknown","Unknown","East of England","Norwich and East Norfolk","[c]","[c]","[c]","[c]"
"Leaver Dept.","2022","Unknown","Unknown","East of England","Peterborough","5","[c]","[c]","[c]"
"Leaver Dept.","2022","Unknown","Unknown","East of England","Southend-on-Sea","[c]","[c]","[c]","[c]"
"Leaver Dept.","2022","Unknown","Unknown","East of England","Suffolk CC","[c]","[c]","[c]","[c]"
"Leaver Dept.","2022","Unknown","Unknown","East of England","Thurrock","[c]","[c]","[c]","[c]"
"Leaver Dept.","2022","Unknown","Unknown","London","Barnet","5","[c]","[c]","[c]"
"Leaver Dept.","2022","Unknown","Unknown","London","Bexley and Greenwich","[c]","[c]","[c]","[c]"
"Leaver Dept.","2022","Unknown","Unknown","London","Brent","[c]","[c]","[c]","[c]"
"Leaver Dept.","2022","Unknown","Unknown","London","Camden and City of London","15","[c]","[c]","[c]"
"Leaver Dept.","2022","Unknown","Unknown","London","Croydon","65","[c]","31390","32000"
"Leaver Dept.","2022","Unknown","Unknown","London","Ealing","[c]","[c]","[c]","[c]"
"Leaver Dept.","2022","Unknown","Unknown","London","Hackney and Newham","25","[c]","[c]","[c]"
"Leaver Dept.","2022","Unknown","Unknown","London","Haringey and Islington","15","[c]","[c]","[c]"
"Leaver Dept.","2022","Unknown","Unknown","London","Harrow and Hillingdon","10","[c]","[c]","[c]"
"Leaver Dept.","2022","Unknown","Unknown","London","Hounslow and Richmond upon Thames","10","[c]","[c]","[c]"
"Leaver Dept.","2022","Unknown","Unknown","London","Kensington & Chelsea and Hammersmith & Fulham","[c]","[c]","[c]","[c]"
"Leaver Dept.","2022","Unknown","Unknown","London","Lambeth","50","[c]","49220","48860"
"Leaver Dept.","2022","Unknown","Unknown","London","Lewisham and Southwark","15","[c]","[c]","[c]"
"Leaver Dept.","2022","Unknown","Unknown","London","Merton, Kingston upon Thames and Sutton","[c]","[c]","[c]","[c]"
"Leaver Dept.","2022","Unknown","Unknown","London","Redbridge and Waltham Forest","[c]","[c]","[c]","[c]"
"Leaver Dept.","2022","Unknown","Unknown","London","Tower Hamlets","60","[c]","39650","33250"
"Leaver Dept.","2022","Unknown","Unknown","London","Wandsworth","5","[c]","[c]","[c]"
"Leaver Dept.","2022","Unknown","Unknown","London","Westminster","1795","[c]","41340","34550"
"Leaver Dept.","2022","Unknown","Unknown","North East (England)","Darlington","5","[c]","[c]","[c]"
"Leaver Dept.","2022","Unknown","Unknown","North East (England)","Durham","15","[c]","[c]","[c]"
"Leaver Dept.","2022","Unknown","Unknown","North East (England)","Hartlepool and Stockton-on-Tees","[c]","[c]","[c]","[c]"
"Leaver Dept.","2022","Unknown","Unknown","North East (England)","South Teesside","[c]","[c]","[c]","[c]"
"Leaver Dept.","2022","Unknown","Unknown","North East (England)","Sunderland","15","[c]","[c]","[c]"
"Leaver Dept.","2022","Unknown","Unknown","North East (England)","Tyneside","100","[c]","30120","27370"
"Leaver Dept.","2022","Unknown","Unknown","North West (England)","Blackpool","10","[c]","[c]","[c]"
"Leaver Dept.","2022","Unknown","Unknown","North West (England)","Cheshire East","5","[c]","[c]","[c]"
"Leaver Dept.","2022","Unknown","Unknown","North West (England)","East Lancashire","[c]","[c]","[c]","[c]"
"Leaver Dept.","2022","Unknown","Unknown","North West (England)","East Merseyside","5","[c]","[c]","[c]"
"Leaver Dept.","2022","Unknown","Unknown","North West (England)","Greater Manchester North East","5","[c]","[c]","[c]"
"Leaver Dept.","2022","Unknown","Unknown","North West (England)","Greater Manchester North West","[c]","[c]","[c]","[c]"
"Leaver Dept.","2022","Unknown","Unknown","North West (England)","Greater Manchester South East","[c]","[c]","[c]","[c]"
"Leaver Dept.","2022","Unknown","Unknown","North West (England)","Greater Manchester South West","45","[c]","[c]","[c]"
"Leaver Dept.","2022","Unknown","Unknown","North West (England)","Lancaster and Wyre","[c]","[c]","[c]","[c]"
"Leaver Dept.","2022","Unknown","Unknown","North West (England)","Liverpool","40","[c]","[c]","[c]"
"Leaver Dept.","2022","Unknown","Unknown","North West (England)","Manchester","60","[c]","32320","27570"
"Leaver Dept.","2022","Unknown","Unknown","North West (England)","Mid Lancashire","20","[c]","[c]","[c]"
"Leaver Dept.","2022","Unknown","Unknown","North West (England)","Sefton","20","[c]","[c]","[c]"
"Leaver Dept.","2022","Unknown","Unknown","North West (England)","Warrington","[c]","[c]","[c]","[c]"
"Leaver Dept.","2022","Unknown","Unknown","North West (England)","Wirral","[c]","[c]","[c]","[c]"
"Leaver Dept.","2022","Unknown","Unknown","Northern Ireland","Ards and North Down","[c]","[c]","[c]","[c]"
"Leaver Dept.","2022","Unknown","Unknown","Northern Ireland","Belfast","10","[c]","[c]","[c]"
"Leaver Dept.","2022","Unknown","Unknown","Overseas","Overseas","25","[c]","[c]","[c]"
"Leaver Dept.","2022","Unknown","Unknown","Scotland","Aberdeen City and Aberdeenshire","[c]","[c]","[c]","[c]"
"Leaver Dept.","2022","Unknown","Unknown","Scotland","Angus and Dundee City","25","[c]","[c]","[c]"
"Leaver Dept.","2022","Unknown","Unknown","Scotland","City of Edinburgh","55","[c]","34160","30450"
"Leaver Dept.","2022","Unknown","Unknown","Scotland","Dumfries and Galloway","[c]","[c]","[c]","[c]"
"Leaver Dept.","2022","Unknown","Unknown","Scotland","East Ayrshire and North Ayrshire mainland","[c]","[c]","[c]","[c]"
"Leaver Dept.","2022","Unknown","Unknown","Scotland","East Dunbartonshire, West Dunbartonshire, and Helensburgh and Lomond","[c]","[c]","[c]","[c]"
"Leaver Dept.","2022","Unknown","Unknown","Scotland","East Lothian and Midlothian","[c]","[c]","[c]","[c]"
"Leaver Dept.","2022","Unknown","Unknown","Scotland","Falkirk","5","[c]","[c]","[c]"
"Leaver Dept.","2022","Unknown","Unknown","Scotland","Glasgow City","45","[c]","32790","30450"
"Leaver Dept.","2022","Unknown","Unknown","Scotland","Inverclyde, East Renfrewshire, and Renfrewshire","[c]","[c]","[c]","[c]"
"Leaver Dept.","2022","Unknown","Unknown","Scotland","Inverness and Nairn, Moray, and Badenoch and Strathspey","[c]","[c]","[c]","[c]"
"Leaver Dept.","2022","Unknown","Unknown","Scotland","North Lanarkshire","10","[c]","[c]","[c]"
"Leaver Dept.","2022","Unknown","Unknown","Scotland","Perth and Kinross, and Stirling","[c]","[c]","[c]","[c]"
"Leaver Dept.","2022","Unknown","Unknown","Scotland","South Lanarkshire","35","[c]","[c]","[c]"
"Leaver Dept.","2022","Unknown","Unknown","Scotland","West Lothian","[c]","[c]","[c]","[c]"
"Leaver Dept.","2022","Unknown","Unknown","South East (England)","Berkshire","5","[c]","[c]","[c]"
"Leaver Dept.","2022","Unknown","Unknown","South East (England)","Brighton and Hove","[c]","[c]","[c]","[c]"
"Leaver Dept.","2022","Unknown","Unknown","South East (England)","Buckinghamshire","[c]","[c]","[c]","[c]"
"Leaver Dept.","2022","Unknown","Unknown","South East (England)","Central Hampshire","[c]","[c]","[c]","[c]"
"Leaver Dept.","2022","Unknown","Unknown","South East (England)","East Kent","[c]","[c]","[c]","[c]"
"Leaver Dept.","2022","Unknown","Unknown","South East (England)","East Surrey","[c]","[c]","[c]","[c]"
"Leaver Dept.","2022","Unknown","Unknown","South East (England)","East Sussex CC","[c]","[c]","[c]","[c]"
"Leaver Dept.","2022","Unknown","Unknown","South East (England)","Kent Thames Gateway","[c]","[c]","[c]","[c]"
"Leaver Dept.","2022","Unknown","Unknown","South East (England)","Medway","[c]","[c]","[c]","[c]"
"Leaver Dept.","2022","Unknown","Unknown","South East (England)","Mid Kent","[c]","[c]","[c]","[c]"
"Leaver Dept.","2022","Unknown","Unknown","South East (England)","Milton Keynes","10","[c]","[c]","[c]"
"Leaver Dept.","2022","Unknown","Unknown","South East (England)","North Hampshire","[c]","[c]","[c]","[c]"
"Leaver Dept.","2022","Unknown","Unknown","South East (England)","Oxfordshire CC","[c]","[c]","[c]","[c]"
"Leaver Dept.","2022","Unknown","Unknown","South East (England)","Portsmouth","5","[c]","[c]","[c]"
"Leaver Dept.","2022","Unknown","Unknown","South East (England)","South Hampshire","[c]","[c]","[c]","[c]"
"Leaver Dept.","2022","Unknown","Unknown","South East (England)","Southampton","[c]","[c]","[c]","[c]"
"Leaver Dept.","2022","Unknown","Unknown","South East (England)","West Surrey","[c]","[c]","[c]","[c]"
"Leaver Dept.","2022","Unknown","Unknown","South East (England)","West Sussex (North East)","[c]","[c]","[c]","[c]"
"Leaver Dept.","2022","Unknown","Unknown","South East (England)","West Sussex (South West)","[c]","[c]","[c]","[c]"
"Leaver Dept.","2022","Unknown","Unknown","South West (England)","Bath and North East Somerset, North Somerset and South Gloucestershire","20","[c]","[c]","[c]"
"Leaver Dept.","2022","Unknown","Unknown","South West (England)","Bristol, City of","30","[c]","[c]","[c]"
"Leaver Dept.","2022","Unknown","Unknown","South West (England)","Devon CC","[c]","[c]","[c]","[c]"
"Leaver Dept.","2022","Unknown","Unknown","South West (England)","Dorset","[c]","[c]","[c]","[c]"
"Leaver Dept.","2022","Unknown","Unknown","South West (England)","Gloucestershire CC","[c]","[c]","[c]","[c]"
"Leaver Dept.","2022","Unknown","Unknown","South West (England)","Plymouth","10","[c]","[c]","[c]"
"Leaver Dept.","2022","Unknown","Unknown","South West (England)","Somerset CC","[c]","[c]","[c]","[c]"
"Leaver Dept.","2022","Unknown","Unknown","South West (England)","Torbay","[c]","[c]","[c]","[c]"
"Leaver Dept.","2022","Unknown","Unknown","South West (England)","Wiltshire","5","[c]","[c]","[c]"
"Leaver Dept.","2022","Unknown","Unknown","Unknown","Unknown","375","[c]","36730","32000"
"Leaver Dept.","2022","Unknown","Unknown","Wales","Bridgend and Neath Port Talbot","[c]","[c]","[c]","[c]"
"Leaver Dept.","2022","Unknown","Unknown","Wales","Cardiff and Vale of Glamorgan","50","[c]","29570","27570"
"Leaver Dept.","2022","Unknown","Unknown","Wales","Central Valleys","10","[c]","[c]","[c]"
"Leaver Dept.","2022","Unknown","Unknown","Wales","Flintshire and Wrexham","[c]","[c]","[c]","[c]"
"Leaver Dept.","2022","Unknown","Unknown","Wales","Gwent Valleys","[c]","[c]","[c]","[c]"
"Leaver Dept.","2022","Unknown","Unknown","Wales","Monmouthshire and Newport","20","[c]","[c]","[c]"
"Leaver Dept.","2022","Unknown","Unknown","Wales","Swansea","10","[c]","[c]","[c]"
"Leaver Dept.","2022","Unknown","Unknown","West Midlands (England)","Birmingham","100","[c]","26720","22570"
"Leaver Dept.","2022","Unknown","Unknown","West Midlands (England)","Coventry","10","[c]","[c]","[c]"
"Leaver Dept.","2022","Unknown","Unknown","West Midlands (England)","Dudley","[c]","[c]","[c]","[c]"
"Leaver Dept.","2022","Unknown","Unknown","West Midlands (England)","Sandwell","[c]","[c]","[c]","[c]"
"Leaver Dept.","2022","Unknown","Unknown","West Midlands (England)","Shropshire","[c]","[c]","[c]","[c]"
"Leaver Dept.","2022","Unknown","Unknown","West Midlands (England)","Solihull","[c]","[c]","[c]","[c]"
"Leaver Dept.","2022","Unknown","Unknown","West Midlands (England)","Staffordshire CC","5","[c]","[c]","[c]"
"Leaver Dept.","2022","Unknown","Unknown","West Midlands (England)","Stoke-on-Trent","[c]","[c]","[c]","[c]"
"Leaver Dept.","2022","Unknown","Unknown","West Midlands (England)","Telford and Wrekin","5","[c]","[c]","[c]"
"Leaver Dept.","2022","Unknown","Unknown","West Midlands (England)","Walsall","[c]","[c]","[c]","[c]"
"Leaver Dept.","2022","Unknown","Unknown","West Midlands (England)","Warwickshire CC","[c]","[c]","[c]","[c]"
"Leaver Dept.","2022","Unknown","Unknown","West Midlands (England)","Wolverhampton","5","[c]","[c]","[c]"
"Leaver Dept.","2022","Unknown","Unknown","West Midlands (England)","Worcestershire CC","5","[c]","[c]","[c]"
"Leaver Dept.","2022","Unknown","Unknown","Yorkshire and The Humber","Barnsley, Doncaster and Rotherham","[c]","[c]","[c]","[c]"
"Leaver Dept.","2022","Unknown","Unknown","Yorkshire and The Humber","Bradford","15","[c]","[c]","[c]"
"Leaver Dept.","2022","Unknown","Unknown","Yorkshire and The Humber","Calderdale and Kirklees","5","[c]","[c]","[c]"
"Leaver Dept.","2022","Unknown","Unknown","Yorkshire and The Humber","East Riding of Yorkshire","[c]","[c]","[c]","[c]"
"Leaver Dept.","2022","Unknown","Unknown","Yorkshire and The Humber","Leeds","345","[c]","33940","29250"
"Leaver Dept.","2022","Unknown","Unknown","Yorkshire and The Humber","North Yorkshire CC","[c]","[c]","[c]","[c]"
"Leaver Dept.","2022","Unknown","Unknown","Yorkshire and The Humber","Sheffield","30","[c]","[c]","[c]"
"Leaver Dept.","2022","Unknown","Unknown","Yorkshire and The Humber","Wakefield","[c]","[c]","[c]","[c]"
"Leaver Dept.","2022","Unknown","Unknown","Yorkshire and The Humber","York","15","[c]","[c]","[c]"
"Leaver Dept.","2022","Unknown","White","East Midlands (England)","Derby","[c]","[c]","[c]","[c]"
"Leaver Dept.","2022","Unknown","White","East Midlands (England)","East Derbyshire","[c]","[c]","[c]","[c]"
"Leaver Dept.","2022","Unknown","White","East Midlands (England)","Leicester","[c]","[c]","[c]","[c]"
"Leaver Dept.","2022","Unknown","White","East Midlands (England)","Leicestershire CC and Rutland","[c]","[c]","[c]","[c]"
"Leaver Dept.","2022","Unknown","White","East Midlands (England)","Lincolnshire CC","[c]","[c]","[c]","[c]"
"Leaver Dept.","2022","Unknown","White","East Midlands (England)","North Northamptonshire","[c]","[c]","[c]","[c]"
"Leaver Dept.","2022","Unknown","White","East Midlands (England)","North Nottinghamshire","[c]","[c]","[c]","[c]"
"Leaver Dept.","2022","Unknown","White","East Midlands (England)","Nottingham","15","[c]","[c]","[c]"
"Leaver Dept.","2022","Unknown","White","East Midlands (England)","South and West Derbyshire","[c]","[c]","[c]","[c]"
"Leaver Dept.","2022","Unknown","White","East Midlands (England)","South Nottinghamshire","[c]","[c]","[c]","[c]"
"Leaver Dept.","2022","Unknown","White","East Midlands (England)","West Northamptonshire","[c]","[c]","[c]","[c]"
"Leaver Dept.","2022","Unknown","White","East of England","Bedford","[c]","[c]","[c]","[c]"
"Leaver Dept.","2022","Unknown","White","East of England","Breckland and South Norfolk","[c]","[c]","[c]","[c]"
"Leaver Dept.","2022","Unknown","White","East of England","Cambridgeshire CC","35","[c]","46850","40030"
"Leaver Dept.","2022","Unknown","White","East of England","Central Bedfordshire","[c]","[c]","[c]","[c]"
"Leaver Dept.","2022","Unknown","White","East of England","Essex Haven Gateway","[c]","[c]","[c]","[c]"
"Leaver Dept.","2022","Unknown","White","East of England","Essex Thames Gateway","[c]","[c]","[c]","[c]"
"Leaver Dept.","2022","Unknown","White","East of England","Heart of Essex","[c]","[c]","[c]","[c]"
"Leaver Dept.","2022","Unknown","White","East of England","Hertfordshire CC","[c]","[c]","[c]","[c]"
"Leaver Dept.","2022","Unknown","White","East of England","Luton","[c]","[c]","[c]","[c]"
"Leaver Dept.","2022","Unknown","White","East of England","North and West Norfolk","[c]","[c]","[c]","[c]"
"Leaver Dept.","2022","Unknown","White","East of England","Norwich and East Norfolk","[c]","[c]","[c]","[c]"
"Leaver Dept.","2022","Unknown","White","East of England","Peterborough","[c]","[c]","[c]","[c]"
"Leaver Dept.","2022","Unknown","White","East of England","Southend-on-Sea","[c]","[c]","[c]","[c]"
"Leaver Dept.","2022","Unknown","White","East of England","Suffolk CC","10","[c]","[c]","[c]"
"Leaver Dept.","2022","Unknown","White","East of England","Thurrock","[c]","[c]","[c]","[c]"
"Leaver Dept.","2022","Unknown","White","East of England","West Essex","[c]","[c]","[c]","[c]"
"Leaver Dept.","2022","Unknown","White","London","Barking & Dagenham and Havering","[c]","[c]","[c]","[c]"
"Leaver Dept.","2022","Unknown","White","London","Barnet","185","[c]","51510","46000"
"Leaver Dept.","2022","Unknown","White","London","Bexley and Greenwich","[c]","[c]","[c]","[c]"
"Leaver Dept.","2022","Unknown","White","London","Brent","[c]","[c]","[c]","[c]"
"Leaver Dept.","2022","Unknown","White","London","Bromley","[c]","[c]","[c]","[c]"
"Leaver Dept.","2022","Unknown","White","London","Camden and City of London","[c]","[c]","[c]","[c]"
"Leaver Dept.","2022","Unknown","White","London","Croydon","[c]","[c]","[c]","[c]"
"Leaver Dept.","2022","Unknown","White","London","Ealing","[c]","[c]","[c]","[c]"
"Leaver Dept.","2022","Unknown","White","London","Enfield","[c]","[c]","[c]","[c]"
"Leaver Dept.","2022","Unknown","White","London","Hackney and Newham","[c]","[c]","[c]","[c]"
"Leaver Dept.","2022","Unknown","White","London","Haringey and Islington","[c]","[c]","[c]","[c]"
"Leaver Dept.","2022","Unknown","White","London","Harrow and Hillingdon","[c]","[c]","[c]","[c]"
"Leaver Dept.","2022","Unknown","White","London","Hounslow and Richmond upon Thames","[c]","[c]","[c]","[c]"
"Leaver Dept.","2022","Unknown","White","London","Kensington & Chelsea and Hammersmith & Fulham","[c]","[c]","[c]","[c]"
"Leaver Dept.","2022","Unknown","White","London","Lambeth","155","[c]","52870","46540"
"Leaver Dept.","2022","Unknown","White","London","Lewisham and Southwark","30","[c]","63100","56860"
"Leaver Dept.","2022","Unknown","White","London","Merton, Kingston upon Thames and Sutton","[c]","[c]","[c]","[c]"
"Leaver Dept.","2022","Unknown","White","London","Redbridge and Waltham Forest","[c]","[c]","[c]","[c]"
"Leaver Dept.","2022","Unknown","White","London","Tower Hamlets","15","[c]","[c]","[c]"
"Leaver Dept.","2022","Unknown","White","London","Wandsworth","[c]","[c]","[c]","[c]"
"Leaver Dept.","2022","Unknown","White","London","Westminster","185","[c]","46280","40230"
"Leaver Dept.","2022","Unknown","White","North East (England)","Darlington","5","[c]","[c]","[c]"
"Leaver Dept.","2022","Unknown","White","North East (England)","Durham","[c]","[c]","[c]","[c]"
"Leaver Dept.","2022","Unknown","White","North East (England)","Hartlepool and Stockton-on-Tees","[c]","[c]","[c]","[c]"
"Leaver Dept.","2022","Unknown","White","North East (England)","Northumberland","[c]","[c]","[c]","[c]"
"Leaver Dept.","2022","Unknown","White","North East (England)","South Teesside","[c]","[c]","[c]","[c]"
"Leaver Dept.","2022","Unknown","White","North East (England)","Sunderland","[c]","[c]","[c]","[c]"
"Leaver Dept.","2022","Unknown","White","North East (England)","Tyneside","40","[c]","41810","36330"
"Leaver Dept.","2022","Unknown","White","North West (England)","Blackburn with Darwen","[c]","[c]","[c]","[c]"
"Leaver Dept.","2022","Unknown","White","North West (England)","Blackpool","[c]","[c]","[c]","[c]"
"Leaver Dept.","2022","Unknown","White","North West (England)","Cheshire East","[c]","[c]","[c]","[c]"
"Leaver Dept.","2022","Unknown","White","North West (England)","Cheshire West and Chester","[c]","[c]","[c]","[c]"
"Leaver Dept.","2022","Unknown","White","North West (England)","Chorley and West Lancashire","[c]","[c]","[c]","[c]"
"Leaver Dept.","2022","Unknown","White","North West (England)","East Cumbria","[c]","[c]","[c]","[c]"
"Leaver Dept.","2022","Unknown","White","North West (England)","East Lancashire","[c]","[c]","[c]","[c]"
"Leaver Dept.","2022","Unknown","White","North West (England)","East Merseyside","[c]","[c]","[c]","[c]"
"Leaver Dept.","2022","Unknown","White","North West (England)","Greater Manchester North East","[c]","[c]","[c]","[c]"
"Leaver Dept.","2022","Unknown","White","North West (England)","Greater Manchester North West","[c]","[c]","[c]","[c]"
"Leaver Dept.","2022","Unknown","White","North West (England)","Greater Manchester South East","[c]","[c]","[c]","[c]"
"Leaver Dept.","2022","Unknown","White","North West (England)","Greater Manchester South West","[c]","[c]","[c]","[c]"
"Leaver Dept.","2022","Unknown","White","North West (England)","Lancaster and Wyre","[c]","[c]","[c]","[c]"
"Leaver Dept.","2022","Unknown","White","North West (England)","Liverpool","35","[c]","44270","36760"
"Leaver Dept.","2022","Unknown","White","North West (England)","Manchester","80","[c]","36460","30760"
"Leaver Dept.","2022","Unknown","White","North West (England)","Mid Lancashire","5","[c]","[c]","[c]"
"Leaver Dept.","2022","Unknown","White","North West (England)","Sefton","10","[c]","[c]","[c]"
"Leaver Dept.","2022","Unknown","White","North West (England)","Warrington","10","[c]","[c]","[c]"
"Leaver Dept.","2022","Unknown","White","North West (England)","West Cumbria","[c]","[c]","[c]","[c]"
"Leaver Dept.","2022","Unknown","White","North West (England)","Wirral","[c]","[c]","[c]","[c]"
"Leaver Dept.","2022","Unknown","White","Northern Ireland","Ards and North Down","[c]","[c]","[c]","[c]"
"Leaver Dept.","2022","Unknown","White","Northern Ireland","Belfast","[c]","[c]","[c]","[c]"
"Leaver Dept.","2022","Unknown","White","Northern Ireland","Lisburn and Castlereagh","[c]","[c]","[c]","[c]"
"Leaver Dept.","2022","Unknown","White","Overseas","Overseas","[c]","[c]","[c]","[c]"
"Leaver Dept.","2022","Unknown","White","Scotland","Aberdeen City and Aberdeenshire","[c]","[c]","[c]","[c]"
"Leaver Dept.","2022","Unknown","White","Scotland","Angus and Dundee City","15","[c]","[c]","[c]"
"Leaver Dept.","2022","Unknown","White","Scotland","Caithness and Sutherland, and Ross and Cromarty","[c]","[c]","[c]","[c]"
"Leaver Dept.","2022","Unknown","White","Scotland","City of Edinburgh","10","[c]","[c]","[c]"
"Leaver Dept.","2022","Unknown","White","Scotland","Clackmannanshire and Fife","[c]","[c]","[c]","[c]"
"Leaver Dept.","2022","Unknown","White","Scotland","Dumfries and Galloway","[c]","[c]","[c]","[c]"
"Leaver Dept.","2022","Unknown","White","Scotland","East Ayrshire and North Ayrshire mainland","[c]","[c]","[c]","[c]"
"Leaver Dept.","2022","Unknown","White","Scotland","East Dunbartonshire, West Dunbartonshire, and Helensburgh and Lomond","[c]","[c]","[c]","[c]"
"Leaver Dept.","2022","Unknown","White","Scotland","East Lothian and Midlothian","[c]","[c]","[c]","[c]"
"Leaver Dept.","2022","Unknown","White","Scotland","Falkirk","[c]","[c]","[c]","[c]"
"Leaver Dept.","2022","Unknown","White","Scotland","Glasgow City","25","[c]","[c]","[c]"
"Leaver Dept.","2022","Unknown","White","Scotland","Inverclyde, East Renfrewshire, and Renfrewshire","[c]","[c]","[c]","[c]"
"Leaver Dept.","2022","Unknown","White","Scotland","Inverness and Nairn, Moray, and Badenoch and Strathspey","[c]","[c]","[c]","[c]"
"Leaver Dept.","2022","Unknown","White","Scotland","Lochaber, Skye and Lochalsh, Arran and Cumbrae, and Argyll and Bute","[c]","[c]","[c]","[c]"
"Leaver Dept.","2022","Unknown","White","Scotland","Na h-Eileanan Siar","[c]","[c]","[c]","[c]"
"Leaver Dept.","2022","Unknown","White","Scotland","North Lanarkshire","[c]","[c]","[c]","[c]"
"Leaver Dept.","2022","Unknown","White","Scotland","Orkney Islands","[c]","[c]","[c]","[c]"
"Leaver Dept.","2022","Unknown","White","Scotland","Perth and Kinross, and Stirling","[c]","[c]","[c]","[c]"
"Leaver Dept.","2022","Unknown","White","Scotland","Scottish Borders","[c]","[c]","[c]","[c]"
"Leaver Dept.","2022","Unknown","White","Scotland","South Ayrshire","[c]","[c]","[c]","[c]"
"Leaver Dept.","2022","Unknown","White","Scotland","South Lanarkshire","5","[c]","[c]","[c]"
"Leaver Dept.","2022","Unknown","White","Scotland","West Lothian","[c]","[c]","[c]","[c]"
"Leaver Dept.","2022","Unknown","White","South East (England)","Berkshire","[c]","[c]","[c]","[c]"
"Leaver Dept.","2022","Unknown","White","South East (England)","Brighton and Hove","[c]","[c]","[c]","[c]"
"Leaver Dept.","2022","Unknown","White","South East (England)","Buckinghamshire","[c]","[c]","[c]","[c]"
"Leaver Dept.","2022","Unknown","White","South East (England)","Central Hampshire","[c]","[c]","[c]","[c]"
"Leaver Dept.","2022","Unknown","White","South East (England)","East Kent","5","[c]","[c]","[c]"
"Leaver Dept.","2022","Unknown","White","South East (England)","East Surrey","[c]","[c]","[c]","[c]"
"Leaver Dept.","2022","Unknown","White","South East (England)","East Sussex CC","[c]","[c]","[c]","[c]"
"Leaver Dept.","2022","Unknown","White","South East (England)","Isle of Wight","[c]","[c]","[c]","[c]"
"Leaver Dept.","2022","Unknown","White","South East (England)","Kent Thames Gateway","[c]","[c]","[c]","[c]"
"Leaver Dept.","2022","Unknown","White","South East (England)","Medway","[c]","[c]","[c]","[c]"
"Leaver Dept.","2022","Unknown","White","South East (England)","Mid Kent","5","[c]","[c]","[c]"
"Leaver Dept.","2022","Unknown","White","South East (England)","Milton Keynes","[c]","[c]","[c]","[c]"
"Leaver Dept.","2022","Unknown","White","South East (England)","North Hampshire","[c]","[c]","[c]","[c]"
"Leaver Dept.","2022","Unknown","White","South East (England)","Oxfordshire CC","100","[c]","51380","51940"
"Leaver Dept.","2022","Unknown","White","South East (England)","Portsmouth","[c]","[c]","[c]","[c]"
"Leaver Dept.","2022","Unknown","White","South East (England)","South Hampshire","10","[c]","[c]","[c]"
"Leaver Dept.","2022","Unknown","White","South East (England)","Southampton","[c]","[c]","[c]","[c]"
"Leaver Dept.","2022","Unknown","White","South East (England)","West Kent","[c]","[c]","[c]","[c]"
"Leaver Dept.","2022","Unknown","White","South East (England)","West Surrey","[c]","[c]","[c]","[c]"
"Leaver Dept.","2022","Unknown","White","South East (England)","West Sussex (North East)","[c]","[c]","[c]","[c]"
"Leaver Dept.","2022","Unknown","White","South East (England)","West Sussex (South West)","[c]","[c]","[c]","[c]"
"Leaver Dept.","2022","Unknown","White","South West (England)","Bath and North East Somerset, North Somerset and South Gloucestershire","30","[c]","35310","33610"
"Leaver Dept.","2022","Unknown","White","South West (England)","Bournemouth, Christchurch and Poole","[c]","[c]","[c]","[c]"
"Leaver Dept.","2022","Unknown","White","South West (England)","Bristol, City of","75","[c]","44550","39170"
"Leaver Dept.","2022","Unknown","White","South West (England)","Cornwall and Isles of Scilly","[c]","[c]","[c]","[c]"
"Leaver Dept.","2022","Unknown","White","South West (England)","Devon CC","5","[c]","[c]","[c]"
"Leaver Dept.","2022","Unknown","White","South West (England)","Dorset","[c]","[c]","[c]","[c]"
"Leaver Dept.","2022","Unknown","White","South West (England)","Gloucestershire CC","5","[c]","[c]","[c]"
"Leaver Dept.","2022","Unknown","White","South West (England)","Plymouth","[c]","[c]","[c]","[c]"
"Leaver Dept.","2022","Unknown","White","South West (England)","Somerset CC","[c]","[c]","[c]","[c]"
"Leaver Dept.","2022","Unknown","White","South West (England)","Swindon","[c]","[c]","[c]","[c]"
"Leaver Dept.","2022","Unknown","White","South West (England)","Torbay","[c]","[c]","[c]","[c]"
"Leaver Dept.","2022","Unknown","White","South West (England)","Wiltshire","145","[c]","45830","42480"
"Leaver Dept.","2022","Unknown","White","Unknown","Unknown","20","[c]","[c]","[c]"
"Leaver Dept.","2022","Unknown","White","Wales","Bridgend and Neath Port Talbot","[c]","[c]","[c]","[c]"
"Leaver Dept.","2022","Unknown","White","Wales","Cardiff and Vale of Glamorgan","15","[c]","[c]","[c]"
"Leaver Dept.","2022","Unknown","White","Wales","Central Valleys","[c]","[c]","[c]","[c]"
"Leaver Dept.","2022","Unknown","White","Wales","Conwy and Denbighshire","[c]","[c]","[c]","[c]"
"Leaver Dept.","2022","Unknown","White","Wales","Flintshire and Wrexham","[c]","[c]","[c]","[c]"
"Leaver Dept.","2022","Unknown","White","Wales","Gwent Valleys","[c]","[c]","[c]","[c]"
"Leaver Dept.","2022","Unknown","White","Wales","Gwynedd","[c]","[c]","[c]","[c]"
"Leaver Dept.","2022","Unknown","White","Wales","Isle of Anglesey","[c]","[c]","[c]","[c]"
"Leaver Dept.","2022","Unknown","White","Wales","Monmouthshire and Newport","5","[c]","[c]","[c]"
"Leaver Dept.","2022","Unknown","White","Wales","Powys","[c]","[c]","[c]","[c]"
"Leaver Dept.","2022","Unknown","White","Wales","South West Wales","[c]","[c]","[c]","[c]"
"Leaver Dept.","2022","Unknown","White","Wales","Swansea","[c]","[c]","[c]","[c]"
"Leaver Dept.","2022","Unknown","White","West Midlands (England)","Birmingham","55","[c]","42010","38540"
"Leaver Dept.","2022","Unknown","White","West Midlands (England)","Coventry","[c]","[c]","[c]","[c]"
"Leaver Dept.","2022","Unknown","White","West Midlands (England)","Dudley","[c]","[c]","[c]","[c]"
"Leaver Dept.","2022","Unknown","White","West Midlands (England)","Herefordshire, County of","[c]","[c]","[c]","[c]"
"Leaver Dept.","2022","Unknown","White","West Midlands (England)","Sandwell","[c]","[c]","[c]","[c]"
"Leaver Dept.","2022","Unknown","White","West Midlands (England)","Shropshire","[c]","[c]","[c]","[c]"
"Leaver Dept.","2022","Unknown","White","West Midlands (England)","Solihull","[c]","[c]","[c]","[c]"
"Leaver Dept.","2022","Unknown","White","West Midlands (England)","Staffordshire CC","[c]","[c]","[c]","[c]"
"Leaver Dept.","2022","Unknown","White","West Midlands (England)","Stoke-on-Trent","[c]","[c]","[c]","[c]"
"Leaver Dept.","2022","Unknown","White","West Midlands (England)","Telford and Wrekin","[c]","[c]","[c]","[c]"
"Leaver Dept.","2022","Unknown","White","West Midlands (England)","Walsall","[c]","[c]","[c]","[c]"
"Leaver Dept.","2022","Unknown","White","West Midlands (England)","Warwickshire CC","[c]","[c]","[c]","[c]"
"Leaver Dept.","2022","Unknown","White","West Midlands (England)","Wolverhampton","[c]","[c]","[c]","[c]"
"Leaver Dept.","2022","Unknown","White","West Midlands (England)","Worcestershire CC","[c]","[c]","[c]","[c]"
"Leaver Dept.","2022","Unknown","White","Yorkshire and The Humber","Barnsley, Doncaster and Rotherham","[c]","[c]","[c]","[c]"
"Leaver Dept.","2022","Unknown","White","Yorkshire and The Humber","Bradford","[c]","[c]","[c]","[c]"
"Leaver Dept.","2022","Unknown","White","Yorkshire and The Humber","Calderdale and Kirklees","[c]","[c]","[c]","[c]"
"Leaver Dept.","2022","Unknown","White","Yorkshire and The Humber","East Riding of Yorkshire","[c]","[c]","[c]","[c]"
"Leaver Dept.","2022","Unknown","White","Yorkshire and The Humber","Kingston upon Hull, City of","[c]","[c]","[c]","[c]"
"Leaver Dept.","2022","Unknown","White","Yorkshire and The Humber","Leeds","95","[c]","42940","38730"
"Leaver Dept.","2022","Unknown","White","Yorkshire and The Humber","North and North East Lincolnshire","[c]","[c]","[c]","[c]"
"Leaver Dept.","2022","Unknown","White","Yorkshire and The Humber","North Yorkshire CC","[c]","[c]","[c]","[c]"
"Leaver Dept.","2022","Unknown","White","Yorkshire and The Humber","Sheffield","10","[c]","[c]","[c]"
"Leaver Dept.","2022","Unknown","White","Yorkshire and The Humber","Wakefield","[c]","[c]","[c]","[c]"
"Leaver Dept.","2022","Unknown","White","Yorkshire and The Humber","York","10","[c]","[c]","[c]"
"New entrant CS","2022","Declared disabled","Asian","East Midlands (England)","Derby","[c]","[c]","[c]","[c]"
"New entrant CS","2022","Declared disabled","Asian","East Midlands (England)","East Derbyshire","[c]","[c]","[c]","[c]"
"New entrant CS","2022","Declared disabled","Asian","East Midlands (England)","Leicester","5","[c]","[c]","[c]"
"New entrant CS","2022","Declared disabled","Asian","East Midlands (England)","Leicestershire CC and Rutland","[c]","[c]","[c]","[c]"
"New entrant CS","2022","Declared disabled","Asian","East Midlands (England)","Lincolnshire CC","[c]","[c]","[c]","[c]"
"New entrant CS","2022","Declared disabled","Asian","East Midlands (England)","North Northamptonshire","[c]","[c]","[c]","[c]"
"New entrant CS","2022","Declared disabled","Asian","East Midlands (England)","North Nottinghamshire","[c]","[c]","[c]","[c]"
"New entrant CS","2022","Declared disabled","Asian","East Midlands (England)","Nottingham","10","[c]","[c]","[c]"
"New entrant CS","2022","Declared disabled","Asian","East Midlands (England)","South and West Derbyshire","[c]","[c]","[c]","[c]"
"New entrant CS","2022","Declared disabled","Asian","East Midlands (England)","South Nottinghamshire","[c]","[c]","[c]","[c]"
"New entrant CS","2022","Declared disabled","Asian","East Midlands (England)","West Northamptonshire","[c]","[c]","[c]","[c]"
"New entrant CS","2022","Declared disabled","Asian","East of England","Bedford","[c]","[c]","[c]","[c]"
"New entrant CS","2022","Declared disabled","Asian","East of England","Breckland and South Norfolk","[c]","[c]","[c]","[c]"
"New entrant CS","2022","Declared disabled","Asian","East of England","Cambridgeshire CC","[c]","[c]","[c]","[c]"
"New entrant CS","2022","Declared disabled","Asian","East of England","Central Bedfordshire","[c]","[c]","[c]","[c]"
"New entrant CS","2022","Declared disabled","Asian","East of England","Essex Haven Gateway","[c]","[c]","[c]","[c]"
"New entrant CS","2022","Declared disabled","Asian","East of England","Essex Thames Gateway","[c]","[c]","[c]","[c]"
"New entrant CS","2022","Declared disabled","Asian","East of England","Heart of Essex","[c]","[c]","[c]","[c]"
"New entrant CS","2022","Declared disabled","Asian","East of England","Hertfordshire CC","[c]","[c]","[c]","[c]"
"New entrant CS","2022","Declared disabled","Asian","East of England","Luton","[c]","[c]","[c]","[c]"
"New entrant CS","2022","Declared disabled","Asian","East of England","North and West Norfolk","[c]","[c]","[c]","[c]"
"New entrant CS","2022","Declared disabled","Asian","East of England","Norwich and East Norfolk","[c]","[c]","[c]","[c]"
"New entrant CS","2022","Declared disabled","Asian","East of England","Peterborough","[c]","[c]","[c]","[c]"
"New entrant CS","2022","Declared disabled","Asian","East of England","Southend-on-Sea","[c]","[c]","[c]","[c]"
"New entrant CS","2022","Declared disabled","Asian","East of England","Suffolk CC","[c]","[c]","[c]","[c]"
"New entrant CS","2022","Declared disabled","Asian","East of England","Thurrock","[c]","[c]","[c]","[c]"
"New entrant CS","2022","Declared disabled","Asian","East of England","West Essex","[c]","[c]","[c]","[c]"
"New entrant CS","2022","Declared disabled","Asian","London","Barking & Dagenham and Havering","[c]","[c]","[c]","[c]"
"New entrant CS","2022","Declared disabled","Asian","London","Barnet","[c]","[c]","[c]","[c]"
"New entrant CS","2022","Declared disabled","Asian","London","Bexley and Greenwich","[c]","[c]","[c]","[c]"
"New entrant CS","2022","Declared disabled","Asian","London","Brent","[c]","[c]","[c]","[c]"
"New entrant CS","2022","Declared disabled","Asian","London","Bromley","[c]","[c]","[c]","[c]"
"New entrant CS","2022","Declared disabled","Asian","London","Camden and City of London","5","[c]","[c]","[c]"
"New entrant CS","2022","Declared disabled","Asian","London","Croydon","[c]","[c]","[c]","[c]"
"New entrant CS","2022","Declared disabled","Asian","London","Ealing","[c]","[c]","[c]","[c]"
"New entrant CS","2022","Declared disabled","Asian","London","Enfield","[c]","[c]","[c]","[c]"
"New entrant CS","2022","Declared disabled","Asian","London","Hackney and Newham","10","[c]","[c]","[c]"
"New entrant CS","2022","Declared disabled","Asian","London","Haringey and Islington","5","[c]","[c]","[c]"
"New entrant CS","2022","Declared disabled","Asian","London","Harrow and Hillingdon","[c]","[c]","[c]","[c]"
"New entrant CS","2022","Declared disabled","Asian","London","Hounslow and Richmond upon Thames","[c]","[c]","[c]","[c]"
"New entrant CS","2022","Declared disabled","Asian","London","Kensington & Chelsea and Hammersmith & Fulham","[c]","[c]","[c]","[c]"
"New entrant CS","2022","Declared disabled","Asian","London","Lambeth","5","[c]","[c]","[c]"
"New entrant CS","2022","Declared disabled","Asian","London","Lewisham and Southwark","[c]","[c]","[c]","[c]"
"New entrant CS","2022","Declared disabled","Asian","London","Merton, Kingston upon Thames and Sutton","[c]","[c]","[c]","[c]"
"New entrant CS","2022","Declared disabled","Asian","London","Redbridge and Waltham Forest","10","[c]","[c]","[c]"
"New entrant CS","2022","Declared disabled","Asian","London","Tower Hamlets","10","[c]","[c]","[c]"
"New entrant CS","2022","Declared disabled","Asian","London","Wandsworth","[c]","[c]","[c]","[c]"
"New entrant CS","2022","Declared disabled","Asian","London","Westminster","50","[c]","35570","33570"
"New entrant CS","2022","Declared disabled","Asian","North East (England)","Darlington","[c]","[c]","[c]","[c]"
"New entrant CS","2022","Declared disabled","Asian","North East (England)","Durham","[c]","[c]","[c]","[c]"
"New entrant CS","2022","Declared disabled","Asian","North East (England)","Hartlepool and Stockton-on-Tees","[c]","[c]","[c]","[c]"
"New entrant CS","2022","Declared disabled","Asian","North East (England)","Northumberland","[c]","[c]","[c]","[c]"
"New entrant CS","2022","Declared disabled","Asian","North East (England)","South Teesside","[c]","[c]","[c]","[c]"
"New entrant CS","2022","Declared disabled","Asian","North East (England)","Sunderland","[c]","[c]","[c]","[c]"
"New entrant CS","2022","Declared disabled","Asian","North East (England)","Tyneside","5","[c]","[c]","[c]"
"New entrant CS","2022","Declared disabled","Asian","North West (England)","Blackburn with Darwen","[c]","[c]","[c]","[c]"
"New entrant CS","2022","Declared disabled","Asian","North West (England)","Blackpool","[c]","[c]","[c]","[c]"
"New entrant CS","2022","Declared disabled","Asian","North West (England)","Cheshire East","[c]","[c]","[c]","[c]"
"New entrant CS","2022","Declared disabled","Asian","North West (England)","Cheshire West and Chester","[c]","[c]","[c]","[c]"
"New entrant CS","2022","Declared disabled","Asian","North West (England)","Chorley and West Lancashire","[c]","[c]","[c]","[c]"
"New entrant CS","2022","Declared disabled","Asian","North West (England)","East Cumbria","[c]","[c]","[c]","[c]"
"New entrant CS","2022","Declared disabled","Asian","North West (England)","East Lancashire","[c]","[c]","[c]","[c]"
"New entrant CS","2022","Declared disabled","Asian","North West (England)","East Merseyside","[c]","[c]","[c]","[c]"
"New entrant CS","2022","Declared disabled","Asian","North West (England)","Greater Manchester North East","[c]","[c]","[c]","[c]"
"New entrant CS","2022","Declared disabled","Asian","North West (England)","Greater Manchester North West","[c]","[c]","[c]","[c]"
"New entrant CS","2022","Declared disabled","Asian","North West (England)","Greater Manchester South East","[c]","[c]","[c]","[c]"
"New entrant CS","2022","Declared disabled","Asian","North West (England)","Greater Manchester South West","10","[c]","[c]","[c]"
"New entrant CS","2022","Declared disabled","Asian","North West (England)","Lancaster and Wyre","[c]","[c]","[c]","[c]"
"New entrant CS","2022","Declared disabled","Asian","North West (England)","Liverpool","[c]","[c]","[c]","[c]"
"New entrant CS","2022","Declared disabled","Asian","North West (England)","Manchester","15","[c]","[c]","[c]"
"New entrant CS","2022","Declared disabled","Asian","North West (England)","Mid Lancashire","5","[c]","[c]","[c]"
"New entrant CS","2022","Declared disabled","Asian","North West (England)","Sefton","[c]","[c]","[c]","[c]"
"New entrant CS","2022","Declared disabled","Asian","North West (England)","Warrington","[c]","[c]","[c]","[c]"
"New entrant CS","2022","Declared disabled","Asian","North West (England)","West Cumbria","[c]","[c]","[c]","[c]"
"New entrant CS","2022","Declared disabled","Asian","North West (England)","Wirral","[c]","[c]","[c]","[c]"
"New entrant CS","2022","Declared disabled","Asian","Northern Ireland","Antrim and Newtownabbey","[c]","[c]","[c]","[c]"
"New entrant CS","2022","Declared disabled","Asian","Northern Ireland","Ards and North Down","[c]","[c]","[c]","[c]"
"New entrant CS","2022","Declared disabled","Asian","Northern Ireland","Armagh City, Banbridge and Craigavon","[c]","[c]","[c]","[c]"
"New entrant CS","2022","Declared disabled","Asian","Northern Ireland","Belfast","[c]","[c]","[c]","[c]"
"New entrant CS","2022","Declared disabled","Asian","Northern Ireland","Causeway Coast and Glens","[c]","[c]","[c]","[c]"
"New entrant CS","2022","Declared disabled","Asian","Northern Ireland","Derry City and Strabane","[c]","[c]","[c]","[c]"
"New entrant CS","2022","Declared disabled","Asian","Northern Ireland","Fermanagh and Omagh","[c]","[c]","[c]","[c]"
"New entrant CS","2022","Declared disabled","Asian","Northern Ireland","Lisburn and Castlereagh","[c]","[c]","[c]","[c]"
"New entrant CS","2022","Declared disabled","Asian","Northern Ireland","Mid and East Antrim","[c]","[c]","[c]","[c]"
"New entrant CS","2022","Declared disabled","Asian","Northern Ireland","Mid Ulster","[c]","[c]","[c]","[c]"
"New entrant CS","2022","Declared disabled","Asian","Northern Ireland","Newry, Mourne and Down","[c]","[c]","[c]","[c]"
"New entrant CS","2022","Declared disabled","Asian","Overseas","Overseas","[c]","[c]","[c]","[c]"
"New entrant CS","2022","Declared disabled","Asian","Scotland","Aberdeen City and Aberdeenshire","[c]","[c]","[c]","[c]"
"New entrant CS","2022","Declared disabled","Asian","Scotland","Angus and Dundee City","5","[c]","[c]","[c]"
"New entrant CS","2022","Declared disabled","Asian","Scotland","Caithness and Sutherland, and Ross and Cromarty","[c]","[c]","[c]","[c]"
"New entrant CS","2022","Declared disabled","Asian","Scotland","City of Edinburgh","[c]","[c]","[c]","[c]"
"New entrant CS","2022","Declared disabled","Asian","Scotland","Clackmannanshire and Fife","[c]","[c]","[c]","[c]"
"New entrant CS","2022","Declared disabled","Asian","Scotland","Dumfries and Galloway","[c]","[c]","[c]","[c]"
"New entrant CS","2022","Declared disabled","Asian","Scotland","East Ayrshire and North Ayrshire mainland","[c]","[c]","[c]","[c]"
"New entrant CS","2022","Declared disabled","Asian","Scotland","East Dunbartonshire, West Dunbartonshire, and Helensburgh and Lomond","[c]","[c]","[c]","[c]"
"New entrant CS","2022","Declared disabled","Asian","Scotland","East Lothian and Midlothian","[c]","[c]","[c]","[c]"
"New entrant CS","2022","Declared disabled","Asian","Scotland","Falkirk","[c]","[c]","[c]","[c]"
"New entrant CS","2022","Declared disabled","Asian","Scotland","Glasgow City","5","[c]","[c]","[c]"
"New entrant CS","2022","Declared disabled","Asian","Scotland","Inverclyde, East Renfrewshire, and Renfrewshire","[c]","[c]","[c]","[c]"
"New entrant CS","2022","Declared disabled","Asian","Scotland","Inverness and Nairn, Moray, and Badenoch and Strathspey","[c]","[c]","[c]","[c]"
"New entrant CS","2022","Declared disabled","Asian","Scotland","Lochaber, Skye and Lochalsh, Arran and Cumbrae, and Argyll and Bute","[c]","[c]","[c]","[c]"
"New entrant CS","2022","Declared disabled","Asian","Scotland","Na h-Eileanan Siar","[c]","[c]","[c]","[c]"
"New entrant CS","2022","Declared disabled","Asian","Scotland","North Lanarkshire","[c]","[c]","[c]","[c]"
"New entrant CS","2022","Declared disabled","Asian","Scotland","Orkney Islands","[c]","[c]","[c]","[c]"
"New entrant CS","2022","Declared disabled","Asian","Scotland","Perth and Kinross, and Stirling","[c]","[c]","[c]","[c]"
"New entrant CS","2022","Declared disabled","Asian","Scotland","Scottish Borders","[c]","[c]","[c]","[c]"
"New entrant CS","2022","Declared disabled","Asian","Scotland","Shetland Islands","[c]","[c]","[c]","[c]"
"New entrant CS","2022","Declared disabled","Asian","Scotland","South Ayrshire","[c]","[c]","[c]","[c]"
"New entrant CS","2022","Declared disabled","Asian","Scotland","South Lanarkshire","[c]","[c]","[c]","[c]"
"New entrant CS","2022","Declared disabled","Asian","Scotland","West Lothian","[c]","[c]","[c]","[c]"
"New entrant CS","2022","Declared disabled","Asian","South East (England)","Berkshire","[c]","[c]","[c]","[c]"
"New entrant CS","2022","Declared disabled","Asian","South East (England)","Brighton and Hove","[c]","[c]","[c]","[c]"
"New entrant CS","2022","Declared disabled","Asian","South East (England)","Buckinghamshire","[c]","[c]","[c]","[c]"
"New entrant CS","2022","Declared disabled","Asian","South East (England)","Central Hampshire","[c]","[c]","[c]","[c]"
"New entrant CS","2022","Declared disabled","Asian","South East (England)","East Kent","[c]","[c]","[c]","[c]"
"New entrant CS","2022","Declared disabled","Asian","South East (England)","East Surrey","[c]","[c]","[c]","[c]"
"New entrant CS","2022","Declared disabled","Asian","South East (England)","East Sussex CC","[c]","[c]","[c]","[c]"
"New entrant CS","2022","Declared disabled","Asian","South East (England)","Isle of Wight","[c]","[c]","[c]","[c]"
"New entrant CS","2022","Declared disabled","Asian","South East (England)","Kent Thames Gateway","[c]","[c]","[c]","[c]"
"New entrant CS","2022","Declared disabled","Asian","South East (England)","Medway","[c]","[c]","[c]","[c]"
"New entrant CS","2022","Declared disabled","Asian","South East (England)","Mid Kent","[c]","[c]","[c]","[c]"
"New entrant CS","2022","Declared disabled","Asian","South East (England)","Milton Keynes","[c]","[c]","[c]","[c]"
"New entrant CS","2022","Declared disabled","Asian","South East (England)","North Hampshire","[c]","[c]","[c]","[c]"
"New entrant CS","2022","Declared disabled","Asian","South East (England)","Oxfordshire CC","[c]","[c]","[c]","[c]"
"New entrant CS","2022","Declared disabled","Asian","South East (England)","Portsmouth","[c]","[c]","[c]","[c]"
"New entrant CS","2022","Declared disabled","Asian","South East (England)","South Hampshire","[c]","[c]","[c]","[c]"
"New entrant CS","2022","Declared disabled","Asian","South East (England)","Southampton","[c]","[c]","[c]","[c]"
"New entrant CS","2022","Declared disabled","Asian","South East (England)","West Kent","[c]","[c]","[c]","[c]"
"New entrant CS","2022","Declared disabled","Asian","South East (England)","West Surrey","5","[c]","[c]","[c]"
"New entrant CS","2022","Declared disabled","Asian","South East (England)","West Sussex (North East)","[c]","[c]","[c]","[c]"
"New entrant CS","2022","Declared disabled","Asian","South East (England)","West Sussex (South West)","[c]","[c]","[c]","[c]"
"New entrant CS","2022","Declared disabled","Asian","South West (England)","Bath and North East Somerset, North Somerset and South Gloucestershire","[c]","[c]","[c]","[c]"
"New entrant CS","2022","Declared disabled","Asian","South West (England)","Bournemouth, Christchurch and Poole","[c]","[c]","[c]","[c]"
"New entrant CS","2022","Declared disabled","Asian","South West (England)","Bristol, City of","[c]","[c]","[c]","[c]"
"New entrant CS","2022","Declared disabled","Asian","South West (England)","Cornwall and Isles of Scilly","[c]","[c]","[c]","[c]"
"New entrant CS","2022","Declared disabled","Asian","South West (England)","Devon CC","[c]","[c]","[c]","[c]"
"New entrant CS","2022","Declared disabled","Asian","South West (England)","Dorset","[c]","[c]","[c]","[c]"
"New entrant CS","2022","Declared disabled","Asian","South West (England)","Gloucestershire CC","[c]","[c]","[c]","[c]"
"New entrant CS","2022","Declared disabled","Asian","South West (England)","Plymouth","[c]","[c]","[c]","[c]"
"New entrant CS","2022","Declared disabled","Asian","South West (England)","Somerset CC","[c]","[c]","[c]","[c]"
"New entrant CS","2022","Declared disabled","Asian","South West (England)","Swindon","[c]","[c]","[c]","[c]"
"New entrant CS","2022","Declared disabled","Asian","South West (England)","Torbay","[c]","[c]","[c]","[c]"
"New entrant CS","2022","Declared disabled","Asian","South West (England)","Wiltshire","[c]","[c]","[c]","[c]"
"New entrant CS","2022","Declared disabled","Asian","Unknown","Unknown","[c]","[c]","[c]","[c]"
"New entrant CS","2022","Declared disabled","Asian","Wales","Bridgend and Neath Port Talbot","[c]","[c]","[c]","[c]"
"New entrant CS","2022","Declared disabled","Asian","Wales","Cardiff and Vale of Glamorgan","[c]","[c]","[c]","[c]"
"New entrant CS","2022","Declared disabled","Asian","Wales","Central Valleys","[c]","[c]","[c]","[c]"
"New entrant CS","2022","Declared disabled","Asian","Wales","Conwy and Denbighshire","[c]","[c]","[c]","[c]"
"New entrant CS","2022","Declared disabled","Asian","Wales","Flintshire and Wrexham","[c]","[c]","[c]","[c]"
"New entrant CS","2022","Declared disabled","Asian","Wales","Gwent Valleys","[c]","[c]","[c]","[c]"
"New entrant CS","2022","Declared disabled","Asian","Wales","Gwynedd","[c]","[c]","[c]","[c]"
"New entrant CS","2022","Declared disabled","Asian","Wales","Isle of Anglesey","[c]","[c]","[c]","[c]"
"New entrant CS","2022","Declared disabled","Asian","Wales","Monmouthshire and Newport","[c]","[c]","[c]","[c]"
"New entrant CS","2022","Declared disabled","Asian","Wales","Powys","[c]","[c]","[c]","[c]"
"New entrant CS","2022","Declared disabled","Asian","Wales","South West Wales","[c]","[c]","[c]","[c]"
"New entrant CS","2022","Declared disabled","Asian","Wales","Swansea","[c]","[c]","[c]","[c]"
"New entrant CS","2022","Declared disabled","Asian","West Midlands (England)","Birmingham","35","[c]","29580","27570"
"New entrant CS","2022","Declared disabled","Asian","West Midlands (England)","Coventry","[c]","[c]","[c]","[c]"
"New entrant CS","2022","Declared disabled","Asian","West Midlands (England)","Dudley","[c]","[c]","[c]","[c]"
"New entrant CS","2022","Declared disabled","Asian","West Midlands (England)","Herefordshire, County of","[c]","[c]","[c]","[c]"
"New entrant CS","2022","Declared disabled","Asian","West Midlands (England)","Sandwell","[c]","[c]","[c]","[c]"
"New entrant CS","2022","Declared disabled","Asian","West Midlands (England)","Shropshire","[c]","[c]","[c]","[c]"
"New entrant CS","2022","Declared disabled","Asian","West Midlands (England)","Solihull","[c]","[c]","[c]","[c]"
"New entrant CS","2022","Declared disabled","Asian","West Midlands (England)","Staffordshire CC","[c]","[c]","[c]","[c]"
"New entrant CS","2022","Declared disabled","Asian","West Midlands (England)","Stoke-on-Trent","[c]","[c]","[c]","[c]"
"New entrant CS","2022","Declared disabled","Asian","West Midlands (England)","Telford and Wrekin","[c]","[c]","[c]","[c]"
"New entrant CS","2022","Declared disabled","Asian","West Midlands (England)","Walsall","[c]","[c]","[c]","[c]"
"New entrant CS","2022","Declared disabled","Asian","West Midlands (England)","Warwickshire CC","[c]","[c]","[c]","[c]"
"New entrant CS","2022","Declared disabled","Asian","West Midlands (England)","Wolverhampton","5","[c]","[c]","[c]"
"New entrant CS","2022","Declared disabled","Asian","West Midlands (England)","Worcestershire CC","[c]","[c]","[c]","[c]"
"New entrant CS","2022","Declared disabled","Asian","Yorkshire and The Humber","Barnsley, Doncaster and Rotherham","[c]","[c]","[c]","[c]"
"New entrant CS","2022","Declared disabled","Asian","Yorkshire and The Humber","Bradford","15","[c]","[c]","[c]"
"New entrant CS","2022","Declared disabled","Asian","Yorkshire and The Humber","Calderdale and Kirklees","5","[c]","[c]","[c]"
"New entrant CS","2022","Declared disabled","Asian","Yorkshire and The Humber","East Riding of Yorkshire","[c]","[c]","[c]","[c]"
"New entrant CS","2022","Declared disabled","Asian","Yorkshire and The Humber","Kingston upon Hull, City of","[c]","[c]","[c]","[c]"
"New entrant CS","2022","Declared disabled","Asian","Yorkshire and The Humber","Leeds","10","[c]","[c]","[c]"
"New entrant CS","2022","Declared disabled","Asian","Yorkshire and The Humber","North and North East Lincolnshire","[c]","[c]","[c]","[c]"
"New entrant CS","2022","Declared disabled","Asian","Yorkshire and The Humber","North Yorkshire CC","[c]","[c]","[c]","[c]"
"New entrant CS","2022","Declared disabled","Asian","Yorkshire and The Humber","Sheffield","[c]","[c]","[c]","[c]"
"New entrant CS","2022","Declared disabled","Asian","Yorkshire and The Humber","Wakefield","[c]","[c]","[c]","[c]"
"New entrant CS","2022","Declared disabled","Asian","Yorkshire and The Humber","York","[c]","[c]","[c]","[c]"
"New entrant CS","2022","Declared disabled","Black","East Midlands (England)","Derby","[c]","[c]","[c]","[c]"
"New entrant CS","2022","Declared disabled","Black","East Midlands (England)","East Derbyshire","[c]","[c]","[c]","[c]"
"New entrant CS","2022","Declared disabled","Black","East Midlands (England)","Leicester","[c]","[c]","[c]","[c]"
"New entrant CS","2022","Declared disabled","Black","East Midlands (England)","Leicestershire CC and Rutland","[c]","[c]","[c]","[c]"
"New entrant CS","2022","Declared disabled","Black","East Midlands (England)","Lincolnshire CC","[c]","[c]","[c]","[c]"
"New entrant CS","2022","Declared disabled","Black","East Midlands (England)","North Northamptonshire","[c]","[c]","[c]","[c]"
"New entrant CS","2022","Declared disabled","Black","East Midlands (England)","North Nottinghamshire","[c]","[c]","[c]","[c]"
"New entrant CS","2022","Declared disabled","Black","East Midlands (England)","Nottingham","10","[c]","[c]","[c]"
"New entrant CS","2022","Declared disabled","Black","East Midlands (England)","South and West Derbyshire","[c]","[c]","[c]","[c]"
"New entrant CS","2022","Declared disabled","Black","East Midlands (England)","South Nottinghamshire","[c]","[c]","[c]","[c]"
"New entrant CS","2022","Declared disabled","Black","East Midlands (England)","West Northamptonshire","[c]","[c]","[c]","[c]"
"New entrant CS","2022","Declared disabled","Black","East of England","Bedford","[c]","[c]","[c]","[c]"
"New entrant CS","2022","Declared disabled","Black","East of England","Breckland and South Norfolk","[c]","[c]","[c]","[c]"
"New entrant CS","2022","Declared disabled","Black","East of England","Cambridgeshire CC","[c]","[c]","[c]","[c]"
"New entrant CS","2022","Declared disabled","Black","East of England","Central Bedfordshire","[c]","[c]","[c]","[c]"
"New entrant CS","2022","Declared disabled","Black","East of England","Essex Haven Gateway","[c]","[c]","[c]","[c]"
"New entrant CS","2022","Declared disabled","Black","East of England","Essex Thames Gateway","[c]","[c]","[c]","[c]"
"New entrant CS","2022","Declared disabled","Black","East of England","Heart of Essex","[c]","[c]","[c]","[c]"
"New entrant CS","2022","Declared disabled","Black","East of England","Hertfordshire CC","10","[c]","[c]","[c]"
"New entrant CS","2022","Declared disabled","Black","East of England","Luton","[c]","[c]","[c]","[c]"
"New entrant CS","2022","Declared disabled","Black","East of England","North and West Norfolk","[c]","[c]","[c]","[c]"
"New entrant CS","2022","Declared disabled","Black","East of England","Norwich and East Norfolk","[c]","[c]","[c]","[c]"
"New entrant CS","2022","Declared disabled","Black","East of England","Peterborough","[c]","[c]","[c]","[c]"
"New entrant CS","2022","Declared disabled","Black","East of England","Southend-on-Sea","[c]","[c]","[c]","[c]"
"New entrant CS","2022","Declared disabled","Black","East of England","Suffolk CC","[c]","[c]","[c]","[c]"
"New entrant CS","2022","Declared disabled","Black","East of England","Thurrock","[c]","[c]","[c]","[c]"
"New entrant CS","2022","Declared disabled","Black","East of England","West Essex","[c]","[c]","[c]","[c]"
"New entrant CS","2022","Declared disabled","Black","London","Barking & Dagenham and Havering","5","[c]","[c]","[c]"
"New entrant CS","2022","Declared disabled","Black","London","Barnet","5","[c]","[c]","[c]"
"New entrant CS","2022","Declared disabled","Black","London","Bexley and Greenwich","5","[c]","[c]","[c]"
"New entrant CS","2022","Declared disabled","Black","London","Brent","[c]","[c]","[c]","[c]"
"New entrant CS","2022","Declared disabled","Black","London","Bromley","10","[c]","[c]","[c]"
"New entrant CS","2022","Declared disabled","Black","London","Camden and City of London","[c]","[c]","[c]","[c]"
"New entrant CS","2022","Declared disabled","Black","London","Croydon","15","[c]","[c]","[c]"
"New entrant CS","2022","Declared disabled","Black","London","Ealing","[c]","[c]","[c]","[c]"
"New entrant CS","2022","Declared disabled","Black","London","Enfield","[c]","[c]","[c]","[c]"
"New entrant CS","2022","Declared disabled","Black","London","Hackney and Newham","10","[c]","[c]","[c]"
"New entrant CS","2022","Declared disabled","Black","London","Haringey and Islington","10","[c]","[c]","[c]"
"New entrant CS","2022","Declared disabled","Black","London","Harrow and Hillingdon","[c]","[c]","[c]","[c]"
"New entrant CS","2022","Declared disabled","Black","London","Hounslow and Richmond upon Thames","[c]","[c]","[c]","[c]"
"New entrant CS","2022","Declared disabled","Black","London","Kensington & Chelsea and Hammersmith & Fulham","10","[c]","[c]","[c]"
"New entrant CS","2022","Declared disabled","Black","London","Lambeth","5","[c]","[c]","[c]"
"New entrant CS","2022","Declared disabled","Black","London","Lewisham and Southwark","10","[c]","[c]","[c]"
"New entrant CS","2022","Declared disabled","Black","London","Merton, Kingston upon Thames and Sutton","[c]","[c]","[c]","[c]"
"New entrant CS","2022","Declared disabled","Black","London","Redbridge and Waltham Forest","15","[c]","[c]","[c]"
"New entrant CS","2022","Declared disabled","Black","London","Tower Hamlets","10","[c]","[c]","[c]"
"New entrant CS","2022","Declared disabled","Black","London","Wandsworth","[c]","[c]","[c]","[c]"
"New entrant CS","2022","Declared disabled","Black","London","Westminster","45","[c]","34520","29280"
"New entrant CS","2022","Declared disabled","Black","North East (England)","Darlington","[c]","[c]","[c]","[c]"
"New entrant CS","2022","Declared disabled","Black","North East (England)","Durham","[c]","[c]","[c]","[c]"
"New entrant CS","2022","Declared disabled","Black","North East (England)","Hartlepool and Stockton-on-Tees","[c]","[c]","[c]","[c]"
"New entrant CS","2022","Declared disabled","Black","North East (England)","Northumberland","[c]","[c]","[c]","[c]"
"New entrant CS","2022","Declared disabled","Black","North East (England)","South Teesside","[c]","[c]","[c]","[c]"
"New entrant CS","2022","Declared disabled","Black","North East (England)","Sunderland","[c]","[c]","[c]","[c]"
"New entrant CS","2022","Declared disabled","Black","North East (England)","Tyneside","[c]","[c]","[c]","[c]"
"New entrant CS","2022","Declared disabled","Black","North West (England)","Blackburn with Darwen","[c]","[c]","[c]","[c]"
"New entrant CS","2022","Declared disabled","Black","North West (England)","Blackpool","[c]","[c]","[c]","[c]"
"New entrant CS","2022","Declared disabled","Black","North West (England)","Cheshire East","[c]","[c]","[c]","[c]"
"New entrant CS","2022","Declared disabled","Black","North West (England)","Cheshire West and Chester","[c]","[c]","[c]","[c]"
"New entrant CS","2022","Declared disabled","Black","North West (England)","Chorley and West Lancashire","[c]","[c]","[c]","[c]"
"New entrant CS","2022","Declared disabled","Black","North West (England)","East Cumbria","[c]","[c]","[c]","[c]"
"New entrant CS","2022","Declared disabled","Black","North West (England)","East Lancashire","[c]","[c]","[c]","[c]"
"New entrant CS","2022","Declared disabled","Black","North West (England)","East Merseyside","[c]","[c]","[c]","[c]"
"New entrant CS","2022","Declared disabled","Black","North West (England)","Greater Manchester North East","[c]","[c]","[c]","[c]"
"New entrant CS","2022","Declared disabled","Black","North West (England)","Greater Manchester North West","[c]","[c]","[c]","[c]"
"New entrant CS","2022","Declared disabled","Black","North West (England)","Greater Manchester South East","[c]","[c]","[c]","[c]"
"New entrant CS","2022","Declared disabled","Black","North West (England)","Greater Manchester South West","5","[c]","[c]","[c]"
"New entrant CS","2022","Declared disabled","Black","North West (England)","Lancaster and Wyre","[c]","[c]","[c]","[c]"
"New entrant CS","2022","Declared disabled","Black","North West (England)","Liverpool","[c]","[c]","[c]","[c]"
"New entrant CS","2022","Declared disabled","Black","North West (England)","Manchester","[c]","[c]","[c]","[c]"
"New entrant CS","2022","Declared disabled","Black","North West (England)","Mid Lancashire","[c]","[c]","[c]","[c]"
"New entrant CS","2022","Declared disabled","Black","North West (England)","Sefton","[c]","[c]","[c]","[c]"
"New entrant CS","2022","Declared disabled","Black","North West (England)","Warrington","[c]","[c]","[c]","[c]"
"New entrant CS","2022","Declared disabled","Black","North West (England)","West Cumbria","[c]","[c]","[c]","[c]"
"New entrant CS","2022","Declared disabled","Black","North West (England)","Wirral","[c]","[c]","[c]","[c]"
"New entrant CS","2022","Declared disabled","Black","Northern Ireland","Antrim and Newtownabbey","[c]","[c]","[c]","[c]"
"New entrant CS","2022","Declared disabled","Black","Northern Ireland","Ards and North Down","[c]","[c]","[c]","[c]"
"New entrant CS","2022","Declared disabled","Black","Northern Ireland","Armagh City, Banbridge and Craigavon","[c]","[c]","[c]","[c]"
"New entrant CS","2022","Declared disabled","Black","Northern Ireland","Belfast","[c]","[c]","[c]","[c]"
"New entrant CS","2022","Declared disabled","Black","Northern Ireland","Causeway Coast and Glens","[c]","[c]","[c]","[c]"
"New entrant CS","2022","Declared disabled","Black","Northern Ireland","Derry City and Strabane","[c]","[c]","[c]","[c]"
"New entrant CS","2022","Declared disabled","Black","Northern Ireland","Fermanagh and Omagh","[c]","[c]","[c]","[c]"
"New entrant CS","2022","Declared disabled","Black","Northern Ireland","Lisburn and Castlereagh","[c]","[c]","[c]","[c]"
"New entrant CS","2022","Declared disabled","Black","Northern Ireland","Mid and East Antrim","[c]","[c]","[c]","[c]"
"New entrant CS","2022","Declared disabled","Black","Northern Ireland","Mid Ulster","[c]","[c]","[c]","[c]"
"New entrant CS","2022","Declared disabled","Black","Northern Ireland","Newry, Mourne and Down","[c]","[c]","[c]","[c]"
"New entrant CS","2022","Declared disabled","Black","Overseas","Overseas","[c]","[c]","[c]","[c]"
"New entrant CS","2022","Declared disabled","Black","Scotland","Aberdeen City and Aberdeenshire","[c]","[c]","[c]","[c]"
"New entrant CS","2022","Declared disabled","Black","Scotland","Angus and Dundee City","[c]","[c]","[c]","[c]"
"New entrant CS","2022","Declared disabled","Black","Scotland","Caithness and Sutherland, and Ross and Cromarty","[c]","[c]","[c]","[c]"
"New entrant CS","2022","Declared disabled","Black","Scotland","City of Edinburgh","[c]","[c]","[c]","[c]"
"New entrant CS","2022","Declared disabled","Black","Scotland","Clackmannanshire and Fife","[c]","[c]","[c]","[c]"
"New entrant CS","2022","Declared disabled","Black","Scotland","Dumfries and Galloway","[c]","[c]","[c]","[c]"
"New entrant CS","2022","Declared disabled","Black","Scotland","East Ayrshire and North Ayrshire mainland","[c]","[c]","[c]","[c]"
"New entrant CS","2022","Declared disabled","Black","Scotland","East Dunbartonshire, West Dunbartonshire, and Helensburgh and Lomond","[c]","[c]","[c]","[c]"
"New entrant CS","2022","Declared disabled","Black","Scotland","East Lothian and Midlothian","[c]","[c]","[c]","[c]"
"New entrant CS","2022","Declared disabled","Black","Scotland","Falkirk","[c]","[c]","[c]","[c]"
"New entrant CS","2022","Declared disabled","Black","Scotland","Glasgow City","[c]","[c]","[c]","[c]"
"New entrant CS","2022","Declared disabled","Black","Scotland","Inverclyde, East Renfrewshire, and Renfrewshire","[c]","[c]","[c]","[c]"
"New entrant CS","2022","Declared disabled","Black","Scotland","Inverness and Nairn, Moray, and Badenoch and Strathspey","[c]","[c]","[c]","[c]"
"New entrant CS","2022","Declared disabled","Black","Scotland","Lochaber, Skye and Lochalsh, Arran and Cumbrae, and Argyll and Bute","[c]","[c]","[c]","[c]"
"New entrant CS","2022","Declared disabled","Black","Scotland","Na h-Eileanan Siar","[c]","[c]","[c]","[c]"
"New entrant CS","2022","Declared disabled","Black","Scotland","North Lanarkshire","[c]","[c]","[c]","[c]"
"New entrant CS","2022","Declared disabled","Black","Scotland","Orkney Islands","[c]","[c]","[c]","[c]"
"New entrant CS","2022","Declared disabled","Black","Scotland","Perth and Kinross, and Stirling","[c]","[c]","[c]","[c]"
"New entrant CS","2022","Declared disabled","Black","Scotland","Scottish Borders","[c]","[c]","[c]","[c]"
"New entrant CS","2022","Declared disabled","Black","Scotland","Shetland Islands","[c]","[c]","[c]","[c]"
"New entrant CS","2022","Declared disabled","Black","Scotland","South Ayrshire","[c]","[c]","[c]","[c]"
"New entrant CS","2022","Declared disabled","Black","Scotland","South Lanarkshire","[c]","[c]","[c]","[c]"
"New entrant CS","2022","Declared disabled","Black","Scotland","West Lothian","[c]","[c]","[c]","[c]"
"New entrant CS","2022","Declared disabled","Black","South East (England)","Berkshire","[c]","[c]","[c]","[c]"
"New entrant CS","2022","Declared disabled","Black","South East (England)","Brighton and Hove","[c]","[c]","[c]","[c]"
"New entrant CS","2022","Declared disabled","Black","South East (England)","Buckinghamshire","[c]","[c]","[c]","[c]"
"New entrant CS","2022","Declared disabled","Black","South East (England)","Central Hampshire","[c]","[c]","[c]","[c]"
"New entrant CS","2022","Declared disabled","Black","South East (England)","East Kent","[c]","[c]","[c]","[c]"
"New entrant CS","2022","Declared disabled","Black","South East (England)","East Surrey","[c]","[c]","[c]","[c]"
"New entrant CS","2022","Declared disabled","Black","South East (England)","East Sussex CC","[c]","[c]","[c]","[c]"
"New entrant CS","2022","Declared disabled","Black","South East (England)","Isle of Wight","[c]","[c]","[c]","[c]"
"New entrant CS","2022","Declared disabled","Black","South East (England)","Kent Thames Gateway","[c]","[c]","[c]","[c]"
"New entrant CS","2022","Declared disabled","Black","South East (England)","Medway","[c]","[c]","[c]","[c]"
"New entrant CS","2022","Declared disabled","Black","South East (England)","Mid Kent","[c]","[c]","[c]","[c]"
"New entrant CS","2022","Declared disabled","Black","South East (England)","Milton Keynes","[c]","[c]","[c]","[c]"
"New entrant CS","2022","Declared disabled","Black","South East (England)","North Hampshire","[c]","[c]","[c]","[c]"
"New entrant CS","2022","Declared disabled","Black","South East (England)","Oxfordshire CC","[c]","[c]","[c]","[c]"
"New entrant CS","2022","Declared disabled","Black","South East (England)","Portsmouth","[c]","[c]","[c]","[c]"
"New entrant CS","2022","Declared disabled","Black","South East (England)","South Hampshire","[c]","[c]","[c]","[c]"
"New entrant CS","2022","Declared disabled","Black","South East (England)","Southampton","[c]","[c]","[c]","[c]"
"New entrant CS","2022","Declared disabled","Black","South East (England)","West Kent","[c]","[c]","[c]","[c]"
"New entrant CS","2022","Declared disabled","Black","South East (England)","West Surrey","[c]","[c]","[c]","[c]"
"New entrant CS","2022","Declared disabled","Black","South East (England)","West Sussex (North East)","[c]","[c]","[c]","[c]"
"New entrant CS","2022","Declared disabled","Black","South East (England)","West Sussex (South West)","[c]","[c]","[c]","[c]"
"New entrant CS","2022","Declared disabled","Black","South West (England)","Bath and North East Somerset, North Somerset and South Gloucestershire","[c]","[c]","[c]","[c]"
"New entrant CS","2022","Declared disabled","Black","South West (England)","Bournemouth, Christchurch and Poole","[c]","[c]","[c]","[c]"
"New entrant CS","2022","Declared disabled","Black","South West (England)","Bristol, City of","[c]","[c]","[c]","[c]"
"New entrant CS","2022","Declared disabled","Black","South West (England)","Cornwall and Isles of Scilly","[c]","[c]","[c]","[c]"
"New entrant CS","2022","Declared disabled","Black","South West (England)","Devon CC","[c]","[c]","[c]","[c]"
"New entrant CS","2022","Declared disabled","Black","South West (England)","Dorset","[c]","[c]","[c]","[c]"
"New entrant CS","2022","Declared disabled","Black","South West (England)","Gloucestershire CC","[c]","[c]","[c]","[c]"
"New entrant CS","2022","Declared disabled","Black","South West (England)","Plymouth","[c]","[c]","[c]","[c]"
"New entrant CS","2022","Declared disabled","Black","South West (England)","Somerset CC","[c]","[c]","[c]","[c]"
"New entrant CS","2022","Declared disabled","Black","South West (England)","Swindon","[c]","[c]","[c]","[c]"
"New entrant CS","2022","Declared disabled","Black","South West (England)","Torbay","[c]","[c]","[c]","[c]"
"New entrant CS","2022","Declared disabled","Black","South West (England)","Wiltshire","[c]","[c]","[c]","[c]"
"New entrant CS","2022","Declared disabled","Black","Unknown","Unknown","[c]","[c]","[c]","[c]"
"New entrant CS","2022","Declared disabled","Black","Wales","Bridgend and Neath Port Talbot","[c]","[c]","[c]","[c]"
"New entrant CS","2022","Declared disabled","Black","Wales","Cardiff and Vale of Glamorgan","[c]","[c]","[c]","[c]"
"New entrant CS","2022","Declared disabled","Black","Wales","Central Valleys","[c]","[c]","[c]","[c]"
"New entrant CS","2022","Declared disabled","Black","Wales","Conwy and Denbighshire","[c]","[c]","[c]","[c]"
"New entrant CS","2022","Declared disabled","Black","Wales","Flintshire and Wrexham","[c]","[c]","[c]","[c]"
"New entrant CS","2022","Declared disabled","Black","Wales","Gwent Valleys","[c]","[c]","[c]","[c]"
"New entrant CS","2022","Declared disabled","Black","Wales","Gwynedd","[c]","[c]","[c]","[c]"
"New entrant CS","2022","Declared disabled","Black","Wales","Isle of Anglesey","[c]","[c]","[c]","[c]"
"New entrant CS","2022","Declared disabled","Black","Wales","Monmouthshire and Newport","[c]","[c]","[c]","[c]"
"New entrant CS","2022","Declared disabled","Black","Wales","Powys","[c]","[c]","[c]","[c]"
"New entrant CS","2022","Declared disabled","Black","Wales","South West Wales","[c]","[c]","[c]","[c]"
"New entrant CS","2022","Declared disabled","Black","Wales","Swansea","[c]","[c]","[c]","[c]"
"New entrant CS","2022","Declared disabled","Black","West Midlands (England)","Birmingham","20","[c]","[c]","[c]"
"New entrant CS","2022","Declared disabled","Black","West Midlands (England)","Coventry","[c]","[c]","[c]","[c]"
"New entrant CS","2022","Declared disabled","Black","West Midlands (England)","Dudley","[c]","[c]","[c]","[c]"
"New entrant CS","2022","Declared disabled","Black","West Midlands (England)","Herefordshire, County of","[c]","[c]","[c]","[c]"
"New entrant CS","2022","Declared disabled","Black","West Midlands (England)","Sandwell","[c]","[c]","[c]","[c]"
"New entrant CS","2022","Declared disabled","Black","West Midlands (England)","Shropshire","[c]","[c]","[c]","[c]"
"New entrant CS","2022","Declared disabled","Black","West Midlands (England)","Solihull","[c]","[c]","[c]","[c]"
"New entrant CS","2022","Declared disabled","Black","West Midlands (England)","Staffordshire CC","[c]","[c]","[c]","[c]"
"New entrant CS","2022","Declared disabled","Black","West Midlands (England)","Stoke-on-Trent","[c]","[c]","[c]","[c]"
"New entrant CS","2022","Declared disabled","Black","West Midlands (England)","Telford and Wrekin","[c]","[c]","[c]","[c]"
"New entrant CS","2022","Declared disabled","Black","West Midlands (England)","Walsall","[c]","[c]","[c]","[c]"
"New entrant CS","2022","Declared disabled","Black","West Midlands (England)","Warwickshire CC","[c]","[c]","[c]","[c]"
"New entrant CS","2022","Declared disabled","Black","West Midlands (England)","Wolverhampton","[c]","[c]","[c]","[c]"
"New entrant CS","2022","Declared disabled","Black","West Midlands (England)","Worcestershire CC","[c]","[c]","[c]","[c]"
"New entrant CS","2022","Declared disabled","Black","Yorkshire and The Humber","Barnsley, Doncaster and Rotherham","[c]","[c]","[c]","[c]"
"New entrant CS","2022","Declared disabled","Black","Yorkshire and The Humber","Bradford","[c]","[c]","[c]","[c]"
"New entrant CS","2022","Declared disabled","Black","Yorkshire and The Humber","Calderdale and Kirklees","[c]","[c]","[c]","[c]"
"New entrant CS","2022","Declared disabled","Black","Yorkshire and The Humber","East Riding of Yorkshire","[c]","[c]","[c]","[c]"
"New entrant CS","2022","Declared disabled","Black","Yorkshire and The Humber","Kingston upon Hull, City of","[c]","[c]","[c]","[c]"
"New entrant CS","2022","Declared disabled","Black","Yorkshire and The Humber","Leeds","[c]","[c]","[c]","[c]"
"New entrant CS","2022","Declared disabled","Black","Yorkshire and The Humber","North and North East Lincolnshire","[c]","[c]","[c]","[c]"
"New entrant CS","2022","Declared disabled","Black","Yorkshire and The Humber","North Yorkshire CC","[c]","[c]","[c]","[c]"
"New entrant CS","2022","Declared disabled","Black","Yorkshire and The Humber","Sheffield","5","[c]","[c]","[c]"
"New entrant CS","2022","Declared disabled","Black","Yorkshire and The Humber","Wakefield","[c]","[c]","[c]","[c]"
"New entrant CS","2022","Declared disabled","Black","Yorkshire and The Humber","York","[c]","[c]","[c]","[c]"
"New entrant CS","2022","Declared disabled","Mixed","East Midlands (England)","Derby","[c]","[c]","[c]","[c]"
"New entrant CS","2022","Declared disabled","Mixed","East Midlands (England)","East Derbyshire","[c]","[c]","[c]","[c]"
"New entrant CS","2022","Declared disabled","Mixed","East Midlands (England)","Leicester","10","[c]","[c]","[c]"
"New entrant CS","2022","Declared disabled","Mixed","East Midlands (England)","Leicestershire CC and Rutland","[c]","[c]","[c]","[c]"
"New entrant CS","2022","Declared disabled","Mixed","East Midlands (England)","Lincolnshire CC","[c]","[c]","[c]","[c]"
"New entrant CS","2022","Declared disabled","Mixed","East Midlands (England)","North Northamptonshire","[c]","[c]","[c]","[c]"
"New entrant CS","2022","Declared disabled","Mixed","East Midlands (England)","North Nottinghamshire","[c]","[c]","[c]","[c]"
"New entrant CS","2022","Declared disabled","Mixed","East Midlands (England)","Nottingham","10","[c]","[c]","[c]"
"New entrant CS","2022","Declared disabled","Mixed","East Midlands (England)","South and West Derbyshire","[c]","[c]","[c]","[c]"
"New entrant CS","2022","Declared disabled","Mixed","East Midlands (England)","South Nottinghamshire","[c]","[c]","[c]","[c]"
"New entrant CS","2022","Declared disabled","Mixed","East Midlands (England)","West Northamptonshire","[c]","[c]","[c]","[c]"
"New entrant CS","2022","Declared disabled","Mixed","East of England","Bedford","[c]","[c]","[c]","[c]"
"New entrant CS","2022","Declared disabled","Mixed","East of England","Breckland and South Norfolk","[c]","[c]","[c]","[c]"
"New entrant CS","2022","Declared disabled","Mixed","East of England","Cambridgeshire CC","[c]","[c]","[c]","[c]"
"New entrant CS","2022","Declared disabled","Mixed","East of England","Central Bedfordshire","[c]","[c]","[c]","[c]"
"New entrant CS","2022","Declared disabled","Mixed","East of England","Essex Haven Gateway","[c]","[c]","[c]","[c]"
"New entrant CS","2022","Declared disabled","Mixed","East of England","Essex Thames Gateway","[c]","[c]","[c]","[c]"
"New entrant CS","2022","Declared disabled","Mixed","East of England","Heart of Essex","[c]","[c]","[c]","[c]"
"New entrant CS","2022","Declared disabled","Mixed","East of England","Hertfordshire CC","[c]","[c]","[c]","[c]"
"New entrant CS","2022","Declared disabled","Mixed","East of England","Luton","[c]","[c]","[c]","[c]"
"New entrant CS","2022","Declared disabled","Mixed","East of England","North and West Norfolk","[c]","[c]","[c]","[c]"
"New entrant CS","2022","Declared disabled","Mixed","East of England","Norwich and East Norfolk","[c]","[c]","[c]","[c]"
"New entrant CS","2022","Declared disabled","Mixed","East of England","Peterborough","[c]","[c]","[c]","[c]"
"New entrant CS","2022","Declared disabled","Mixed","East of England","Southend-on-Sea","[c]","[c]","[c]","[c]"
"New entrant CS","2022","Declared disabled","Mixed","East of England","Suffolk CC","[c]","[c]","[c]","[c]"
"New entrant CS","2022","Declared disabled","Mixed","East of England","Thurrock","[c]","[c]","[c]","[c]"
"New entrant CS","2022","Declared disabled","Mixed","East of England","West Essex","[c]","[c]","[c]","[c]"
"New entrant CS","2022","Declared disabled","Mixed","London","Barking & Dagenham and Havering","[c]","[c]","[c]","[c]"
"New entrant CS","2022","Declared disabled","Mixed","London","Barnet","[c]","[c]","[c]","[c]"
"New entrant CS","2022","Declared disabled","Mixed","London","Bexley and Greenwich","[c]","[c]","[c]","[c]"
"New entrant CS","2022","Declared disabled","Mixed","London","Brent","[c]","[c]","[c]","[c]"
"New entrant CS","2022","Declared disabled","Mixed","London","Bromley","[c]","[c]","[c]","[c]"
"New entrant CS","2022","Declared disabled","Mixed","London","Camden and City of London","[c]","[c]","[c]","[c]"
"New entrant CS","2022","Declared disabled","Mixed","London","Croydon","5","[c]","[c]","[c]"
"New entrant CS","2022","Declared disabled","Mixed","London","Ealing","[c]","[c]","[c]","[c]"
"New entrant CS","2022","Declared disabled","Mixed","London","Enfield","[c]","[c]","[c]","[c]"
"New entrant CS","2022","Declared disabled","Mixed","London","Hackney and Newham","[c]","[c]","[c]","[c]"
"New entrant CS","2022","Declared disabled","Mixed","London","Haringey and Islington","[c]","[c]","[c]","[c]"
"New entrant CS","2022","Declared disabled","Mixed","London","Harrow and Hillingdon","[c]","[c]","[c]","[c]"
"New entrant CS","2022","Declared disabled","Mixed","London","Hounslow and Richmond upon Thames","[c]","[c]","[c]","[c]"
"New entrant CS","2022","Declared disabled","Mixed","London","Kensington & Chelsea and Hammersmith & Fulham","[c]","[c]","[c]","[c]"
"New entrant CS","2022","Declared disabled","Mixed","London","Lambeth","5","[c]","[c]","[c]"
"New entrant CS","2022","Declared disabled","Mixed","London","Lewisham and Southwark","5","[c]","[c]","[c]"
"New entrant CS","2022","Declared disabled","Mixed","London","Merton, Kingston upon Thames and Sutton","[c]","[c]","[c]","[c]"
"New entrant CS","2022","Declared disabled","Mixed","London","Redbridge and Waltham Forest","[c]","[c]","[c]","[c]"
"New entrant CS","2022","Declared disabled","Mixed","London","Tower Hamlets","10","[c]","[c]","[c]"
"New entrant CS","2022","Declared disabled","Mixed","London","Wandsworth","[c]","[c]","[c]","[c]"
"New entrant CS","2022","Declared disabled","Mixed","London","Westminster","40","[c]","34600","32560"
"New entrant CS","2022","Declared disabled","Mixed","North East (England)","Darlington","[c]","[c]","[c]","[c]"
"New entrant CS","2022","Declared disabled","Mixed","North East (England)","Durham","[c]","[c]","[c]","[c]"
"New entrant CS","2022","Declared disabled","Mixed","North East (England)","Hartlepool and Stockton-on-Tees","[c]","[c]","[c]","[c]"
"New entrant CS","2022","Declared disabled","Mixed","North East (England)","Northumberland","[c]","[c]","[c]","[c]"
"New entrant CS","2022","Declared disabled","Mixed","North East (England)","South Teesside","[c]","[c]","[c]","[c]"
"New entrant CS","2022","Declared disabled","Mixed","North East (England)","Sunderland","[c]","[c]","[c]","[c]"
"New entrant CS","2022","Declared disabled","Mixed","North East (England)","Tyneside","5","[c]","[c]","[c]"
"New entrant CS","2022","Declared disabled","Mixed","North West (England)","Blackburn with Darwen","[c]","[c]","[c]","[c]"
"New entrant CS","2022","Declared disabled","Mixed","North West (England)","Blackpool","[c]","[c]","[c]","[c]"
"New entrant CS","2022","Declared disabled","Mixed","North West (England)","Cheshire East","[c]","[c]","[c]","[c]"
"New entrant CS","2022","Declared disabled","Mixed","North West (England)","Cheshire West and Chester","[c]","[c]","[c]","[c]"
"New entrant CS","2022","Declared disabled","Mixed","North West (England)","Chorley and West Lancashire","[c]","[c]","[c]","[c]"
"New entrant CS","2022","Declared disabled","Mixed","North West (England)","East Cumbria","[c]","[c]","[c]","[c]"
"New entrant CS","2022","Declared disabled","Mixed","North West (England)","East Lancashire","[c]","[c]","[c]","[c]"
"New entrant CS","2022","Declared disabled","Mixed","North West (England)","East Merseyside","[c]","[c]","[c]","[c]"
"New entrant CS","2022","Declared disabled","Mixed","North West (England)","Greater Manchester North East","[c]","[c]","[c]","[c]"
"New entrant CS","2022","Declared disabled","Mixed","North West (England)","Greater Manchester North West","[c]","[c]","[c]","[c]"
"New entrant CS","2022","Declared disabled","Mixed","North West (England)","Greater Manchester South East","[c]","[c]","[c]","[c]"
"New entrant CS","2022","Declared disabled","Mixed","North West (England)","Greater Manchester South West","5","[c]","[c]","[c]"
"New entrant CS","2022","Declared disabled","Mixed","North West (England)","Lancaster and Wyre","[c]","[c]","[c]","[c]"
"New entrant CS","2022","Declared disabled","Mixed","North West (England)","Liverpool","[c]","[c]","[c]","[c]"
"New entrant CS","2022","Declared disabled","Mixed","North West (England)","Manchester","[c]","[c]","[c]","[c]"
"New entrant CS","2022","Declared disabled","Mixed","North West (England)","Mid Lancashire","[c]","[c]","[c]","[c]"
"New entrant CS","2022","Declared disabled","Mixed","North West (England)","Sefton","[c]","[c]","[c]","[c]"
"New entrant CS","2022","Declared disabled","Mixed","North West (England)","Warrington","[c]","[c]","[c]","[c]"
"New entrant CS","2022","Declared disabled","Mixed","North West (England)","West Cumbria","[c]","[c]","[c]","[c]"
"New entrant CS","2022","Declared disabled","Mixed","North West (England)","Wirral","[c]","[c]","[c]","[c]"
"New entrant CS","2022","Declared disabled","Mixed","Northern Ireland","Antrim and Newtownabbey","[c]","[c]","[c]","[c]"
"New entrant CS","2022","Declared disabled","Mixed","Northern Ireland","Ards and North Down","[c]","[c]","[c]","[c]"
"New entrant CS","2022","Declared disabled","Mixed","Northern Ireland","Armagh City, Banbridge and Craigavon","[c]","[c]","[c]","[c]"
"New entrant CS","2022","Declared disabled","Mixed","Northern Ireland","Belfast","[c]","[c]","[c]","[c]"
"New entrant CS","2022","Declared disabled","Mixed","Northern Ireland","Causeway Coast and Glens","[c]","[c]","[c]","[c]"
"New entrant CS","2022","Declared disabled","Mixed","Northern Ireland","Derry City and Strabane","[c]","[c]","[c]","[c]"
"New entrant CS","2022","Declared disabled","Mixed","Northern Ireland","Fermanagh and Omagh","[c]","[c]","[c]","[c]"
"New entrant CS","2022","Declared disabled","Mixed","Northern Ireland","Lisburn and Castlereagh","[c]","[c]","[c]","[c]"
"New entrant CS","2022","Declared disabled","Mixed","Northern Ireland","Mid and East Antrim","[c]","[c]","[c]","[c]"
"New entrant CS","2022","Declared disabled","Mixed","Northern Ireland","Mid Ulster","[c]","[c]","[c]","[c]"
"New entrant CS","2022","Declared disabled","Mixed","Northern Ireland","Newry, Mourne and Down","[c]","[c]","[c]","[c]"
"New entrant CS","2022","Declared disabled","Mixed","Overseas","Overseas","[c]","[c]","[c]","[c]"
"New entrant CS","2022","Declared disabled","Mixed","Scotland","Aberdeen City and Aberdeenshire","[c]","[c]","[c]","[c]"
"New entrant CS","2022","Declared disabled","Mixed","Scotland","Angus and Dundee City","[c]","[c]","[c]","[c]"
"New entrant CS","2022","Declared disabled","Mixed","Scotland","Caithness and Sutherland, and Ross and Cromarty","[c]","[c]","[c]","[c]"
"New entrant CS","2022","Declared disabled","Mixed","Scotland","City of Edinburgh","[c]","[c]","[c]","[c]"
"New entrant CS","2022","Declared disabled","Mixed","Scotland","Clackmannanshire and Fife","[c]","[c]","[c]","[c]"
"New entrant CS","2022","Declared disabled","Mixed","Scotland","Dumfries and Galloway","[c]","[c]","[c]","[c]"
"New entrant CS","2022","Declared disabled","Mixed","Scotland","East Ayrshire and North Ayrshire mainland","[c]","[c]","[c]","[c]"
"New entrant CS","2022","Declared disabled","Mixed","Scotland","East Dunbartonshire, West Dunbartonshire, and Helensburgh and Lomond","[c]","[c]","[c]","[c]"
"New entrant CS","2022","Declared disabled","Mixed","Scotland","East Lothian and Midlothian","[c]","[c]","[c]","[c]"
"New entrant CS","2022","Declared disabled","Mixed","Scotland","Falkirk","[c]","[c]","[c]","[c]"
"New entrant CS","2022","Declared disabled","Mixed","Scotland","Glasgow City","5","[c]","[c]","[c]"
"New entrant CS","2022","Declared disabled","Mixed","Scotland","Inverclyde, East Renfrewshire, and Renfrewshire","[c]","[c]","[c]","[c]"
"New entrant CS","2022","Declared disabled","Mixed","Scotland","Inverness and Nairn, Moray, and Badenoch and Strathspey","[c]","[c]","[c]","[c]"
"New entrant CS","2022","Declared disabled","Mixed","Scotland","Lochaber, Skye and Lochalsh, Arran and Cumbrae, and Argyll and Bute","[c]","[c]","[c]","[c]"
"New entrant CS","2022","Declared disabled","Mixed","Scotland","Na h-Eileanan Siar","[c]","[c]","[c]","[c]"
"New entrant CS","2022","Declared disabled","Mixed","Scotland","North Lanarkshire","[c]","[c]","[c]","[c]"
"New entrant CS","2022","Declared disabled","Mixed","Scotland","Orkney Islands","[c]","[c]","[c]","[c]"
"New entrant CS","2022","Declared disabled","Mixed","Scotland","Perth and Kinross, and Stirling","[c]","[c]","[c]","[c]"
"New entrant CS","2022","Declared disabled","Mixed","Scotland","Scottish Borders","[c]","[c]","[c]","[c]"
"New entrant CS","2022","Declared disabled","Mixed","Scotland","Shetland Islands","[c]","[c]","[c]","[c]"
"New entrant CS","2022","Declared disabled","Mixed","Scotland","South Ayrshire","[c]","[c]","[c]","[c]"
"New entrant CS","2022","Declared disabled","Mixed","Scotland","South Lanarkshire","[c]","[c]","[c]","[c]"
"New entrant CS","2022","Declared disabled","Mixed","Scotland","West Lothian","[c]","[c]","[c]","[c]"
"New entrant CS","2022","Declared disabled","Mixed","South East (England)","Berkshire","[c]","[c]","[c]","[c]"
"New entrant CS","2022","Declared disabled","Mixed","South East (England)","Brighton and Hove","[c]","[c]","[c]","[c]"
"New entrant CS","2022","Declared disabled","Mixed","South East (England)","Buckinghamshire","[c]","[c]","[c]","[c]"
"New entrant CS","2022","Declared disabled","Mixed","South East (England)","Central Hampshire","[c]","[c]","[c]","[c]"
"New entrant CS","2022","Declared disabled","Mixed","South East (England)","East Kent","[c]","[c]","[c]","[c]"
"New entrant CS","2022","Declared disabled","Mixed","South East (England)","East Surrey","[c]","[c]","[c]","[c]"
"New entrant CS","2022","Declared disabled","Mixed","South East (England)","East Sussex CC","[c]","[c]","[c]","[c]"
"New entrant CS","2022","Declared disabled","Mixed","South East (England)","Isle of Wight","[c]","[c]","[c]","[c]"
"New entrant CS","2022","Declared disabled","Mixed","South East (England)","Kent Thames Gateway","[c]","[c]","[c]","[c]"
"New entrant CS","2022","Declared disabled","Mixed","South East (England)","Medway","[c]","[c]","[c]","[c]"
"New entrant CS","2022","Declared disabled","Mixed","South East (England)","Mid Kent","[c]","[c]","[c]","[c]"
"New entrant CS","2022","Declared disabled","Mixed","South East (England)","Milton Keynes","[c]","[c]","[c]","[c]"
"New entrant CS","2022","Declared disabled","Mixed","South East (England)","North Hampshire","[c]","[c]","[c]","[c]"
"New entrant CS","2022","Declared disabled","Mixed","South East (England)","Oxfordshire CC","[c]","[c]","[c]","[c]"
"New entrant CS","2022","Declared disabled","Mixed","South East (England)","Portsmouth","[c]","[c]","[c]","[c]"
"New entrant CS","2022","Declared disabled","Mixed","South East (England)","South Hampshire","[c]","[c]","[c]","[c]"
"New entrant CS","2022","Declared disabled","Mixed","South East (England)","Southampton","[c]","[c]","[c]","[c]"
"New entrant CS","2022","Declared disabled","Mixed","South East (England)","West Kent","[c]","[c]","[c]","[c]"
"New entrant CS","2022","Declared disabled","Mixed","South East (England)","West Surrey","[c]","[c]","[c]","[c]"
"New entrant CS","2022","Declared disabled","Mixed","South East (England)","West Sussex (North East)","[c]","[c]","[c]","[c]"
"New entrant CS","2022","Declared disabled","Mixed","South East (England)","West Sussex (South West)","[c]","[c]","[c]","[c]"
"New entrant CS","2022","Declared disabled","Mixed","South West (England)","Bath and North East Somerset, North Somerset and South Gloucestershire","[c]","[c]","[c]","[c]"
"New entrant CS","2022","Declared disabled","Mixed","South West (England)","Bournemouth, Christchurch and Poole","[c]","[c]","[c]","[c]"
"New entrant CS","2022","Declared disabled","Mixed","South West (England)","Bristol, City of","10","[c]","[c]","[c]"
"New entrant CS","2022","Declared disabled","Mixed","South West (England)","Cornwall and Isles of Scilly","[c]","[c]","[c]","[c]"
"New entrant CS","2022","Declared disabled","Mixed","South West (England)","Devon CC","[c]","[c]","[c]","[c]"
"New entrant CS","2022","Declared disabled","Mixed","South West (England)","Dorset","[c]","[c]","[c]","[c]"
"New entrant CS","2022","Declared disabled","Mixed","South West (England)","Gloucestershire CC","[c]","[c]","[c]","[c]"
"New entrant CS","2022","Declared disabled","Mixed","South West (England)","Plymouth","[c]","[c]","[c]","[c]"
"New entrant CS","2022","Declared disabled","Mixed","South West (England)","Somerset CC","[c]","[c]","[c]","[c]"
"New entrant CS","2022","Declared disabled","Mixed","South West (England)","Swindon","[c]","[c]","[c]","[c]"
"New entrant CS","2022","Declared disabled","Mixed","South West (England)","Torbay","[c]","[c]","[c]","[c]"
"New entrant CS","2022","Declared disabled","Mixed","South West (England)","Wiltshire","[c]","[c]","[c]","[c]"
"New entrant CS","2022","Declared disabled","Mixed","Unknown","Unknown","[c]","[c]","[c]","[c]"
"New entrant CS","2022","Declared disabled","Mixed","Wales","Bridgend and Neath Port Talbot","[c]","[c]","[c]","[c]"
"New entrant CS","2022","Declared disabled","Mixed","Wales","Cardiff and Vale of Glamorgan","[c]","[c]","[c]","[c]"
"New entrant CS","2022","Declared disabled","Mixed","Wales","Central Valleys","[c]","[c]","[c]","[c]"
"New entrant CS","2022","Declared disabled","Mixed","Wales","Conwy and Denbighshire","[c]","[c]","[c]","[c]"
"New entrant CS","2022","Declared disabled","Mixed","Wales","Flintshire and Wrexham","[c]","[c]","[c]","[c]"
"New entrant CS","2022","Declared disabled","Mixed","Wales","Gwent Valleys","[c]","[c]","[c]","[c]"
"New entrant CS","2022","Declared disabled","Mixed","Wales","Gwynedd","[c]","[c]","[c]","[c]"
"New entrant CS","2022","Declared disabled","Mixed","Wales","Isle of Anglesey","[c]","[c]","[c]","[c]"
"New entrant CS","2022","Declared disabled","Mixed","Wales","Monmouthshire and Newport","[c]","[c]","[c]","[c]"
"New entrant CS","2022","Declared disabled","Mixed","Wales","Powys","[c]","[c]","[c]","[c]"
"New entrant CS","2022","Declared disabled","Mixed","Wales","South West Wales","[c]","[c]","[c]","[c]"
"New entrant CS","2022","Declared disabled","Mixed","Wales","Swansea","[c]","[c]","[c]","[c]"
"New entrant CS","2022","Declared disabled","Mixed","West Midlands (England)","Birmingham","10","[c]","[c]","[c]"
"New entrant CS","2022","Declared disabled","Mixed","West Midlands (England)","Coventry","[c]","[c]","[c]","[c]"
"New entrant CS","2022","Declared disabled","Mixed","West Midlands (England)","Dudley","[c]","[c]","[c]","[c]"
"New entrant CS","2022","Declared disabled","Mixed","West Midlands (England)","Herefordshire, County of","[c]","[c]","[c]","[c]"
"New entrant CS","2022","Declared disabled","Mixed","West Midlands (England)","Sandwell","[c]","[c]","[c]","[c]"
"New entrant CS","2022","Declared disabled","Mixed","West Midlands (England)","Shropshire","[c]","[c]","[c]","[c]"
"New entrant CS","2022","Declared disabled","Mixed","West Midlands (England)","Solihull","[c]","[c]","[c]","[c]"
"New entrant CS","2022","Declared disabled","Mixed","West Midlands (England)","Staffordshire CC","[c]","[c]","[c]","[c]"
"New entrant CS","2022","Declared disabled","Mixed","West Midlands (England)","Stoke-on-Trent","[c]","[c]","[c]","[c]"
"New entrant CS","2022","Declared disabled","Mixed","West Midlands (England)","Telford and Wrekin","[c]","[c]","[c]","[c]"
"New entrant CS","2022","Declared disabled","Mixed","West Midlands (England)","Walsall","[c]","[c]","[c]","[c]"
"New entrant CS","2022","Declared disabled","Mixed","West Midlands (England)","Warwickshire CC","[c]","[c]","[c]","[c]"
"New entrant CS","2022","Declared disabled","Mixed","West Midlands (England)","Wolverhampton","[c]","[c]","[c]","[c]"
"New entrant CS","2022","Declared disabled","Mixed","West Midlands (England)","Worcestershire CC","[c]","[c]","[c]","[c]"
"New entrant CS","2022","Declared disabled","Mixed","Yorkshire and The Humber","Barnsley, Doncaster and Rotherham","[c]","[c]","[c]","[c]"
"New entrant CS","2022","Declared disabled","Mixed","Yorkshire and The Humber","Bradford","[c]","[c]","[c]","[c]"
"New entrant CS","2022","Declared disabled","Mixed","Yorkshire and The Humber","Calderdale and Kirklees","[c]","[c]","[c]","[c]"
"New entrant CS","2022","Declared disabled","Mixed","Yorkshire and The Humber","East Riding of Yorkshire","[c]","[c]","[c]","[c]"
"New entrant CS","2022","Declared disabled","Mixed","Yorkshire and The Humber","Kingston upon Hull, City of","[c]","[c]","[c]","[c]"
"New entrant CS","2022","Declared disabled","Mixed","Yorkshire and The Humber","Leeds","5","[c]","[c]","[c]"
"New entrant CS","2022","Declared disabled","Mixed","Yorkshire and The Humber","North and North East Lincolnshire","[c]","[c]","[c]","[c]"
"New entrant CS","2022","Declared disabled","Mixed","Yorkshire and The Humber","North Yorkshire CC","[c]","[c]","[c]","[c]"
"New entrant CS","2022","Declared disabled","Mixed","Yorkshire and The Humber","Sheffield","[c]","[c]","[c]","[c]"
"New entrant CS","2022","Declared disabled","Mixed","Yorkshire and The Humber","Wakefield","[c]","[c]","[c]","[c]"
"New entrant CS","2022","Declared disabled","Mixed","Yorkshire and The Humber","York","[c]","[c]","[c]","[c]"
"New entrant CS","2022","Declared disabled","Other ethnicity","East Midlands (England)","Derby","[c]","[c]","[c]","[c]"
"New entrant CS","2022","Declared disabled","Other ethnicity","East Midlands (England)","East Derbyshire","[c]","[c]","[c]","[c]"
"New entrant CS","2022","Declared disabled","Other ethnicity","East Midlands (England)","Leicester","[c]","[c]","[c]","[c]"
"New entrant CS","2022","Declared disabled","Other ethnicity","East Midlands (England)","Leicestershire CC and Rutland","[c]","[c]","[c]","[c]"
"New entrant CS","2022","Declared disabled","Other ethnicity","East Midlands (England)","Lincolnshire CC","[c]","[c]","[c]","[c]"
"New entrant CS","2022","Declared disabled","Other ethnicity","East Midlands (England)","North Northamptonshire","[c]","[c]","[c]","[c]"
"New entrant CS","2022","Declared disabled","Other ethnicity","East Midlands (England)","North Nottinghamshire","[c]","[c]","[c]","[c]"
"New entrant CS","2022","Declared disabled","Other ethnicity","East Midlands (England)","Nottingham","[c]","[c]","[c]","[c]"
"New entrant CS","2022","Declared disabled","Other ethnicity","East Midlands (England)","South and West Derbyshire","[c]","[c]","[c]","[c]"
"New entrant CS","2022","Declared disabled","Other ethnicity","East Midlands (England)","South Nottinghamshire","[c]","[c]","[c]","[c]"
"New entrant CS","2022","Declared disabled","Other ethnicity","East Midlands (England)","West Northamptonshire","[c]","[c]","[c]","[c]"
"New entrant CS","2022","Declared disabled","Other ethnicity","East of England","Bedford","[c]","[c]","[c]","[c]"
"New entrant CS","2022","Declared disabled","Other ethnicity","East of England","Breckland and South Norfolk","[c]","[c]","[c]","[c]"
"New entrant CS","2022","Declared disabled","Other ethnicity","East of England","Cambridgeshire CC","[c]","[c]","[c]","[c]"
"New entrant CS","2022","Declared disabled","Other ethnicity","East of England","Central Bedfordshire","[c]","[c]","[c]","[c]"
"New entrant CS","2022","Declared disabled","Other ethnicity","East of England","Essex Haven Gateway","[c]","[c]","[c]","[c]"
"New entrant CS","2022","Declared disabled","Other ethnicity","East of England","Essex Thames Gateway","[c]","[c]","[c]","[c]"
"New entrant CS","2022","Declared disabled","Other ethnicity","East of England","Heart of Essex","[c]","[c]","[c]","[c]"
"New entrant CS","2022","Declared disabled","Other ethnicity","East of England","Hertfordshire CC","[c]","[c]","[c]","[c]"
"New entrant CS","2022","Declared disabled","Other ethnicity","East of England","Luton","[c]","[c]","[c]","[c]"
"New entrant CS","2022","Declared disabled","Other ethnicity","East of England","North and West Norfolk","[c]","[c]","[c]","[c]"
"New entrant CS","2022","Declared disabled","Other ethnicity","East of England","Norwich and East Norfolk","[c]","[c]","[c]","[c]"
"New entrant CS","2022","Declared disabled","Other ethnicity","East of England","Peterborough","[c]","[c]","[c]","[c]"
"New entrant CS","2022","Declared disabled","Other ethnicity","East of England","Southend-on-Sea","[c]","[c]","[c]","[c]"
"New entrant CS","2022","Declared disabled","Other ethnicity","East of England","Suffolk CC","[c]","[c]","[c]","[c]"
"New entrant CS","2022","Declared disabled","Other ethnicity","East of England","Thurrock","[c]","[c]","[c]","[c]"
"New entrant CS","2022","Declared disabled","Other ethnicity","East of England","West Essex","[c]","[c]","[c]","[c]"
"New entrant CS","2022","Declared disabled","Other ethnicity","London","Barking & Dagenham and Havering","[c]","[c]","[c]","[c]"
"New entrant CS","2022","Declared disabled","Other ethnicity","London","Barnet","[c]","[c]","[c]","[c]"
"New entrant CS","2022","Declared disabled","Other ethnicity","London","Bexley and Greenwich","[c]","[c]","[c]","[c]"
"New entrant CS","2022","Declared disabled","Other ethnicity","London","Brent","[c]","[c]","[c]","[c]"
"New entrant CS","2022","Declared disabled","Other ethnicity","London","Bromley","[c]","[c]","[c]","[c]"
"New entrant CS","2022","Declared disabled","Other ethnicity","London","Camden and City of London","[c]","[c]","[c]","[c]"
"New entrant CS","2022","Declared disabled","Other ethnicity","London","Croydon","[c]","[c]","[c]","[c]"
"New entrant CS","2022","Declared disabled","Other ethnicity","London","Ealing","[c]","[c]","[c]","[c]"
"New entrant CS","2022","Declared disabled","Other ethnicity","London","Enfield","[c]","[c]","[c]","[c]"
"New entrant CS","2022","Declared disabled","Other ethnicity","London","Hackney and Newham","[c]","[c]","[c]","[c]"
"New entrant CS","2022","Declared disabled","Other ethnicity","London","Haringey and Islington","[c]","[c]","[c]","[c]"
"New entrant CS","2022","Declared disabled","Other ethnicity","London","Harrow and Hillingdon","[c]","[c]","[c]","[c]"
"New entrant CS","2022","Declared disabled","Other ethnicity","London","Hounslow and Richmond upon Thames","[c]","[c]","[c]","[c]"
"New entrant CS","2022","Declared disabled","Other ethnicity","London","Kensington & Chelsea and Hammersmith & Fulham","[c]","[c]","[c]","[c]"
"New entrant CS","2022","Declared disabled","Other ethnicity","London","Lambeth","[c]","[c]","[c]","[c]"
"New entrant CS","2022","Declared disabled","Other ethnicity","London","Lewisham and Southwark","[c]","[c]","[c]","[c]"
"New entrant CS","2022","Declared disabled","Other ethnicity","London","Merton, Kingston upon Thames and Sutton","[c]","[c]","[c]","[c]"
"New entrant CS","2022","Declared disabled","Other ethnicity","London","Redbridge and Waltham Forest","[c]","[c]","[c]","[c]"
"New entrant CS","2022","Declared disabled","Other ethnicity","London","Tower Hamlets","[c]","[c]","[c]","[c]"
"New entrant CS","2022","Declared disabled","Other ethnicity","London","Wandsworth","[c]","[c]","[c]","[c]"
"New entrant CS","2022","Declared disabled","Other ethnicity","London","Westminster","10","[c]","[c]","[c]"
"New entrant CS","2022","Declared disabled","Other ethnicity","North East (England)","Darlington","[c]","[c]","[c]","[c]"
"New entrant CS","2022","Declared disabled","Other ethnicity","North East (England)","Durham","[c]","[c]","[c]","[c]"
"New entrant CS","2022","Declared disabled","Other ethnicity","North East (England)","Hartlepool and Stockton-on-Tees","[c]","[c]","[c]","[c]"
"New entrant CS","2022","Declared disabled","Other ethnicity","North East (England)","Northumberland","[c]","[c]","[c]","[c]"
"New entrant CS","2022","Declared disabled","Other ethnicity","North East (England)","South Teesside","[c]","[c]","[c]","[c]"
"New entrant CS","2022","Declared disabled","Other ethnicity","North East (England)","Sunderland","[c]","[c]","[c]","[c]"
"New entrant CS","2022","Declared disabled","Other ethnicity","North East (England)","Tyneside","[c]","[c]","[c]","[c]"
"New entrant CS","2022","Declared disabled","Other ethnicity","North West (England)","Blackburn with Darwen","[c]","[c]","[c]","[c]"
"New entrant CS","2022","Declared disabled","Other ethnicity","North West (England)","Blackpool","[c]","[c]","[c]","[c]"
"New entrant CS","2022","Declared disabled","Other ethnicity","North West (England)","Cheshire East","[c]","[c]","[c]","[c]"
"New entrant CS","2022","Declared disabled","Other ethnicity","North West (England)","Cheshire West and Chester","[c]","[c]","[c]","[c]"
"New entrant CS","2022","Declared disabled","Other ethnicity","North West (England)","Chorley and West Lancashire","[c]","[c]","[c]","[c]"
"New entrant CS","2022","Declared disabled","Other ethnicity","North West (England)","East Cumbria","[c]","[c]","[c]","[c]"
"New entrant CS","2022","Declared disabled","Other ethnicity","North West (England)","East Lancashire","[c]","[c]","[c]","[c]"
"New entrant CS","2022","Declared disabled","Other ethnicity","North West (England)","East Merseyside","[c]","[c]","[c]","[c]"
"New entrant CS","2022","Declared disabled","Other ethnicity","North West (England)","Greater Manchester North East","[c]","[c]","[c]","[c]"
"New entrant CS","2022","Declared disabled","Other ethnicity","North West (England)","Greater Manchester North West","[c]","[c]","[c]","[c]"
"New entrant CS","2022","Declared disabled","Other ethnicity","North West (England)","Greater Manchester South East","[c]","[c]","[c]","[c]"
"New entrant CS","2022","Declared disabled","Other ethnicity","North West (England)","Greater Manchester South West","[c]","[c]","[c]","[c]"
"New entrant CS","2022","Declared disabled","Other ethnicity","North West (England)","Lancaster and Wyre","[c]","[c]","[c]","[c]"
"New entrant CS","2022","Declared disabled","Other ethnicity","North West (England)","Liverpool","[c]","[c]","[c]","[c]"
"New entrant CS","2022","Declared disabled","Other ethnicity","North West (England)","Manchester","[c]","[c]","[c]","[c]"
"New entrant CS","2022","Declared disabled","Other ethnicity","North West (England)","Mid Lancashire","[c]","[c]","[c]","[c]"
"New entrant CS","2022","Declared disabled","Other ethnicity","North West (England)","Sefton","[c]","[c]","[c]","[c]"
"New entrant CS","2022","Declared disabled","Other ethnicity","North West (England)","Warrington","[c]","[c]","[c]","[c]"
"New entrant CS","2022","Declared disabled","Other ethnicity","North West (England)","West Cumbria","[c]","[c]","[c]","[c]"
"New entrant CS","2022","Declared disabled","Other ethnicity","North West (England)","Wirral","[c]","[c]","[c]","[c]"
"New entrant CS","2022","Declared disabled","Other ethnicity","Northern Ireland","Antrim and Newtownabbey","[c]","[c]","[c]","[c]"
"New entrant CS","2022","Declared disabled","Other ethnicity","Northern Ireland","Ards and North Down","[c]","[c]","[c]","[c]"
"New entrant CS","2022","Declared disabled","Other ethnicity","Northern Ireland","Armagh City, Banbridge and Craigavon","[c]","[c]","[c]","[c]"
"New entrant CS","2022","Declared disabled","Other ethnicity","Northern Ireland","Belfast","[c]","[c]","[c]","[c]"
"New entrant CS","2022","Declared disabled","Other ethnicity","Northern Ireland","Causeway Coast and Glens","[c]","[c]","[c]","[c]"
"New entrant CS","2022","Declared disabled","Other ethnicity","Northern Ireland","Derry City and Strabane","[c]","[c]","[c]","[c]"
"New entrant CS","2022","Declared disabled","Other ethnicity","Northern Ireland","Fermanagh and Omagh","[c]","[c]","[c]","[c]"
"New entrant CS","2022","Declared disabled","Other ethnicity","Northern Ireland","Lisburn and Castlereagh","[c]","[c]","[c]","[c]"
"New entrant CS","2022","Declared disabled","Other ethnicity","Northern Ireland","Mid and East Antrim","[c]","[c]","[c]","[c]"
"New entrant CS","2022","Declared disabled","Other ethnicity","Northern Ireland","Mid Ulster","[c]","[c]","[c]","[c]"
"New entrant CS","2022","Declared disabled","Other ethnicity","Northern Ireland","Newry, Mourne and Down","[c]","[c]","[c]","[c]"
"New entrant CS","2022","Declared disabled","Other ethnicity","Overseas","Overseas","[c]","[c]","[c]","[c]"
"New entrant CS","2022","Declared disabled","Other ethnicity","Scotland","Aberdeen City and Aberdeenshire","[c]","[c]","[c]","[c]"
"New entrant CS","2022","Declared disabled","Other ethnicity","Scotland","Angus and Dundee City","[c]","[c]","[c]","[c]"
"New entrant CS","2022","Declared disabled","Other ethnicity","Scotland","Caithness and Sutherland, and Ross and Cromarty","[c]","[c]","[c]","[c]"
"New entrant CS","2022","Declared disabled","Other ethnicity","Scotland","City of Edinburgh","[c]","[c]","[c]","[c]"
"New entrant CS","2022","Declared disabled","Other ethnicity","Scotland","Clackmannanshire and Fife","[c]","[c]","[c]","[c]"
"New entrant CS","2022","Declared disabled","Other ethnicity","Scotland","Dumfries and Galloway","[c]","[c]","[c]","[c]"
"New entrant CS","2022","Declared disabled","Other ethnicity","Scotland","East Ayrshire and North Ayrshire mainland","[c]","[c]","[c]","[c]"
"New entrant CS","2022","Declared disabled","Other ethnicity","Scotland","East Dunbartonshire, West Dunbartonshire, and Helensburgh and Lomond","[c]","[c]","[c]","[c]"
"New entrant CS","2022","Declared disabled","Other ethnicity","Scotland","East Lothian and Midlothian","[c]","[c]","[c]","[c]"
"New entrant CS","2022","Declared disabled","Other ethnicity","Scotland","Falkirk","[c]","[c]","[c]","[c]"
"New entrant CS","2022","Declared disabled","Other ethnicity","Scotland","Glasgow City","[c]","[c]","[c]","[c]"
"New entrant CS","2022","Declared disabled","Other ethnicity","Scotland","Inverclyde, East Renfrewshire, and Renfrewshire","[c]","[c]","[c]","[c]"
"New entrant CS","2022","Declared disabled","Other ethnicity","Scotland","Inverness and Nairn, Moray, and Badenoch and Strathspey","[c]","[c]","[c]","[c]"
"New entrant CS","2022","Declared disabled","Other ethnicity","Scotland","Lochaber, Skye and Lochalsh, Arran and Cumbrae, and Argyll and Bute","[c]","[c]","[c]","[c]"
"New entrant CS","2022","Declared disabled","Other ethnicity","Scotland","Na h-Eileanan Siar","[c]","[c]","[c]","[c]"
"New entrant CS","2022","Declared disabled","Other ethnicity","Scotland","North Lanarkshire","[c]","[c]","[c]","[c]"
"New entrant CS","2022","Declared disabled","Other ethnicity","Scotland","Orkney Islands","[c]","[c]","[c]","[c]"
"New entrant CS","2022","Declared disabled","Other ethnicity","Scotland","Perth and Kinross, and Stirling","[c]","[c]","[c]","[c]"
"New entrant CS","2022","Declared disabled","Other ethnicity","Scotland","Scottish Borders","[c]","[c]","[c]","[c]"
"New entrant CS","2022","Declared disabled","Other ethnicity","Scotland","Shetland Islands","[c]","[c]","[c]","[c]"
"New entrant CS","2022","Declared disabled","Other ethnicity","Scotland","South Ayrshire","[c]","[c]","[c]","[c]"
"New entrant CS","2022","Declared disabled","Other ethnicity","Scotland","South Lanarkshire","[c]","[c]","[c]","[c]"
"New entrant CS","2022","Declared disabled","Other ethnicity","Scotland","West Lothian","[c]","[c]","[c]","[c]"
"New entrant CS","2022","Declared disabled","Other ethnicity","South East (England)","Berkshire","[c]","[c]","[c]","[c]"
"New entrant CS","2022","Declared disabled","Other ethnicity","South East (England)","Brighton and Hove","[c]","[c]","[c]","[c]"
"New entrant CS","2022","Declared disabled","Other ethnicity","South East (England)","Buckinghamshire","[c]","[c]","[c]","[c]"
"New entrant CS","2022","Declared disabled","Other ethnicity","South East (England)","Central Hampshire","[c]","[c]","[c]","[c]"
"New entrant CS","2022","Declared disabled","Other ethnicity","South East (England)","East Kent","[c]","[c]","[c]","[c]"
"New entrant CS","2022","Declared disabled","Other ethnicity","South East (England)","East Surrey","[c]","[c]","[c]","[c]"
"New entrant CS","2022","Declared disabled","Other ethnicity","South East (England)","East Sussex CC","[c]","[c]","[c]","[c]"
"New entrant CS","2022","Declared disabled","Other ethnicity","South East (England)","Isle of Wight","[c]","[c]","[c]","[c]"
"New entrant CS","2022","Declared disabled","Other ethnicity","South East (England)","Kent Thames Gateway","[c]","[c]","[c]","[c]"
"New entrant CS","2022","Declared disabled","Other ethnicity","South East (England)","Medway","[c]","[c]","[c]","[c]"
"New entrant CS","2022","Declared disabled","Other ethnicity","South East (England)","Mid Kent","[c]","[c]","[c]","[c]"
"New entrant CS","2022","Declared disabled","Other ethnicity","South East (England)","Milton Keynes","[c]","[c]","[c]","[c]"
"New entrant CS","2022","Declared disabled","Other ethnicity","South East (England)","North Hampshire","[c]","[c]","[c]","[c]"
"New entrant CS","2022","Declared disabled","Other ethnicity","South East (England)","Oxfordshire CC","[c]","[c]","[c]","[c]"
"New entrant CS","2022","Declared disabled","Other ethnicity","South East (England)","Portsmouth","[c]","[c]","[c]","[c]"
"New entrant CS","2022","Declared disabled","Other ethnicity","South East (England)","South Hampshire","[c]","[c]","[c]","[c]"
"New entrant CS","2022","Declared disabled","Other ethnicity","South East (England)","Southampton","[c]","[c]","[c]","[c]"
"New entrant CS","2022","Declared disabled","Other ethnicity","South East (England)","West Kent","[c]","[c]","[c]","[c]"
"New entrant CS","2022","Declared disabled","Other ethnicity","South East (England)","West Surrey","[c]","[c]","[c]","[c]"
"New entrant CS","2022","Declared disabled","Other ethnicity","South East (England)","West Sussex (North East)","[c]","[c]","[c]","[c]"
"New entrant CS","2022","Declared disabled","Other ethnicity","South East (England)","West Sussex (South West)","[c]","[c]","[c]","[c]"
"New entrant CS","2022","Declared disabled","Other ethnicity","South West (England)","Bath and North East Somerset, North Somerset and South Gloucestershire","[c]","[c]","[c]","[c]"
"New entrant CS","2022","Declared disabled","Other ethnicity","South West (England)","Bournemouth, Christchurch and Poole","[c]","[c]","[c]","[c]"
"New entrant CS","2022","Declared disabled","Other ethnicity","South West (England)","Bristol, City of","[c]","[c]","[c]","[c]"
"New entrant CS","2022","Declared disabled","Other ethnicity","South West (England)","Cornwall and Isles of Scilly","[c]","[c]","[c]","[c]"
"New entrant CS","2022","Declared disabled","Other ethnicity","South West (England)","Devon CC","[c]","[c]","[c]","[c]"
"New entrant CS","2022","Declared disabled","Other ethnicity","South West (England)","Dorset","[c]","[c]","[c]","[c]"
"New entrant CS","2022","Declared disabled","Other ethnicity","South West (England)","Gloucestershire CC","[c]","[c]","[c]","[c]"
"New entrant CS","2022","Declared disabled","Other ethnicity","South West (England)","Plymouth","[c]","[c]","[c]","[c]"
"New entrant CS","2022","Declared disabled","Other ethnicity","South West (England)","Somerset CC","[c]","[c]","[c]","[c]"
"New entrant CS","2022","Declared disabled","Other ethnicity","South West (England)","Swindon","[c]","[c]","[c]","[c]"
"New entrant CS","2022","Declared disabled","Other ethnicity","South West (England)","Torbay","[c]","[c]","[c]","[c]"
"New entrant CS","2022","Declared disabled","Other ethnicity","South West (England)","Wiltshire","[c]","[c]","[c]","[c]"
"New entrant CS","2022","Declared disabled","Other ethnicity","Unknown","Unknown","[c]","[c]","[c]","[c]"
"New entrant CS","2022","Declared disabled","Other ethnicity","Wales","Bridgend and Neath Port Talbot","[c]","[c]","[c]","[c]"
"New entrant CS","2022","Declared disabled","Other ethnicity","Wales","Cardiff and Vale of Glamorgan","[c]","[c]","[c]","[c]"
"New entrant CS","2022","Declared disabled","Other ethnicity","Wales","Central Valleys","[c]","[c]","[c]","[c]"
"New entrant CS","2022","Declared disabled","Other ethnicity","Wales","Conwy and Denbighshire","[c]","[c]","[c]","[c]"
"New entrant CS","2022","Declared disabled","Other ethnicity","Wales","Flintshire and Wrexham","[c]","[c]","[c]","[c]"
"New entrant CS","2022","Declared disabled","Other ethnicity","Wales","Gwent Valleys","[c]","[c]","[c]","[c]"
"New entrant CS","2022","Declared disabled","Other ethnicity","Wales","Gwynedd","[c]","[c]","[c]","[c]"
"New entrant CS","2022","Declared disabled","Other ethnicity","Wales","Isle of Anglesey","[c]","[c]","[c]","[c]"
"New entrant CS","2022","Declared disabled","Other ethnicity","Wales","Monmouthshire and Newport","[c]","[c]","[c]","[c]"
"New entrant CS","2022","Declared disabled","Other ethnicity","Wales","Powys","[c]","[c]","[c]","[c]"
"New entrant CS","2022","Declared disabled","Other ethnicity","Wales","South West Wales","[c]","[c]","[c]","[c]"
"New entrant CS","2022","Declared disabled","Other ethnicity","Wales","Swansea","[c]","[c]","[c]","[c]"
"New entrant CS","2022","Declared disabled","Other ethnicity","West Midlands (England)","Birmingham","[c]","[c]","[c]","[c]"
"New entrant CS","2022","Declared disabled","Other ethnicity","West Midlands (England)","Coventry","[c]","[c]","[c]","[c]"
"New entrant CS","2022","Declared disabled","Other ethnicity","West Midlands (England)","Dudley","[c]","[c]","[c]","[c]"
"New entrant CS","2022","Declared disabled","Other ethnicity","West Midlands (England)","Herefordshire, County of","[c]","[c]","[c]","[c]"
"New entrant CS","2022","Declared disabled","Other ethnicity","West Midlands (England)","Sandwell","[c]","[c]","[c]","[c]"
"New entrant CS","2022","Declared disabled","Other ethnicity","West Midlands (England)","Shropshire","[c]","[c]","[c]","[c]"
"New entrant CS","2022","Declared disabled","Other ethnicity","West Midlands (England)","Solihull","[c]","[c]","[c]","[c]"
"New entrant CS","2022","Declared disabled","Other ethnicity","West Midlands (England)","Staffordshire CC","[c]","[c]","[c]","[c]"
"New entrant CS","2022","Declared disabled","Other ethnicity","West Midlands (England)","Stoke-on-Trent","[c]","[c]","[c]","[c]"
"New entrant CS","2022","Declared disabled","Other ethnicity","West Midlands (England)","Telford and Wrekin","[c]","[c]","[c]","[c]"
"New entrant CS","2022","Declared disabled","Other ethnicity","West Midlands (England)","Walsall","[c]","[c]","[c]","[c]"
"New entrant CS","2022","Declared disabled","Other ethnicity","West Midlands (England)","Warwickshire CC","[c]","[c]","[c]","[c]"
"New entrant CS","2022","Declared disabled","Other ethnicity","West Midlands (England)","Wolverhampton","[c]","[c]","[c]","[c]"
"New entrant CS","2022","Declared disabled","Other ethnicity","West Midlands (England)","Worcestershire CC","[c]","[c]","[c]","[c]"
"New entrant CS","2022","Declared disabled","Other ethnicity","Yorkshire and The Humber","Barnsley, Doncaster and Rotherham","[c]","[c]","[c]","[c]"
"New entrant CS","2022","Declared disabled","Other ethnicity","Yorkshire and The Humber","Bradford","[c]","[c]","[c]","[c]"
"New entrant CS","2022","Declared disabled","Other ethnicity","Yorkshire and The Humber","Calderdale and Kirklees","[c]","[c]","[c]","[c]"
"New entrant CS","2022","Declared disabled","Other ethnicity","Yorkshire and The Humber","East Riding of Yorkshire","[c]","[c]","[c]","[c]"
"New entrant CS","2022","Declared disabled","Other ethnicity","Yorkshire and The Humber","Kingston upon Hull, City of","[c]","[c]","[c]","[c]"
"New entrant CS","2022","Declared disabled","Other ethnicity","Yorkshire and The Humber","Leeds","[c]","[c]","[c]","[c]"
"New entrant CS","2022","Declared disabled","Other ethnicity","Yorkshire and The Humber","North and North East Lincolnshire","[c]","[c]","[c]","[c]"
"New entrant CS","2022","Declared disabled","Other ethnicity","Yorkshire and The Humber","North Yorkshire CC","[c]","[c]","[c]","[c]"
"New entrant CS","2022","Declared disabled","Other ethnicity","Yorkshire and The Humber","Sheffield","[c]","[c]","[c]","[c]"
"New entrant CS","2022","Declared disabled","Other ethnicity","Yorkshire and The Humber","Wakefield","[c]","[c]","[c]","[c]"
"New entrant CS","2022","Declared disabled","Other ethnicity","Yorkshire and The Humber","York","[c]","[c]","[c]","[c]"
"New entrant CS","2022","Declared disabled","Undeclared","East Midlands (England)","Derby","[c]","[c]","[c]","[c]"
"New entrant CS","2022","Declared disabled","Undeclared","East Midlands (England)","East Derbyshire","[c]","[c]","[c]","[c]"
"New entrant CS","2022","Declared disabled","Undeclared","East Midlands (England)","Leicester","[c]","[c]","[c]","[c]"
"New entrant CS","2022","Declared disabled","Undeclared","East Midlands (England)","Leicestershire CC and Rutland","[c]","[c]","[c]","[c]"
"New entrant CS","2022","Declared disabled","Undeclared","East Midlands (England)","Lincolnshire CC","[c]","[c]","[c]","[c]"
"New entrant CS","2022","Declared disabled","Undeclared","East Midlands (England)","North Northamptonshire","[c]","[c]","[c]","[c]"
"New entrant CS","2022","Declared disabled","Undeclared","East Midlands (England)","North Nottinghamshire","[c]","[c]","[c]","[c]"
"New entrant CS","2022","Declared disabled","Undeclared","East Midlands (England)","Nottingham","[c]","[c]","[c]","[c]"
"New entrant CS","2022","Declared disabled","Undeclared","East Midlands (England)","South and West Derbyshire","[c]","[c]","[c]","[c]"
"New entrant CS","2022","Declared disabled","Undeclared","East Midlands (England)","South Nottinghamshire","[c]","[c]","[c]","[c]"
"New entrant CS","2022","Declared disabled","Undeclared","East Midlands (England)","West Northamptonshire","[c]","[c]","[c]","[c]"
"New entrant CS","2022","Declared disabled","Undeclared","East of England","Bedford","[c]","[c]","[c]","[c]"
"New entrant CS","2022","Declared disabled","Undeclared","East of England","Breckland and South Norfolk","[c]","[c]","[c]","[c]"
"New entrant CS","2022","Declared disabled","Undeclared","East of England","Cambridgeshire CC","[c]","[c]","[c]","[c]"
"New entrant CS","2022","Declared disabled","Undeclared","East of England","Central Bedfordshire","[c]","[c]","[c]","[c]"
"New entrant CS","2022","Declared disabled","Undeclared","East of England","Essex Haven Gateway","[c]","[c]","[c]","[c]"
"New entrant CS","2022","Declared disabled","Undeclared","East of England","Essex Thames Gateway","[c]","[c]","[c]","[c]"
"New entrant CS","2022","Declared disabled","Undeclared","East of England","Heart of Essex","[c]","[c]","[c]","[c]"
"New entrant CS","2022","Declared disabled","Undeclared","East of England","Hertfordshire CC","[c]","[c]","[c]","[c]"
"New entrant CS","2022","Declared disabled","Undeclared","East of England","Luton","[c]","[c]","[c]","[c]"
"New entrant CS","2022","Declared disabled","Undeclared","East of England","North and West Norfolk","[c]","[c]","[c]","[c]"
"New entrant CS","2022","Declared disabled","Undeclared","East of England","Norwich and East Norfolk","[c]","[c]","[c]","[c]"
"New entrant CS","2022","Declared disabled","Undeclared","East of England","Peterborough","[c]","[c]","[c]","[c]"
"New entrant CS","2022","Declared disabled","Undeclared","East of England","Southend-on-Sea","[c]","[c]","[c]","[c]"
"New entrant CS","2022","Declared disabled","Undeclared","East of England","Suffolk CC","[c]","[c]","[c]","[c]"
"New entrant CS","2022","Declared disabled","Undeclared","East of England","Thurrock","[c]","[c]","[c]","[c]"
"New entrant CS","2022","Declared disabled","Undeclared","East of England","West Essex","[c]","[c]","[c]","[c]"
"New entrant CS","2022","Declared disabled","Undeclared","London","Barking & Dagenham and Havering","[c]","[c]","[c]","[c]"
"New entrant CS","2022","Declared disabled","Undeclared","London","Barnet","[c]","[c]","[c]","[c]"
"New entrant CS","2022","Declared disabled","Undeclared","London","Bexley and Greenwich","[c]","[c]","[c]","[c]"
"New entrant CS","2022","Declared disabled","Undeclared","London","Brent","[c]","[c]","[c]","[c]"
"New entrant CS","2022","Declared disabled","Undeclared","London","Bromley","[c]","[c]","[c]","[c]"
"New entrant CS","2022","Declared disabled","Undeclared","London","Camden and City of London","[c]","[c]","[c]","[c]"
"New entrant CS","2022","Declared disabled","Undeclared","London","Croydon","[c]","[c]","[c]","[c]"
"New entrant CS","2022","Declared disabled","Undeclared","London","Ealing","[c]","[c]","[c]","[c]"
"New entrant CS","2022","Declared disabled","Undeclared","London","Enfield","[c]","[c]","[c]","[c]"
"New entrant CS","2022","Declared disabled","Undeclared","London","Hackney and Newham","[c]","[c]","[c]","[c]"
"New entrant CS","2022","Declared disabled","Undeclared","London","Haringey and Islington","[c]","[c]","[c]","[c]"
"New entrant CS","2022","Declared disabled","Undeclared","London","Harrow and Hillingdon","[c]","[c]","[c]","[c]"
"New entrant CS","2022","Declared disabled","Undeclared","London","Hounslow and Richmond upon Thames","[c]","[c]","[c]","[c]"
"New entrant CS","2022","Declared disabled","Undeclared","London","Kensington & Chelsea and Hammersmith & Fulham","[c]","[c]","[c]","[c]"
"New entrant CS","2022","Declared disabled","Undeclared","London","Lambeth","[c]","[c]","[c]","[c]"
"New entrant CS","2022","Declared disabled","Undeclared","London","Lewisham and Southwark","[c]","[c]","[c]","[c]"
"New entrant CS","2022","Declared disabled","Undeclared","London","Merton, Kingston upon Thames and Sutton","[c]","[c]","[c]","[c]"
"New entrant CS","2022","Declared disabled","Undeclared","London","Redbridge and Waltham Forest","[c]","[c]","[c]","[c]"
"New entrant CS","2022","Declared disabled","Undeclared","London","Tower Hamlets","[c]","[c]","[c]","[c]"
"New entrant CS","2022","Declared disabled","Undeclared","London","Wandsworth","[c]","[c]","[c]","[c]"
"New entrant CS","2022","Declared disabled","Undeclared","London","Westminster","10","[c]","[c]","[c]"
"New entrant CS","2022","Declared disabled","Undeclared","North East (England)","Darlington","[c]","[c]","[c]","[c]"
"New entrant CS","2022","Declared disabled","Undeclared","North East (England)","Durham","[c]","[c]","[c]","[c]"
"New entrant CS","2022","Declared disabled","Undeclared","North East (England)","Hartlepool and Stockton-on-Tees","[c]","[c]","[c]","[c]"
"New entrant CS","2022","Declared disabled","Undeclared","North East (England)","Northumberland","[c]","[c]","[c]","[c]"
"New entrant CS","2022","Declared disabled","Undeclared","North East (England)","South Teesside","[c]","[c]","[c]","[c]"
"New entrant CS","2022","Declared disabled","Undeclared","North East (England)","Sunderland","[c]","[c]","[c]","[c]"
"New entrant CS","2022","Declared disabled","Undeclared","North East (England)","Tyneside","[c]","[c]","[c]","[c]"
"New entrant CS","2022","Declared disabled","Undeclared","North West (England)","Blackburn with Darwen","[c]","[c]","[c]","[c]"
"New entrant CS","2022","Declared disabled","Undeclared","North West (England)","Blackpool","[c]","[c]","[c]","[c]"
"New entrant CS","2022","Declared disabled","Undeclared","North West (England)","Cheshire East","[c]","[c]","[c]","[c]"
"New entrant CS","2022","Declared disabled","Undeclared","North West (England)","Cheshire West and Chester","[c]","[c]","[c]","[c]"
"New entrant CS","2022","Declared disabled","Undeclared","North West (England)","Chorley and West Lancashire","[c]","[c]","[c]","[c]"
"New entrant CS","2022","Declared disabled","Undeclared","North West (England)","East Cumbria","[c]","[c]","[c]","[c]"
"New entrant CS","2022","Declared disabled","Undeclared","North West (England)","East Lancashire","[c]","[c]","[c]","[c]"
"New entrant CS","2022","Declared disabled","Undeclared","North West (England)","East Merseyside","[c]","[c]","[c]","[c]"
"New entrant CS","2022","Declared disabled","Undeclared","North West (England)","Greater Manchester North East","[c]","[c]","[c]","[c]"
"New entrant CS","2022","Declared disabled","Undeclared","North West (England)","Greater Manchester North West","[c]","[c]","[c]","[c]"
"New entrant CS","2022","Declared disabled","Undeclared","North West (England)","Greater Manchester South East","[c]","[c]","[c]","[c]"
"New entrant CS","2022","Declared disabled","Undeclared","North West (England)","Greater Manchester South West","[c]","[c]","[c]","[c]"
"New entrant CS","2022","Declared disabled","Undeclared","North West (England)","Lancaster and Wyre","[c]","[c]","[c]","[c]"
"New entrant CS","2022","Declared disabled","Undeclared","North West (England)","Liverpool","[c]","[c]","[c]","[c]"
"New entrant CS","2022","Declared disabled","Undeclared","North West (England)","Manchester","[c]","[c]","[c]","[c]"
"New entrant CS","2022","Declared disabled","Undeclared","North West (England)","Mid Lancashire","[c]","[c]","[c]","[c]"
"New entrant CS","2022","Declared disabled","Undeclared","North West (England)","Sefton","[c]","[c]","[c]","[c]"
"New entrant CS","2022","Declared disabled","Undeclared","North West (England)","Warrington","[c]","[c]","[c]","[c]"
"New entrant CS","2022","Declared disabled","Undeclared","North West (England)","West Cumbria","[c]","[c]","[c]","[c]"
"New entrant CS","2022","Declared disabled","Undeclared","North West (England)","Wirral","[c]","[c]","[c]","[c]"
"New entrant CS","2022","Declared disabled","Undeclared","Northern Ireland","Antrim and Newtownabbey","[c]","[c]","[c]","[c]"
"New entrant CS","2022","Declared disabled","Undeclared","Northern Ireland","Ards and North Down","[c]","[c]","[c]","[c]"
"New entrant CS","2022","Declared disabled","Undeclared","Northern Ireland","Armagh City, Banbridge and Craigavon","[c]","[c]","[c]","[c]"
"New entrant CS","2022","Declared disabled","Undeclared","Northern Ireland","Belfast","[c]","[c]","[c]","[c]"
"New entrant CS","2022","Declared disabled","Undeclared","Northern Ireland","Causeway Coast and Glens","[c]","[c]","[c]","[c]"
"New entrant CS","2022","Declared disabled","Undeclared","Northern Ireland","Derry City and Strabane","[c]","[c]","[c]","[c]"
"New entrant CS","2022","Declared disabled","Undeclared","Northern Ireland","Fermanagh and Omagh","[c]","[c]","[c]","[c]"
"New entrant CS","2022","Declared disabled","Undeclared","Northern Ireland","Lisburn and Castlereagh","[c]","[c]","[c]","[c]"
"New entrant CS","2022","Declared disabled","Undeclared","Northern Ireland","Mid and East Antrim","[c]","[c]","[c]","[c]"
"New entrant CS","2022","Declared disabled","Undeclared","Northern Ireland","Mid Ulster","[c]","[c]","[c]","[c]"
"New entrant CS","2022","Declared disabled","Undeclared","Northern Ireland","Newry, Mourne and Down","[c]","[c]","[c]","[c]"
"New entrant CS","2022","Declared disabled","Undeclared","Overseas","Overseas","[c]","[c]","[c]","[c]"
"New entrant CS","2022","Declared disabled","Undeclared","Scotland","Aberdeen City and Aberdeenshire","[c]","[c]","[c]","[c]"
"New entrant CS","2022","Declared disabled","Undeclared","Scotland","Angus and Dundee City","[c]","[c]","[c]","[c]"
"New entrant CS","2022","Declared disabled","Undeclared","Scotland","Caithness and Sutherland, and Ross and Cromarty","[c]","[c]","[c]","[c]"
"New entrant CS","2022","Declared disabled","Undeclared","Scotland","City of Edinburgh","[c]","[c]","[c]","[c]"
"New entrant CS","2022","Declared disabled","Undeclared","Scotland","Clackmannanshire and Fife","[c]","[c]","[c]","[c]"
"New entrant CS","2022","Declared disabled","Undeclared","Scotland","Dumfries and Galloway","[c]","[c]","[c]","[c]"
"New entrant CS","2022","Declared disabled","Undeclared","Scotland","East Ayrshire and North Ayrshire mainland","[c]","[c]","[c]","[c]"
"New entrant CS","2022","Declared disabled","Undeclared","Scotland","East Dunbartonshire, West Dunbartonshire, and Helensburgh and Lomond","[c]","[c]","[c]","[c]"
"New entrant CS","2022","Declared disabled","Undeclared","Scotland","East Lothian and Midlothian","[c]","[c]","[c]","[c]"
"New entrant CS","2022","Declared disabled","Undeclared","Scotland","Falkirk","[c]","[c]","[c]","[c]"
"New entrant CS","2022","Declared disabled","Undeclared","Scotland","Glasgow City","[c]","[c]","[c]","[c]"
"New entrant CS","2022","Declared disabled","Undeclared","Scotland","Inverclyde, East Renfrewshire, and Renfrewshire","[c]","[c]","[c]","[c]"
"New entrant CS","2022","Declared disabled","Undeclared","Scotland","Inverness and Nairn, Moray, and Badenoch and Strathspey","[c]","[c]","[c]","[c]"
"New entrant CS","2022","Declared disabled","Undeclared","Scotland","Lochaber, Skye and Lochalsh, Arran and Cumbrae, and Argyll and Bute","[c]","[c]","[c]","[c]"
"New entrant CS","2022","Declared disabled","Undeclared","Scotland","Na h-Eileanan Siar","[c]","[c]","[c]","[c]"
"New entrant CS","2022","Declared disabled","Undeclared","Scotland","North Lanarkshire","[c]","[c]","[c]","[c]"
"New entrant CS","2022","Declared disabled","Undeclared","Scotland","Orkney Islands","[c]","[c]","[c]","[c]"
"New entrant CS","2022","Declared disabled","Undeclared","Scotland","Perth and Kinross, and Stirling","[c]","[c]","[c]","[c]"
"New entrant CS","2022","Declared disabled","Undeclared","Scotland","Scottish Borders","[c]","[c]","[c]","[c]"
"New entrant CS","2022","Declared disabled","Undeclared","Scotland","Shetland Islands","[c]","[c]","[c]","[c]"
"New entrant CS","2022","Declared disabled","Undeclared","Scotland","South Ayrshire","[c]","[c]","[c]","[c]"
"New entrant CS","2022","Declared disabled","Undeclared","Scotland","South Lanarkshire","[c]","[c]","[c]","[c]"
"New entrant CS","2022","Declared disabled","Undeclared","Scotland","West Lothian","[c]","[c]","[c]","[c]"
"New entrant CS","2022","Declared disabled","Undeclared","South East (England)","Berkshire","[c]","[c]","[c]","[c]"
"New entrant CS","2022","Declared disabled","Undeclared","South East (England)","Brighton and Hove","[c]","[c]","[c]","[c]"
"New entrant CS","2022","Declared disabled","Undeclared","South East (England)","Buckinghamshire","[c]","[c]","[c]","[c]"
"New entrant CS","2022","Declared disabled","Undeclared","South East (England)","Central Hampshire","[c]","[c]","[c]","[c]"
"New entrant CS","2022","Declared disabled","Undeclared","South East (England)","East Kent","[c]","[c]","[c]","[c]"
"New entrant CS","2022","Declared disabled","Undeclared","South East (England)","East Surrey","[c]","[c]","[c]","[c]"
"New entrant CS","2022","Declared disabled","Undeclared","South East (England)","East Sussex CC","[c]","[c]","[c]","[c]"
"New entrant CS","2022","Declared disabled","Undeclared","South East (England)","Isle of Wight","[c]","[c]","[c]","[c]"
"New entrant CS","2022","Declared disabled","Undeclared","South East (England)","Kent Thames Gateway","[c]","[c]","[c]","[c]"
"New entrant CS","2022","Declared disabled","Undeclared","South East (England)","Medway","[c]","[c]","[c]","[c]"
"New entrant CS","2022","Declared disabled","Undeclared","South East (England)","Mid Kent","[c]","[c]","[c]","[c]"
"New entrant CS","2022","Declared disabled","Undeclared","South East (England)","Milton Keynes","[c]","[c]","[c]","[c]"
"New entrant CS","2022","Declared disabled","Undeclared","South East (England)","North Hampshire","[c]","[c]","[c]","[c]"
"New entrant CS","2022","Declared disabled","Undeclared","South East (England)","Oxfordshire CC","[c]","[c]","[c]","[c]"
"New entrant CS","2022","Declared disabled","Undeclared","South East (England)","Portsmouth","[c]","[c]","[c]","[c]"
"New entrant CS","2022","Declared disabled","Undeclared","South East (England)","South Hampshire","[c]","[c]","[c]","[c]"
"New entrant CS","2022","Declared disabled","Undeclared","South East (England)","Southampton","[c]","[c]","[c]","[c]"
"New entrant CS","2022","Declared disabled","Undeclared","South East (England)","West Kent","[c]","[c]","[c]","[c]"
"New entrant CS","2022","Declared disabled","Undeclared","South East (England)","West Surrey","[c]","[c]","[c]","[c]"
"New entrant CS","2022","Declared disabled","Undeclared","South East (England)","West Sussex (North East)","[c]","[c]","[c]","[c]"
"New entrant CS","2022","Declared disabled","Undeclared","South East (England)","West Sussex (South West)","[c]","[c]","[c]","[c]"
"New entrant CS","2022","Declared disabled","Undeclared","South West (England)","Bath and North East Somerset, North Somerset and South Gloucestershire","[c]","[c]","[c]","[c]"
"New entrant CS","2022","Declared disabled","Undeclared","South West (England)","Bournemouth, Christchurch and Poole","[c]","[c]","[c]","[c]"
"New entrant CS","2022","Declared disabled","Undeclared","South West (England)","Bristol, City of","5","[c]","[c]","[c]"
"New entrant CS","2022","Declared disabled","Undeclared","South West (England)","Cornwall and Isles of Scilly","[c]","[c]","[c]","[c]"
"New entrant CS","2022","Declared disabled","Undeclared","South West (England)","Devon CC","[c]","[c]","[c]","[c]"
"New entrant CS","2022","Declared disabled","Undeclared","South West (England)","Dorset","[c]","[c]","[c]","[c]"
"New entrant CS","2022","Declared disabled","Undeclared","South West (England)","Gloucestershire CC","[c]","[c]","[c]","[c]"
"New entrant CS","2022","Declared disabled","Undeclared","South West (England)","Plymouth","[c]","[c]","[c]","[c]"
"New entrant CS","2022","Declared disabled","Undeclared","South West (England)","Somerset CC","[c]","[c]","[c]","[c]"
"New entrant CS","2022","Declared disabled","Undeclared","South West (England)","Swindon","[c]","[c]","[c]","[c]"
"New entrant CS","2022","Declared disabled","Undeclared","South West (England)","Torbay","[c]","[c]","[c]","[c]"
"New entrant CS","2022","Declared disabled","Undeclared","South West (England)","Wiltshire","[c]","[c]","[c]","[c]"
"New entrant CS","2022","Declared disabled","Undeclared","Unknown","Unknown","[c]","[c]","[c]","[c]"
"New entrant CS","2022","Declared disabled","Undeclared","Wales","Bridgend and Neath Port Talbot","[c]","[c]","[c]","[c]"
"New entrant CS","2022","Declared disabled","Undeclared","Wales","Cardiff and Vale of Glamorgan","[c]","[c]","[c]","[c]"
"New entrant CS","2022","Declared disabled","Undeclared","Wales","Central Valleys","[c]","[c]","[c]","[c]"
"New entrant CS","2022","Declared disabled","Undeclared","Wales","Conwy and Denbighshire","[c]","[c]","[c]","[c]"
"New entrant CS","2022","Declared disabled","Undeclared","Wales","Flintshire and Wrexham","[c]","[c]","[c]","[c]"
"New entrant CS","2022","Declared disabled","Undeclared","Wales","Gwent Valleys","[c]","[c]","[c]","[c]"
"New entrant CS","2022","Declared disabled","Undeclared","Wales","Gwynedd","[c]","[c]","[c]","[c]"
"New entrant CS","2022","Declared disabled","Undeclared","Wales","Isle of Anglesey","[c]","[c]","[c]","[c]"
"New entrant CS","2022","Declared disabled","Undeclared","Wales","Monmouthshire and Newport","[c]","[c]","[c]","[c]"
"New entrant CS","2022","Declared disabled","Undeclared","Wales","Powys","[c]","[c]","[c]","[c]"
"New entrant CS","2022","Declared disabled","Undeclared","Wales","South West Wales","[c]","[c]","[c]","[c]"
"New entrant CS","2022","Declared disabled","Undeclared","Wales","Swansea","[c]","[c]","[c]","[c]"
"New entrant CS","2022","Declared disabled","Undeclared","West Midlands (England)","Birmingham","10","[c]","[c]","[c]"
"New entrant CS","2022","Declared disabled","Undeclared","West Midlands (England)","Coventry","[c]","[c]","[c]","[c]"
"New entrant CS","2022","Declared disabled","Undeclared","West Midlands (England)","Dudley","[c]","[c]","[c]","[c]"
"New entrant CS","2022","Declared disabled","Undeclared","West Midlands (England)","Herefordshire, County of","[c]","[c]","[c]","[c]"
"New entrant CS","2022","Declared disabled","Undeclared","West Midlands (England)","Sandwell","[c]","[c]","[c]","[c]"
"New entrant CS","2022","Declared disabled","Undeclared","West Midlands (England)","Shropshire","[c]","[c]","[c]","[c]"
"New entrant CS","2022","Declared disabled","Undeclared","West Midlands (England)","Solihull","[c]","[c]","[c]","[c]"
"New entrant CS","2022","Declared disabled","Undeclared","West Midlands (England)","Staffordshire CC","[c]","[c]","[c]","[c]"
"New entrant CS","2022","Declared disabled","Undeclared","West Midlands (England)","Stoke-on-Trent","[c]","[c]","[c]","[c]"
"New entrant CS","2022","Declared disabled","Undeclared","West Midlands (England)","Telford and Wrekin","[c]","[c]","[c]","[c]"
"New entrant CS","2022","Declared disabled","Undeclared","West Midlands (England)","Walsall","[c]","[c]","[c]","[c]"
"New entrant CS","2022","Declared disabled","Undeclared","West Midlands (England)","Warwickshire CC","[c]","[c]","[c]","[c]"
"New entrant CS","2022","Declared disabled","Undeclared","West Midlands (England)","Wolverhampton","[c]","[c]","[c]","[c]"
"New entrant CS","2022","Declared disabled","Undeclared","West Midlands (England)","Worcestershire CC","[c]","[c]","[c]","[c]"
"New entrant CS","2022","Declared disabled","Undeclared","Yorkshire and The Humber","Barnsley, Doncaster and Rotherham","[c]","[c]","[c]","[c]"
"New entrant CS","2022","Declared disabled","Undeclared","Yorkshire and The Humber","Bradford","[c]","[c]","[c]","[c]"
"New entrant CS","2022","Declared disabled","Undeclared","Yorkshire and The Humber","Calderdale and Kirklees","[c]","[c]","[c]","[c]"
"New entrant CS","2022","Declared disabled","Undeclared","Yorkshire and The Humber","East Riding of Yorkshire","[c]","[c]","[c]","[c]"
"New entrant CS","2022","Declared disabled","Undeclared","Yorkshire and The Humber","Kingston upon Hull, City of","[c]","[c]","[c]","[c]"
"New entrant CS","2022","Declared disabled","Undeclared","Yorkshire and The Humber","Leeds","[c]","[c]","[c]","[c]"
"New entrant CS","2022","Declared disabled","Undeclared","Yorkshire and The Humber","North and North East Lincolnshire","[c]","[c]","[c]","[c]"
"New entrant CS","2022","Declared disabled","Undeclared","Yorkshire and The Humber","North Yorkshire CC","[c]","[c]","[c]","[c]"
"New entrant CS","2022","Declared disabled","Undeclared","Yorkshire and The Humber","Sheffield","[c]","[c]","[c]","[c]"
"New entrant CS","2022","Declared disabled","Undeclared","Yorkshire and The Humber","Wakefield","[c]","[c]","[c]","[c]"
"New entrant CS","2022","Declared disabled","Undeclared","Yorkshire and The Humber","York","[c]","[c]","[c]","[c]"
"New entrant CS","2022","Declared disabled","Unknown","East Midlands (England)","Derby","[c]","[c]","[c]","[c]"
"New entrant CS","2022","Declared disabled","Unknown","East Midlands (England)","East Derbyshire","[c]","[c]","[c]","[c]"
"New entrant CS","2022","Declared disabled","Unknown","East Midlands (England)","Leicester","[c]","[c]","[c]","[c]"
"New entrant CS","2022","Declared disabled","Unknown","East Midlands (England)","Leicestershire CC and Rutland","[c]","[c]","[c]","[c]"
"New entrant CS","2022","Declared disabled","Unknown","East Midlands (England)","Lincolnshire CC","[c]","[c]","[c]","[c]"
"New entrant CS","2022","Declared disabled","Unknown","East Midlands (England)","North Northamptonshire","[c]","[c]","[c]","[c]"
"New entrant CS","2022","Declared disabled","Unknown","East Midlands (England)","North Nottinghamshire","[c]","[c]","[c]","[c]"
"New entrant CS","2022","Declared disabled","Unknown","East Midlands (England)","Nottingham","[c]","[c]","[c]","[c]"
"New entrant CS","2022","Declared disabled","Unknown","East Midlands (England)","South and West Derbyshire","[c]","[c]","[c]","[c]"
"New entrant CS","2022","Declared disabled","Unknown","East Midlands (England)","South Nottinghamshire","[c]","[c]","[c]","[c]"
"New entrant CS","2022","Declared disabled","Unknown","East Midlands (England)","West Northamptonshire","[c]","[c]","[c]","[c]"
"New entrant CS","2022","Declared disabled","Unknown","East of England","Bedford","[c]","[c]","[c]","[c]"
"New entrant CS","2022","Declared disabled","Unknown","East of England","Breckland and South Norfolk","[c]","[c]","[c]","[c]"
"New entrant CS","2022","Declared disabled","Unknown","East of England","Cambridgeshire CC","[c]","[c]","[c]","[c]"
"New entrant CS","2022","Declared disabled","Unknown","East of England","Central Bedfordshire","[c]","[c]","[c]","[c]"
"New entrant CS","2022","Declared disabled","Unknown","East of England","Essex Haven Gateway","[c]","[c]","[c]","[c]"
"New entrant CS","2022","Declared disabled","Unknown","East of England","Essex Thames Gateway","[c]","[c]","[c]","[c]"
"New entrant CS","2022","Declared disabled","Unknown","East of England","Heart of Essex","[c]","[c]","[c]","[c]"
"New entrant CS","2022","Declared disabled","Unknown","East of England","Hertfordshire CC","[c]","[c]","[c]","[c]"
"New entrant CS","2022","Declared disabled","Unknown","East of England","Luton","[c]","[c]","[c]","[c]"
"New entrant CS","2022","Declared disabled","Unknown","East of England","North and West Norfolk","[c]","[c]","[c]","[c]"
"New entrant CS","2022","Declared disabled","Unknown","East of England","Norwich and East Norfolk","[c]","[c]","[c]","[c]"
"New entrant CS","2022","Declared disabled","Unknown","East of England","Peterborough","[c]","[c]","[c]","[c]"
"New entrant CS","2022","Declared disabled","Unknown","East of England","Southend-on-Sea","[c]","[c]","[c]","[c]"
"New entrant CS","2022","Declared disabled","Unknown","East of England","Suffolk CC","[c]","[c]","[c]","[c]"
"New entrant CS","2022","Declared disabled","Unknown","East of England","Thurrock","[c]","[c]","[c]","[c]"
"New entrant CS","2022","Declared disabled","Unknown","East of England","West Essex","[c]","[c]","[c]","[c]"
"New entrant CS","2022","Declared disabled","Unknown","London","Barking & Dagenham and Havering","[c]","[c]","[c]","[c]"
"New entrant CS","2022","Declared disabled","Unknown","London","Barnet","[c]","[c]","[c]","[c]"
"New entrant CS","2022","Declared disabled","Unknown","London","Bexley and Greenwich","[c]","[c]","[c]","[c]"
"New entrant CS","2022","Declared disabled","Unknown","London","Brent","[c]","[c]","[c]","[c]"
"New entrant CS","2022","Declared disabled","Unknown","London","Bromley","[c]","[c]","[c]","[c]"
"New entrant CS","2022","Declared disabled","Unknown","London","Camden and City of London","[c]","[c]","[c]","[c]"
"New entrant CS","2022","Declared disabled","Unknown","London","Croydon","[c]","[c]","[c]","[c]"
"New entrant CS","2022","Declared disabled","Unknown","London","Ealing","[c]","[c]","[c]","[c]"
"New entrant CS","2022","Declared disabled","Unknown","London","Enfield","[c]","[c]","[c]","[c]"
"New entrant CS","2022","Declared disabled","Unknown","London","Hackney and Newham","[c]","[c]","[c]","[c]"
"New entrant CS","2022","Declared disabled","Unknown","London","Haringey and Islington","[c]","[c]","[c]","[c]"
"New entrant CS","2022","Declared disabled","Unknown","London","Harrow and Hillingdon","[c]","[c]","[c]","[c]"
"New entrant CS","2022","Declared disabled","Unknown","London","Hounslow and Richmond upon Thames","[c]","[c]","[c]","[c]"
"New entrant CS","2022","Declared disabled","Unknown","London","Kensington & Chelsea and Hammersmith & Fulham","[c]","[c]","[c]","[c]"
"New entrant CS","2022","Declared disabled","Unknown","London","Lambeth","[c]","[c]","[c]","[c]"
"New entrant CS","2022","Declared disabled","Unknown","London","Lewisham and Southwark","[c]","[c]","[c]","[c]"
"New entrant CS","2022","Declared disabled","Unknown","London","Merton, Kingston upon Thames and Sutton","[c]","[c]","[c]","[c]"
"New entrant CS","2022","Declared disabled","Unknown","London","Redbridge and Waltham Forest","[c]","[c]","[c]","[c]"
"New entrant CS","2022","Declared disabled","Unknown","London","Tower Hamlets","[c]","[c]","[c]","[c]"
"New entrant CS","2022","Declared disabled","Unknown","London","Wandsworth","[c]","[c]","[c]","[c]"
"New entrant CS","2022","Declared disabled","Unknown","London","Westminster","15","[c]","[c]","[c]"
"New entrant CS","2022","Declared disabled","Unknown","North East (England)","Darlington","[c]","[c]","[c]","[c]"
"New entrant CS","2022","Declared disabled","Unknown","North East (England)","Durham","[c]","[c]","[c]","[c]"
"New entrant CS","2022","Declared disabled","Unknown","North East (England)","Hartlepool and Stockton-on-Tees","[c]","[c]","[c]","[c]"
"New entrant CS","2022","Declared disabled","Unknown","North East (England)","Northumberland","[c]","[c]","[c]","[c]"
"New entrant CS","2022","Declared disabled","Unknown","North East (England)","South Teesside","[c]","[c]","[c]","[c]"
"New entrant CS","2022","Declared disabled","Unknown","North East (England)","Sunderland","[c]","[c]","[c]","[c]"
"New entrant CS","2022","Declared disabled","Unknown","North East (England)","Tyneside","[c]","[c]","[c]","[c]"
"New entrant CS","2022","Declared disabled","Unknown","North West (England)","Blackburn with Darwen","[c]","[c]","[c]","[c]"
"New entrant CS","2022","Declared disabled","Unknown","North West (England)","Blackpool","[c]","[c]","[c]","[c]"
"New entrant CS","2022","Declared disabled","Unknown","North West (England)","Cheshire East","[c]","[c]","[c]","[c]"
"New entrant CS","2022","Declared disabled","Unknown","North West (England)","Cheshire West and Chester","[c]","[c]","[c]","[c]"
"New entrant CS","2022","Declared disabled","Unknown","North West (England)","Chorley and West Lancashire","[c]","[c]","[c]","[c]"
"New entrant CS","2022","Declared disabled","Unknown","North West (England)","East Cumbria","[c]","[c]","[c]","[c]"
"New entrant CS","2022","Declared disabled","Unknown","North West (England)","East Lancashire","[c]","[c]","[c]","[c]"
"New entrant CS","2022","Declared disabled","Unknown","North West (England)","East Merseyside","[c]","[c]","[c]","[c]"
"New entrant CS","2022","Declared disabled","Unknown","North West (England)","Greater Manchester North East","[c]","[c]","[c]","[c]"
"New entrant CS","2022","Declared disabled","Unknown","North West (England)","Greater Manchester North West","[c]","[c]","[c]","[c]"
"New entrant CS","2022","Declared disabled","Unknown","North West (England)","Greater Manchester South East","[c]","[c]","[c]","[c]"
"New entrant CS","2022","Declared disabled","Unknown","North West (England)","Greater Manchester South West","[c]","[c]","[c]","[c]"
"New entrant CS","2022","Declared disabled","Unknown","North West (England)","Lancaster and Wyre","[c]","[c]","[c]","[c]"
"New entrant CS","2022","Declared disabled","Unknown","North West (England)","Liverpool","[c]","[c]","[c]","[c]"
"New entrant CS","2022","Declared disabled","Unknown","North West (England)","Manchester","[c]","[c]","[c]","[c]"
"New entrant CS","2022","Declared disabled","Unknown","North West (England)","Mid Lancashire","[c]","[c]","[c]","[c]"
"New entrant CS","2022","Declared disabled","Unknown","North West (England)","Sefton","[c]","[c]","[c]","[c]"
"New entrant CS","2022","Declared disabled","Unknown","North West (England)","Warrington","[c]","[c]","[c]","[c]"
"New entrant CS","2022","Declared disabled","Unknown","North West (England)","West Cumbria","[c]","[c]","[c]","[c]"
"New entrant CS","2022","Declared disabled","Unknown","North West (England)","Wirral","[c]","[c]","[c]","[c]"
"New entrant CS","2022","Declared disabled","Unknown","Northern Ireland","Antrim and Newtownabbey","[c]","[c]","[c]","[c]"
"New entrant CS","2022","Declared disabled","Unknown","Northern Ireland","Ards and North Down","[c]","[c]","[c]","[c]"
"New entrant CS","2022","Declared disabled","Unknown","Northern Ireland","Armagh City, Banbridge and Craigavon","[c]","[c]","[c]","[c]"
"New entrant CS","2022","Declared disabled","Unknown","Northern Ireland","Belfast","[c]","[c]","[c]","[c]"
"New entrant CS","2022","Declared disabled","Unknown","Northern Ireland","Causeway Coast and Glens","[c]","[c]","[c]","[c]"
"New entrant CS","2022","Declared disabled","Unknown","Northern Ireland","Derry City and Strabane","[c]","[c]","[c]","[c]"
"New entrant CS","2022","Declared disabled","Unknown","Northern Ireland","Fermanagh and Omagh","[c]","[c]","[c]","[c]"
"New entrant CS","2022","Declared disabled","Unknown","Northern Ireland","Lisburn and Castlereagh","[c]","[c]","[c]","[c]"
"New entrant CS","2022","Declared disabled","Unknown","Northern Ireland","Mid and East Antrim","[c]","[c]","[c]","[c]"
"New entrant CS","2022","Declared disabled","Unknown","Northern Ireland","Mid Ulster","[c]","[c]","[c]","[c]"
"New entrant CS","2022","Declared disabled","Unknown","Northern Ireland","Newry, Mourne and Down","[c]","[c]","[c]","[c]"
"New entrant CS","2022","Declared disabled","Unknown","Overseas","Overseas","[c]","[c]","[c]","[c]"
"New entrant CS","2022","Declared disabled","Unknown","Scotland","Aberdeen City and Aberdeenshire","[c]","[c]","[c]","[c]"
"New entrant CS","2022","Declared disabled","Unknown","Scotland","Angus and Dundee City","5","[c]","[c]","[c]"
"New entrant CS","2022","Declared disabled","Unknown","Scotland","Caithness and Sutherland, and Ross and Cromarty","[c]","[c]","[c]","[c]"
"New entrant CS","2022","Declared disabled","Unknown","Scotland","City of Edinburgh","5","[c]","[c]","[c]"
"New entrant CS","2022","Declared disabled","Unknown","Scotland","Clackmannanshire and Fife","[c]","[c]","[c]","[c]"
"New entrant CS","2022","Declared disabled","Unknown","Scotland","Dumfries and Galloway","[c]","[c]","[c]","[c]"
"New entrant CS","2022","Declared disabled","Unknown","Scotland","East Ayrshire and North Ayrshire mainland","[c]","[c]","[c]","[c]"
"New entrant CS","2022","Declared disabled","Unknown","Scotland","East Dunbartonshire, West Dunbartonshire, and Helensburgh and Lomond","[c]","[c]","[c]","[c]"
"New entrant CS","2022","Declared disabled","Unknown","Scotland","East Lothian and Midlothian","[c]","[c]","[c]","[c]"
"New entrant CS","2022","Declared disabled","Unknown","Scotland","Falkirk","[c]","[c]","[c]","[c]"
"New entrant CS","2022","Declared disabled","Unknown","Scotland","Glasgow City","5","[c]","[c]","[c]"
"New entrant CS","2022","Declared disabled","Unknown","Scotland","Inverclyde, East Renfrewshire, and Renfrewshire","[c]","[c]","[c]","[c]"
"New entrant CS","2022","Declared disabled","Unknown","Scotland","Inverness and Nairn, Moray, and Badenoch and Strathspey","[c]","[c]","[c]","[c]"
"New entrant CS","2022","Declared disabled","Unknown","Scotland","Lochaber, Skye and Lochalsh, Arran and Cumbrae, and Argyll and Bute","[c]","[c]","[c]","[c]"
"New entrant CS","2022","Declared disabled","Unknown","Scotland","Na h-Eileanan Siar","[c]","[c]","[c]","[c]"
"New entrant CS","2022","Declared disabled","Unknown","Scotland","North Lanarkshire","[c]","[c]","[c]","[c]"
"New entrant CS","2022","Declared disabled","Unknown","Scotland","Orkney Islands","[c]","[c]","[c]","[c]"
"New entrant CS","2022","Declared disabled","Unknown","Scotland","Perth and Kinross, and Stirling","[c]","[c]","[c]","[c]"
"New entrant CS","2022","Declared disabled","Unknown","Scotland","Scottish Borders","[c]","[c]","[c]","[c]"
"New entrant CS","2022","Declared disabled","Unknown","Scotland","Shetland Islands","[c]","[c]","[c]","[c]"
"New entrant CS","2022","Declared disabled","Unknown","Scotland","South Ayrshire","[c]","[c]","[c]","[c]"
"New entrant CS","2022","Declared disabled","Unknown","Scotland","South Lanarkshire","[c]","[c]","[c]","[c]"
"New entrant CS","2022","Declared disabled","Unknown","Scotland","West Lothian","[c]","[c]","[c]","[c]"
"New entrant CS","2022","Declared disabled","Unknown","South East (England)","Berkshire","[c]","[c]","[c]","[c]"
"New entrant CS","2022","Declared disabled","Unknown","South East (England)","Brighton and Hove","[c]","[c]","[c]","[c]"
"New entrant CS","2022","Declared disabled","Unknown","South East (England)","Buckinghamshire","[c]","[c]","[c]","[c]"
"New entrant CS","2022","Declared disabled","Unknown","South East (England)","Central Hampshire","[c]","[c]","[c]","[c]"
"New entrant CS","2022","Declared disabled","Unknown","South East (England)","East Kent","[c]","[c]","[c]","[c]"
"New entrant CS","2022","Declared disabled","Unknown","South East (England)","East Surrey","[c]","[c]","[c]","[c]"
"New entrant CS","2022","Declared disabled","Unknown","South East (England)","East Sussex CC","[c]","[c]","[c]","[c]"
"New entrant CS","2022","Declared disabled","Unknown","South East (England)","Isle of Wight","[c]","[c]","[c]","[c]"
"New entrant CS","2022","Declared disabled","Unknown","South East (England)","Kent Thames Gateway","[c]","[c]","[c]","[c]"
"New entrant CS","2022","Declared disabled","Unknown","South East (England)","Medway","[c]","[c]","[c]","[c]"
"New entrant CS","2022","Declared disabled","Unknown","South East (England)","Mid Kent","[c]","[c]","[c]","[c]"
"New entrant CS","2022","Declared disabled","Unknown","South East (England)","Milton Keynes","[c]","[c]","[c]","[c]"
"New entrant CS","2022","Declared disabled","Unknown","South East (England)","North Hampshire","[c]","[c]","[c]","[c]"
"New entrant CS","2022","Declared disabled","Unknown","South East (England)","Oxfordshire CC","[c]","[c]","[c]","[c]"
"New entrant CS","2022","Declared disabled","Unknown","South East (England)","Portsmouth","[c]","[c]","[c]","[c]"
"New entrant CS","2022","Declared disabled","Unknown","South East (England)","South Hampshire","[c]","[c]","[c]","[c]"
"New entrant CS","2022","Declared disabled","Unknown","South East (England)","Southampton","[c]","[c]","[c]","[c]"
"New entrant CS","2022","Declared disabled","Unknown","South East (England)","West Kent","[c]","[c]","[c]","[c]"
"New entrant CS","2022","Declared disabled","Unknown","South East (England)","West Surrey","[c]","[c]","[c]","[c]"
"New entrant CS","2022","Declared disabled","Unknown","South East (England)","West Sussex (North East)","[c]","[c]","[c]","[c]"
"New entrant CS","2022","Declared disabled","Unknown","South East (England)","West Sussex (South West)","[c]","[c]","[c]","[c]"
"New entrant CS","2022","Declared disabled","Unknown","South West (England)","Bath and North East Somerset, North Somerset and South Gloucestershire","[c]","[c]","[c]","[c]"
"New entrant CS","2022","Declared disabled","Unknown","South West (England)","Bournemouth, Christchurch and Poole","[c]","[c]","[c]","[c]"
"New entrant CS","2022","Declared disabled","Unknown","South West (England)","Bristol, City of","[c]","[c]","[c]","[c]"
"New entrant CS","2022","Declared disabled","Unknown","South West (England)","Cornwall and Isles of Scilly","[c]","[c]","[c]","[c]"
"New entrant CS","2022","Declared disabled","Unknown","South West (England)","Devon CC","[c]","[c]","[c]","[c]"
"New entrant CS","2022","Declared disabled","Unknown","South West (England)","Dorset","[c]","[c]","[c]","[c]"
"New entrant CS","2022","Declared disabled","Unknown","South West (England)","Gloucestershire CC","[c]","[c]","[c]","[c]"
"New entrant CS","2022","Declared disabled","Unknown","South West (England)","Plymouth","[c]","[c]","[c]","[c]"
"New entrant CS","2022","Declared disabled","Unknown","South West (England)","Somerset CC","[c]","[c]","[c]","[c]"
"New entrant CS","2022","Declared disabled","Unknown","South West (England)","Swindon","[c]","[c]","[c]","[c]"
"New entrant CS","2022","Declared disabled","Unknown","South West (England)","Torbay","[c]","[c]","[c]","[c]"
"New entrant CS","2022","Declared disabled","Unknown","South West (England)","Wiltshire","5","[c]","[c]","[c]"
"New entrant CS","2022","Declared disabled","Unknown","Unknown","Unknown","[c]","[c]","[c]","[c]"
"New entrant CS","2022","Declared disabled","Unknown","Wales","Bridgend and Neath Port Talbot","[c]","[c]","[c]","[c]"
"New entrant CS","2022","Declared disabled","Unknown","Wales","Cardiff and Vale of Glamorgan","[c]","[c]","[c]","[c]"
"New entrant CS","2022","Declared disabled","Unknown","Wales","Central Valleys","[c]","[c]","[c]","[c]"
"New entrant CS","2022","Declared disabled","Unknown","Wales","Conwy and Denbighshire","[c]","[c]","[c]","[c]"
"New entrant CS","2022","Declared disabled","Unknown","Wales","Flintshire and Wrexham","[c]","[c]","[c]","[c]"
"New entrant CS","2022","Declared disabled","Unknown","Wales","Gwent Valleys","[c]","[c]","[c]","[c]"
"New entrant CS","2022","Declared disabled","Unknown","Wales","Gwynedd","[c]","[c]","[c]","[c]"
"New entrant CS","2022","Declared disabled","Unknown","Wales","Isle of Anglesey","[c]","[c]","[c]","[c]"
"New entrant CS","2022","Declared disabled","Unknown","Wales","Monmouthshire and Newport","[c]","[c]","[c]","[c]"
"New entrant CS","2022","Declared disabled","Unknown","Wales","Powys","[c]","[c]","[c]","[c]"
"New entrant CS","2022","Declared disabled","Unknown","Wales","South West Wales","[c]","[c]","[c]","[c]"
"New entrant CS","2022","Declared disabled","Unknown","Wales","Swansea","[c]","[c]","[c]","[c]"
"New entrant CS","2022","Declared disabled","Unknown","West Midlands (England)","Birmingham","[c]","[c]","[c]","[c]"
"New entrant CS","2022","Declared disabled","Unknown","West Midlands (England)","Coventry","[c]","[c]","[c]","[c]"
"New entrant CS","2022","Declared disabled","Unknown","West Midlands (England)","Dudley","[c]","[c]","[c]","[c]"
"New entrant CS","2022","Declared disabled","Unknown","West Midlands (England)","Herefordshire, County of","[c]","[c]","[c]","[c]"
"New entrant CS","2022","Declared disabled","Unknown","West Midlands (England)","Sandwell","[c]","[c]","[c]","[c]"
"New entrant CS","2022","Declared disabled","Unknown","West Midlands (England)","Shropshire","[c]","[c]","[c]","[c]"
"New entrant CS","2022","Declared disabled","Unknown","West Midlands (England)","Solihull","[c]","[c]","[c]","[c]"
"New entrant CS","2022","Declared disabled","Unknown","West Midlands (England)","Staffordshire CC","[c]","[c]","[c]","[c]"
"New entrant CS","2022","Declared disabled","Unknown","West Midlands (England)","Stoke-on-Trent","[c]","[c]","[c]","[c]"
"New entrant CS","2022","Declared disabled","Unknown","West Midlands (England)","Telford and Wrekin","[c]","[c]","[c]","[c]"
"New entrant CS","2022","Declared disabled","Unknown","West Midlands (England)","Walsall","[c]","[c]","[c]","[c]"
"New entrant CS","2022","Declared disabled","Unknown","West Midlands (England)","Warwickshire CC","[c]","[c]","[c]","[c]"
"New entrant CS","2022","Declared disabled","Unknown","West Midlands (England)","Wolverhampton","[c]","[c]","[c]","[c]"
"New entrant CS","2022","Declared disabled","Unknown","West Midlands (England)","Worcestershire CC","[c]","[c]","[c]","[c]"
"New entrant CS","2022","Declared disabled","Unknown","Yorkshire and The Humber","Barnsley, Doncaster and Rotherham","[c]","[c]","[c]","[c]"
"New entrant CS","2022","Declared disabled","Unknown","Yorkshire and The Humber","Bradford","[c]","[c]","[c]","[c]"
"New entrant CS","2022","Declared disabled","Unknown","Yorkshire and The Humber","Calderdale and Kirklees","[c]","[c]","[c]","[c]"
"New entrant CS","2022","Declared disabled","Unknown","Yorkshire and The Humber","East Riding of Yorkshire","[c]","[c]","[c]","[c]"
"New entrant CS","2022","Declared disabled","Unknown","Yorkshire and The Humber","Kingston upon Hull, City of","[c]","[c]","[c]","[c]"
"New entrant CS","2022","Declared disabled","Unknown","Yorkshire and The Humber","Leeds","[c]","[c]","[c]","[c]"
"New entrant CS","2022","Declared disabled","Unknown","Yorkshire and The Humber","North and North East Lincolnshire","[c]","[c]","[c]","[c]"
"New entrant CS","2022","Declared disabled","Unknown","Yorkshire and The Humber","North Yorkshire CC","[c]","[c]","[c]","[c]"
"New entrant CS","2022","Declared disabled","Unknown","Yorkshire and The Humber","Sheffield","[c]","[c]","[c]","[c]"
"New entrant CS","2022","Declared disabled","Unknown","Yorkshire and The Humber","Wakefield","[c]","[c]","[c]","[c]"
"New entrant CS","2022","Declared disabled","Unknown","Yorkshire and The Humber","York","[c]","[c]","[c]","[c]"
"New entrant CS","2022","Declared disabled","White","East Midlands (England)","Derby","25","[c]","[c]","[c]"
"New entrant CS","2022","Declared disabled","White","East Midlands (England)","East Derbyshire","10","[c]","[c]","[c]"
"New entrant CS","2022","Declared disabled","White","East Midlands (England)","Leicester","30","[c]","25020","23170"
"New entrant CS","2022","Declared disabled","White","East Midlands (England)","Leicestershire CC and Rutland","20","[c]","[c]","[c]"
"New entrant CS","2022","Declared disabled","White","East Midlands (England)","Lincolnshire CC","40","[c]","26430","26310"
"New entrant CS","2022","Declared disabled","White","East Midlands (England)","North Northamptonshire","10","[c]","[c]","[c]"
"New entrant CS","2022","Declared disabled","White","East Midlands (England)","North Nottinghamshire","20","[c]","[c]","[c]"
"New entrant CS","2022","Declared disabled","White","East Midlands (England)","Nottingham","100","[c]","27430","26590"
"New entrant CS","2022","Declared disabled","White","East Midlands (England)","South and West Derbyshire","[c]","[c]","[c]","[c]"
"New entrant CS","2022","Declared disabled","White","East Midlands (England)","South Nottinghamshire","10","[c]","[c]","[c]"
"New entrant CS","2022","Declared disabled","White","East Midlands (England)","West Northamptonshire","10","[c]","[c]","[c]"
"New entrant CS","2022","Declared disabled","White","East of England","Bedford","10","[c]","[c]","[c]"
"New entrant CS","2022","Declared disabled","White","East of England","Breckland and South Norfolk","[c]","[c]","[c]","[c]"
"New entrant CS","2022","Declared disabled","White","East of England","Cambridgeshire CC","30","[c]","[c]","[c]"
"New entrant CS","2022","Declared disabled","White","East of England","Central Bedfordshire","[c]","[c]","[c]","[c]"
"New entrant CS","2022","Declared disabled","White","East of England","Essex Haven Gateway","5","[c]","[c]","[c]"
"New entrant CS","2022","Declared disabled","White","East of England","Essex Thames Gateway","10","[c]","[c]","[c]"
"New entrant CS","2022","Declared disabled","White","East of England","Heart of Essex","15","[c]","[c]","[c]"
"New entrant CS","2022","Declared disabled","White","East of England","Hertfordshire CC","35","[c]","29420","28740"
"New entrant CS","2022","Declared disabled","White","East of England","Luton","5","[c]","[c]","[c]"
"New entrant CS","2022","Declared disabled","White","East of England","North and West Norfolk","5","[c]","[c]","[c]"
"New entrant CS","2022","Declared disabled","White","East of England","Norwich and East Norfolk","45","[c]","24410","23590"
"New entrant CS","2022","Declared disabled","White","East of England","Peterborough","10","[c]","[c]","[c]"
"New entrant CS","2022","Declared disabled","White","East of England","Southend-on-Sea","10","[c]","[c]","[c]"
"New entrant CS","2022","Declared disabled","White","East of England","Suffolk CC","40","[c]","26560","23170"
"New entrant CS","2022","Declared disabled","White","East of England","Thurrock","[c]","[c]","[c]","[c]"
"New entrant CS","2022","Declared disabled","White","East of England","West Essex","5","[c]","[c]","[c]"
"New entrant CS","2022","Declared disabled","White","London","Barking & Dagenham and Havering","5","[c]","[c]","[c]"
"New entrant CS","2022","Declared disabled","White","London","Barnet","15","[c]","[c]","[c]"
"New entrant CS","2022","Declared disabled","White","London","Bexley and Greenwich","[c]","[c]","[c]","[c]"
"New entrant CS","2022","Declared disabled","White","London","Brent","5","[c]","[c]","[c]"
"New entrant CS","2022","Declared disabled","White","London","Bromley","10","[c]","[c]","[c]"
"New entrant CS","2022","Declared disabled","White","London","Camden and City of London","10","[c]","[c]","[c]"
"New entrant CS","2022","Declared disabled","White","London","Croydon","20","[c]","[c]","[c]"
"New entrant CS","2022","Declared disabled","White","London","Ealing","5","[c]","[c]","[c]"
"New entrant CS","2022","Declared disabled","White","London","Enfield","[c]","[c]","[c]","[c]"
"New entrant CS","2022","Declared disabled","White","London","Hackney and Newham","10","[c]","[c]","[c]"
"New entrant CS","2022","Declared disabled","White","London","Haringey and Islington","10","[c]","[c]","[c]"
"New entrant CS","2022","Declared disabled","White","London","Harrow and Hillingdon","5","[c]","[c]","[c]"
"New entrant CS","2022","Declared disabled","White","London","Hounslow and Richmond upon Thames","20","[c]","[c]","[c]"
"New entrant CS","2022","Declared disabled","White","London","Kensington & Chelsea and Hammersmith & Fulham","[c]","[c]","[c]","[c]"
"New entrant CS","2022","Declared disabled","White","London","Lambeth","40","[c]","37860","32330"
"New entrant CS","2022","Declared disabled","White","London","Lewisham and Southwark","10","[c]","[c]","[c]"
"New entrant CS","2022","Declared disabled","White","London","Merton, Kingston upon Thames and Sutton","5","[c]","[c]","[c]"
"New entrant CS","2022","Declared disabled","White","London","Redbridge and Waltham Forest","5","[c]","[c]","[c]"
"New entrant CS","2022","Declared disabled","White","London","Tower Hamlets","40","[c]","35020","34260"
"New entrant CS","2022","Declared disabled","White","London","Wandsworth","5","[c]","[c]","[c]"
"New entrant CS","2022","Declared disabled","White","London","Westminster","315","[c]","37220","33210"
"New entrant CS","2022","Declared disabled","White","North East (England)","Darlington","20","[c]","[c]","[c]"
"New entrant CS","2022","Declared disabled","White","North East (England)","Durham","25","[c]","[c]","[c]"
"New entrant CS","2022","Declared disabled","White","North East (England)","Hartlepool and Stockton-on-Tees","20","[c]","[c]","[c]"
"New entrant CS","2022","Declared disabled","White","North East (England)","Northumberland","5","[c]","[c]","[c]"
"New entrant CS","2022","Declared disabled","White","North East (England)","South Teesside","10","[c]","[c]","[c]"
"New entrant CS","2022","Declared disabled","White","North East (England)","Sunderland","35","[c]","24540","23170"
"New entrant CS","2022","Declared disabled","White","North East (England)","Tyneside","160","[c]","25470","21300"
"New entrant CS","2022","Declared disabled","White","North West (England)","Blackburn with Darwen","[c]","[c]","[c]","[c]"
"New entrant CS","2022","Declared disabled","White","North West (England)","Blackpool","75","[c]","23260","21260"
"New entrant CS","2022","Declared disabled","White","North West (England)","Cheshire East","15","[c]","[c]","[c]"
"New entrant CS","2022","Declared disabled","White","North West (England)","Cheshire West and Chester","5","[c]","[c]","[c]"
"New entrant CS","2022","Declared disabled","White","North West (England)","Chorley and West Lancashire","5","[c]","[c]","[c]"
"New entrant CS","2022","Declared disabled","White","North West (England)","East Cumbria","15","[c]","[c]","[c]"
"New entrant CS","2022","Declared disabled","White","North West (England)","East Lancashire","15","[c]","[c]","[c]"
"New entrant CS","2022","Declared disabled","White","North West (England)","East Merseyside","25","[c]","[c]","[c]"
"New entrant CS","2022","Declared disabled","White","North West (England)","Greater Manchester North East","10","[c]","[c]","[c]"
"New entrant CS","2022","Declared disabled","White","North West (England)","Greater Manchester North West","15","[c]","[c]","[c]"
"New entrant CS","2022","Declared disabled","White","North West (England)","Greater Manchester South East","10","[c]","[c]","[c]"
"New entrant CS","2022","Declared disabled","White","North West (England)","Greater Manchester South West","55","[c]","29410","26450"
"New entrant CS","2022","Declared disabled","White","North West (England)","Lancaster and Wyre","15","[c]","[c]","[c]"
"New entrant CS","2022","Declared disabled","White","North West (England)","Liverpool","95","[c]","26960","25300"
"New entrant CS","2022","Declared disabled","White","North West (England)","Manchester","75","[c]","30800","27570"
"New entrant CS","2022","Declared disabled","White","North West (England)","Mid Lancashire","30","[c]","[c]","[c]"
"New entrant CS","2022","Declared disabled","White","North West (England)","Sefton","60","[c]","26600","26370"
"New entrant CS","2022","Declared disabled","White","North West (England)","Warrington","25","[c]","[c]","[c]"
"New entrant CS","2022","Declared disabled","White","North West (England)","West Cumbria","10","[c]","[c]","[c]"
"New entrant CS","2022","Declared disabled","White","North West (England)","Wirral","30","[c]","24500","22600"
"New entrant CS","2022","Declared disabled","White","Northern Ireland","Antrim and Newtownabbey","[c]","[c]","[c]","[c]"
"New entrant CS","2022","Declared disabled","White","Northern Ireland","Ards and North Down","[c]","[c]","[c]","[c]"
"New entrant CS","2022","Declared disabled","White","Northern Ireland","Armagh City, Banbridge and Craigavon","[c]","[c]","[c]","[c]"
"New entrant CS","2022","Declared disabled","White","Northern Ireland","Belfast","30","[c]","31360","28470"
"New entrant CS","2022","Declared disabled","White","Northern Ireland","Causeway Coast and Glens","[c]","[c]","[c]","[c]"
"New entrant CS","2022","Declared disabled","White","Northern Ireland","Derry City and Strabane","[c]","[c]","[c]","[c]"
"New entrant CS","2022","Declared disabled","White","Northern Ireland","Fermanagh and Omagh","[c]","[c]","[c]","[c]"
"New entrant CS","2022","Declared disabled","White","Northern Ireland","Lisburn and Castlereagh","[c]","[c]","[c]","[c]"
"New entrant CS","2022","Declared disabled","White","Northern Ireland","Mid and East Antrim","[c]","[c]","[c]","[c]"
"New entrant CS","2022","Declared disabled","White","Northern Ireland","Mid Ulster","[c]","[c]","[c]","[c]"
"New entrant CS","2022","Declared disabled","White","Northern Ireland","Newry, Mourne and Down","[c]","[c]","[c]","[c]"
"New entrant CS","2022","Declared disabled","White","Overseas","Overseas","[c]","[c]","[c]","[c]"
"New entrant CS","2022","Declared disabled","White","Scotland","Aberdeen City and Aberdeenshire","15","[c]","[c]","[c]"
"New entrant CS","2022","Declared disabled","White","Scotland","Angus and Dundee City","55","[c]","24280","22140"
"New entrant CS","2022","Declared disabled","White","Scotland","Caithness and Sutherland, and Ross and Cromarty","[c]","[c]","[c]","[c]"
"New entrant CS","2022","Declared disabled","White","Scotland","City of Edinburgh","90","[c]","29000","27230"
"New entrant CS","2022","Declared disabled","White","Scotland","Clackmannanshire and Fife","10","[c]","[c]","[c]"
"New entrant CS","2022","Declared disabled","White","Scotland","Dumfries and Galloway","[c]","[c]","[c]","[c]"
"New entrant CS","2022","Declared disabled","White","Scotland","East Ayrshire and North Ayrshire mainland","10","[c]","[c]","[c]"
"New entrant CS","2022","Declared disabled","White","Scotland","East Dunbartonshire, West Dunbartonshire, and Helensburgh and Lomond","10","[c]","[c]","[c]"
"New entrant CS","2022","Declared disabled","White","Scotland","East Lothian and Midlothian","[c]","[c]","[c]","[c]"
"New entrant CS","2022","Declared disabled","White","Scotland","Falkirk","10","[c]","[c]","[c]"
"New entrant CS","2022","Declared disabled","White","Scotland","Glasgow City","165","[c]","27960","27230"
"New entrant CS","2022","Declared disabled","White","Scotland","Inverclyde, East Renfrewshire, and Renfrewshire","5","[c]","[c]","[c]"
"New entrant CS","2022","Declared disabled","White","Scotland","Inverness and Nairn, Moray, and Badenoch and Strathspey","10","[c]","[c]","[c]"
"New entrant CS","2022","Declared disabled","White","Scotland","Lochaber, Skye and Lochalsh, Arran and Cumbrae, and Argyll and Bute","[c]","[c]","[c]","[c]"
"New entrant CS","2022","Declared disabled","White","Scotland","Na h-Eileanan Siar","[c]","[c]","[c]","[c]"
"New entrant CS","2022","Declared disabled","White","Scotland","North Lanarkshire","15","[c]","[c]","[c]"
"New entrant CS","2022","Declared disabled","White","Scotland","Orkney Islands","[c]","[c]","[c]","[c]"
"New entrant CS","2022","Declared disabled","White","Scotland","Perth and Kinross, and Stirling","5","[c]","[c]","[c]"
"New entrant CS","2022","Declared disabled","White","Scotland","Scottish Borders","[c]","[c]","[c]","[c]"
"New entrant CS","2022","Declared disabled","White","Scotland","Shetland Islands","[c]","[c]","[c]","[c]"
"New entrant CS","2022","Declared disabled","White","Scotland","South Ayrshire","[c]","[c]","[c]","[c]"
"New entrant CS","2022","Declared disabled","White","Scotland","South Lanarkshire","20","[c]","[c]","[c]"
"New entrant CS","2022","Declared disabled","White","Scotland","West Lothian","5","[c]","[c]","[c]"
"New entrant CS","2022","Declared disabled","White","South East (England)","Berkshire","30","[c]","[c]","[c]"
"New entrant CS","2022","Declared disabled","White","South East (England)","Brighton and Hove","10","[c]","[c]","[c]"
"New entrant CS","2022","Declared disabled","White","South East (England)","Buckinghamshire","10","[c]","[c]","[c]"
"New entrant CS","2022","Declared disabled","White","South East (England)","Central Hampshire","20","[c]","[c]","[c]"
"New entrant CS","2022","Declared disabled","White","South East (England)","East Kent","25","[c]","[c]","[c]"
"New entrant CS","2022","Declared disabled","White","South East (England)","East Surrey","10","[c]","[c]","[c]"
"New entrant CS","2022","Declared disabled","White","South East (England)","East Sussex CC","25","[c]","[c]","[c]"
"New entrant CS","2022","Declared disabled","White","South East (England)","Isle of Wight","15","[c]","[c]","[c]"
"New entrant CS","2022","Declared disabled","White","South East (England)","Kent Thames Gateway","15","[c]","[c]","[c]"
"New entrant CS","2022","Declared disabled","White","South East (England)","Medway","15","[c]","[c]","[c]"
"New entrant CS","2022","Declared disabled","White","South East (England)","Mid Kent","15","[c]","[c]","[c]"
"New entrant CS","2022","Declared disabled","White","South East (England)","Milton Keynes","5","[c]","[c]","[c]"
"New entrant CS","2022","Declared disabled","White","South East (England)","North Hampshire","10","[c]","[c]","[c]"
"New entrant CS","2022","Declared disabled","White","South East (England)","Oxfordshire CC","30","[c]","[c]","[c]"
"New entrant CS","2022","Declared disabled","White","South East (England)","Portsmouth","20","[c]","[c]","[c]"
"New entrant CS","2022","Declared disabled","White","South East (England)","South Hampshire","40","[c]","29440","26700"
"New entrant CS","2022","Declared disabled","White","South East (England)","Southampton","15","[c]","[c]","[c]"
"New entrant CS","2022","Declared disabled","White","South East (England)","West Kent","[c]","[c]","[c]","[c]"
"New entrant CS","2022","Declared disabled","White","South East (England)","West Surrey","20","[c]","[c]","[c]"
"New entrant CS","2022","Declared disabled","White","South East (England)","West Sussex (North East)","5","[c]","[c]","[c]"
"New entrant CS","2022","Declared disabled","White","South East (England)","West Sussex (South West)","10","[c]","[c]","[c]"
"New entrant CS","2022","Declared disabled","White","South West (England)","Bath and North East Somerset, North Somerset and South Gloucestershire","85","[c]","31490","27540"
"New entrant CS","2022","Declared disabled","White","South West (England)","Bournemouth, Christchurch and Poole","20","[c]","[c]","[c]"
"New entrant CS","2022","Declared disabled","White","South West (England)","Bristol, City of","80","[c]","30600","27570"
"New entrant CS","2022","Declared disabled","White","South West (England)","Cornwall and Isles of Scilly","30","[c]","[c]","[c]"
"New entrant CS","2022","Declared disabled","White","South West (England)","Devon CC","45","[c]","25260","21300"
"New entrant CS","2022","Declared disabled","White","South West (England)","Dorset","15","[c]","[c]","[c]"
"New entrant CS","2022","Declared disabled","White","South West (England)","Gloucestershire CC","20","[c]","[c]","[c]"
"New entrant CS","2022","Declared disabled","White","South West (England)","Plymouth","20","[c]","[c]","[c]"
"New entrant CS","2022","Declared disabled","White","South West (England)","Somerset CC","25","[c]","[c]","[c]"
"New entrant CS","2022","Declared disabled","White","South West (England)","Swindon","10","[c]","[c]","[c]"
"New entrant CS","2022","Declared disabled","White","South West (England)","Torbay","10","[c]","[c]","[c]"
"New entrant CS","2022","Declared disabled","White","South West (England)","Wiltshire","45","[c]","32340","26350"
"New entrant CS","2022","Declared disabled","White","Unknown","Unknown","25","[c]","[c]","[c]"
"New entrant CS","2022","Declared disabled","White","Wales","Bridgend and Neath Port Talbot","5","[c]","[c]","[c]"
"New entrant CS","2022","Declared disabled","White","Wales","Cardiff and Vale of Glamorgan","80","[c]","26840","22730"
"New entrant CS","2022","Declared disabled","White","Wales","Central Valleys","15","[c]","[c]","[c]"
"New entrant CS","2022","Declared disabled","White","Wales","Conwy and Denbighshire","5","[c]","[c]","[c]"
"New entrant CS","2022","Declared disabled","White","Wales","Flintshire and Wrexham","25","[c]","[c]","[c]"
"New entrant CS","2022","Declared disabled","White","Wales","Gwent Valleys","10","[c]","[c]","[c]"
"New entrant CS","2022","Declared disabled","White","Wales","Gwynedd","10","[c]","[c]","[c]"
"New entrant CS","2022","Declared disabled","White","Wales","Isle of Anglesey","[c]","[c]","[c]","[c]"
"New entrant CS","2022","Declared disabled","White","Wales","Monmouthshire and Newport","65","[c]","29000","27700"
"New entrant CS","2022","Declared disabled","White","Wales","Powys","[c]","[c]","[c]","[c]"
"New entrant CS","2022","Declared disabled","White","Wales","South West Wales","10","[c]","[c]","[c]"
"New entrant CS","2022","Declared disabled","White","Wales","Swansea","35","[c]","23960","21840"
"New entrant CS","2022","Declared disabled","White","West Midlands (England)","Birmingham","80","[c]","28230","26590"
"New entrant CS","2022","Declared disabled","White","West Midlands (England)","Coventry","30","[c]","[c]","[c]"
"New entrant CS","2022","Declared disabled","White","West Midlands (England)","Dudley","15","[c]","[c]","[c]"
"New entrant CS","2022","Declared disabled","White","West Midlands (England)","Herefordshire, County of","10","[c]","[c]","[c]"
"New entrant CS","2022","Declared disabled","White","West Midlands (England)","Sandwell","10","[c]","[c]","[c]"
"New entrant CS","2022","Declared disabled","White","West Midlands (England)","Shropshire","10","[c]","[c]","[c]"
"New entrant CS","2022","Declared disabled","White","West Midlands (England)","Solihull","[c]","[c]","[c]","[c]"
"New entrant CS","2022","Declared disabled","White","West Midlands (England)","Staffordshire CC","40","[c]","25810","24090"
"New entrant CS","2022","Declared disabled","White","West Midlands (England)","Stoke-on-Trent","25","[c]","[c]","[c]"
"New entrant CS","2022","Declared disabled","White","West Midlands (England)","Telford and Wrekin","15","[c]","[c]","[c]"
"New entrant CS","2022","Declared disabled","White","West Midlands (England)","Walsall","[c]","[c]","[c]","[c]"
"New entrant CS","2022","Declared disabled","White","West Midlands (England)","Warwickshire CC","20","[c]","[c]","[c]"
"New entrant CS","2022","Declared disabled","White","West Midlands (England)","Wolverhampton","20","[c]","[c]","[c]"
"New entrant CS","2022","Declared disabled","White","West Midlands (England)","Worcestershire CC","30","[c]","[c]","[c]"
"New entrant CS","2022","Declared disabled","White","Yorkshire and The Humber","Barnsley, Doncaster and Rotherham","35","[c]","24490","23170"
"New entrant CS","2022","Declared disabled","White","Yorkshire and The Humber","Bradford","15","[c]","[c]","[c]"
"New entrant CS","2022","Declared disabled","White","Yorkshire and The Humber","Calderdale and Kirklees","20","[c]","[c]","[c]"
"New entrant CS","2022","Declared disabled","White","Yorkshire and The Humber","East Riding of Yorkshire","[c]","[c]","[c]","[c]"
"New entrant CS","2022","Declared disabled","White","Yorkshire and The Humber","Kingston upon Hull, City of","20","[c]","[c]","[c]"
"New entrant CS","2022","Declared disabled","White","Yorkshire and The Humber","Leeds","115","[c]","30520","27570"
"New entrant CS","2022","Declared disabled","White","Yorkshire and The Humber","North and North East Lincolnshire","10","[c]","[c]","[c]"
"New entrant CS","2022","Declared disabled","White","Yorkshire and The Humber","North Yorkshire CC","10","[c]","[c]","[c]"
"New entrant CS","2022","Declared disabled","White","Yorkshire and The Humber","Sheffield","50","[c]","29030","26340"
"New entrant CS","2022","Declared disabled","White","Yorkshire and The Humber","Wakefield","20","[c]","[c]","[c]"
"New entrant CS","2022","Declared disabled","White","Yorkshire and The Humber","York","50","[c]","32530","29180"
"New entrant CS","2022","Declared non-disabled","Asian","East Midlands (England)","Derby","15","[c]","[c]","[c]"
"New entrant CS","2022","Declared non-disabled","Asian","East Midlands (England)","East Derbyshire","[c]","[c]","[c]","[c]"
"New entrant CS","2022","Declared non-disabled","Asian","East Midlands (England)","Leicester","80","[c]","23020","21260"
"New entrant CS","2022","Declared non-disabled","Asian","East Midlands (England)","Leicestershire CC and Rutland","15","[c]","[c]","[c]"
"New entrant CS","2022","Declared non-disabled","Asian","East Midlands (England)","Lincolnshire CC","[c]","[c]","[c]","[c]"
"New entrant CS","2022","Declared non-disabled","Asian","East Midlands (England)","North Northamptonshire","10","[c]","[c]","[c]"
"New entrant CS","2022","Declared non-disabled","Asian","East Midlands (England)","North Nottinghamshire","[c]","[c]","[c]","[c]"
"New entrant CS","2022","Declared non-disabled","Asian","East Midlands (England)","Nottingham","110","[c]","27050","26590"
"New entrant CS","2022","Declared non-disabled","Asian","East Midlands (England)","South and West Derbyshire","5","[c]","[c]","[c]"
"New entrant CS","2022","Declared non-disabled","Asian","East Midlands (England)","South Nottinghamshire","10","[c]","[c]","[c]"
"New entrant CS","2022","Declared non-disabled","Asian","East Midlands (England)","West Northamptonshire","10","[c]","[c]","[c]"
"New entrant CS","2022","Declared non-disabled","Asian","East of England","Bedford","10","[c]","[c]","[c]"
"New entrant CS","2022","Declared non-disabled","Asian","East of England","Breckland and South Norfolk","[c]","[c]","[c]","[c]"
"New entrant CS","2022","Declared non-disabled","Asian","East of England","Cambridgeshire CC","20","[c]","[c]","[c]"
"New entrant CS","2022","Declared non-disabled","Asian","East of England","Central Bedfordshire","[c]","[c]","[c]","[c]"
"New entrant CS","2022","Declared non-disabled","Asian","East of England","Essex Haven Gateway","[c]","[c]","[c]","[c]"
"New entrant CS","2022","Declared non-disabled","Asian","East of England","Essex Thames Gateway","15","[c]","[c]","[c]"
"New entrant CS","2022","Declared non-disabled","Asian","East of England","Heart of Essex","10","[c]","[c]","[c]"
"New entrant CS","2022","Declared non-disabled","Asian","East of England","Hertfordshire CC","45","[c]","28990","29290"
"New entrant CS","2022","Declared non-disabled","Asian","East of England","Luton","10","[c]","[c]","[c]"
"New entrant CS","2022","Declared non-disabled","Asian","East of England","North and West Norfolk","[c]","[c]","[c]","[c]"
"New entrant CS","2022","Declared non-disabled","Asian","East of England","Norwich and East Norfolk","5","[c]","[c]","[c]"
"New entrant CS","2022","Declared non-disabled","Asian","East of England","Peterborough","5","[c]","[c]","[c]"
"New entrant CS","2022","Declared non-disabled","Asian","East of England","Southend-on-Sea","[c]","[c]","[c]","[c]"
"New entrant CS","2022","Declared non-disabled","Asian","East of England","Suffolk CC","10","[c]","[c]","[c]"
"New entrant CS","2022","Declared non-disabled","Asian","East of England","Thurrock","[c]","[c]","[c]","[c]"
"New entrant CS","2022","Declared non-disabled","Asian","East of England","West Essex","[c]","[c]","[c]","[c]"
"New entrant CS","2022","Declared non-disabled","Asian","London","Barking & Dagenham and Havering","25","[c]","[c]","[c]"
"New entrant CS","2022","Declared non-disabled","Asian","London","Barnet","75","[c]","29610","26880"
"New entrant CS","2022","Declared non-disabled","Asian","London","Bexley and Greenwich","15","[c]","[c]","[c]"
"New entrant CS","2022","Declared non-disabled","Asian","London","Brent","20","[c]","[c]","[c]"
"New entrant CS","2022","Declared non-disabled","Asian","London","Bromley","[c]","[c]","[c]","[c]"
"New entrant CS","2022","Declared non-disabled","Asian","London","Camden and City of London","15","[c]","[c]","[c]"
"New entrant CS","2022","Declared non-disabled","Asian","London","Croydon","50","[c]","33250","31060"
"New entrant CS","2022","Declared non-disabled","Asian","London","Ealing","15","[c]","[c]","[c]"
"New entrant CS","2022","Declared non-disabled","Asian","London","Enfield","[c]","[c]","[c]","[c]"
"New entrant CS","2022","Declared non-disabled","Asian","London","Hackney and Newham","110","[c]","34470","31060"
"New entrant CS","2022","Declared non-disabled","Asian","London","Haringey and Islington","25","[c]","[c]","[c]"
"New entrant CS","2022","Declared non-disabled","Asian","London","Harrow and Hillingdon","25","[c]","[c]","[c]"
"New entrant CS","2022","Declared non-disabled","Asian","London","Hounslow and Richmond upon Thames","35","[c]","31280","31060"
"New entrant CS","2022","Declared non-disabled","Asian","London","Kensington & Chelsea and Hammersmith & Fulham","20","[c]","[c]","[c]"
"New entrant CS","2022","Declared non-disabled","Asian","London","Lambeth","75","[c]","35630","31060"
"New entrant CS","2022","Declared non-disabled","Asian","London","Lewisham and Southwark","25","[c]","[c]","[c]"
"New entrant CS","2022","Declared non-disabled","Asian","London","Merton, Kingston upon Thames and Sutton","10","[c]","[c]","[c]"
"New entrant CS","2022","Declared non-disabled","Asian","London","Redbridge and Waltham Forest","85","[c]","28450","26880"
"New entrant CS","2022","Declared non-disabled","Asian","London","Tower Hamlets","140","[c]","38220","31060"
"New entrant CS","2022","Declared non-disabled","Asian","London","Wandsworth","10","[c]","[c]","[c]"
"New entrant CS","2022","Declared non-disabled","Asian","London","Westminster","505","[c]","36940","33570"
"New entrant CS","2022","Declared non-disabled","Asian","North East (England)","Darlington","[c]","[c]","[c]","[c]"
"New entrant CS","2022","Declared non-disabled","Asian","North East (England)","Durham","5","[c]","[c]","[c]"
"New entrant CS","2022","Declared non-disabled","Asian","North East (England)","Hartlepool and Stockton-on-Tees","[c]","[c]","[c]","[c]"
"New entrant CS","2022","Declared non-disabled","Asian","North East (England)","Northumberland","[c]","[c]","[c]","[c]"
"New entrant CS","2022","Declared non-disabled","Asian","North East (England)","South Teesside","[c]","[c]","[c]","[c]"
"New entrant CS","2022","Declared non-disabled","Asian","North East (England)","Sunderland","[c]","[c]","[c]","[c]"
"New entrant CS","2022","Declared non-disabled","Asian","North East (England)","Tyneside","100","[c]","27060","21300"
"New entrant CS","2022","Declared non-disabled","Asian","North West (England)","Blackburn with Darwen","[c]","[c]","[c]","[c]"
"New entrant CS","2022","Declared non-disabled","Asian","North West (England)","Blackpool","35","[c]","25790","27570"
"New entrant CS","2022","Declared non-disabled","Asian","North West (England)","Cheshire East","10","[c]","[c]","[c]"
"New entrant CS","2022","Declared non-disabled","Asian","North West (England)","Cheshire West and Chester","[c]","[c]","[c]","[c]"
"New entrant CS","2022","Declared non-disabled","Asian","North West (England)","Chorley and West Lancashire","[c]","[c]","[c]","[c]"
"New entrant CS","2022","Declared non-disabled","Asian","North West (England)","East Cumbria","[c]","[c]","[c]","[c]"
"New entrant CS","2022","Declared non-disabled","Asian","North West (England)","East Lancashire","5","[c]","[c]","[c]"
"New entrant CS","2022","Declared non-disabled","Asian","North West (England)","East Merseyside","[c]","[c]","[c]","[c]"
"New entrant CS","2022","Declared non-disabled","Asian","North West (England)","Greater Manchester North East","10","[c]","[c]","[c]"
"New entrant CS","2022","Declared non-disabled","Asian","North West (England)","Greater Manchester North West","15","[c]","[c]","[c]"
"New entrant CS","2022","Declared non-disabled","Asian","North West (England)","Greater Manchester South East","10","[c]","[c]","[c]"
"New entrant CS","2022","Declared non-disabled","Asian","North West (England)","Greater Manchester South West","180","[c]","25980","21250"
"New entrant CS","2022","Declared non-disabled","Asian","North West (England)","Lancaster and Wyre","[c]","[c]","[c]","[c]"
"New entrant CS","2022","Declared non-disabled","Asian","North West (England)","Liverpool","15","[c]","[c]","[c]"
"New entrant CS","2022","Declared non-disabled","Asian","North West (England)","Manchester","105","[c]","29520","27570"
"New entrant CS","2022","Declared non-disabled","Asian","North West (England)","Mid Lancashire","45","[c]","23890","21260"
"New entrant CS","2022","Declared non-disabled","Asian","North West (England)","Sefton","10","[c]","[c]","[c]"
"New entrant CS","2022","Declared non-disabled","Asian","North West (England)","Warrington","5","[c]","[c]","[c]"
"New entrant CS","2022","Declared non-disabled","Asian","North West (England)","West Cumbria","[c]","[c]","[c]","[c]"
"New entrant CS","2022","Declared non-disabled","Asian","North West (England)","Wirral","[c]","[c]","[c]","[c]"
"New entrant CS","2022","Declared non-disabled","Asian","Northern Ireland","Antrim and Newtownabbey","[c]","[c]","[c]","[c]"
"New entrant CS","2022","Declared non-disabled","Asian","Northern Ireland","Ards and North Down","[c]","[c]","[c]","[c]"
"New entrant CS","2022","Declared non-disabled","Asian","Northern Ireland","Armagh City, Banbridge and Craigavon","[c]","[c]","[c]","[c]"
"New entrant CS","2022","Declared non-disabled","Asian","Northern Ireland","Belfast","[c]","[c]","[c]","[c]"
"New entrant CS","2022","Declared non-disabled","Asian","Northern Ireland","Causeway Coast and Glens","[c]","[c]","[c]","[c]"
"New entrant CS","2022","Declared non-disabled","Asian","Northern Ireland","Derry City and Strabane","[c]","[c]","[c]","[c]"
"New entrant CS","2022","Declared non-disabled","Asian","Northern Ireland","Fermanagh and Omagh","[c]","[c]","[c]","[c]"
"New entrant CS","2022","Declared non-disabled","Asian","Northern Ireland","Lisburn and Castlereagh","[c]","[c]","[c]","[c]"
"New entrant CS","2022","Declared non-disabled","Asian","Northern Ireland","Mid and East Antrim","[c]","[c]","[c]","[c]"
"New entrant CS","2022","Declared non-disabled","Asian","Northern Ireland","Mid Ulster","[c]","[c]","[c]","[c]"
"New entrant CS","2022","Declared non-disabled","Asian","Northern Ireland","Newry, Mourne and Down","[c]","[c]","[c]","[c]"
"New entrant CS","2022","Declared non-disabled","Asian","Overseas","Overseas","[c]","[c]","[c]","[c]"
"New entrant CS","2022","Declared non-disabled","Asian","Scotland","Aberdeen City and Aberdeenshire","[c]","[c]","[c]","[c]"
"New entrant CS","2022","Declared non-disabled","Asian","Scotland","Angus and Dundee City","10","[c]","[c]","[c]"
"New entrant CS","2022","Declared non-disabled","Asian","Scotland","Caithness and Sutherland, and Ross and Cromarty","[c]","[c]","[c]","[c]"
"New entrant CS","2022","Declared non-disabled","Asian","Scotland","City of Edinburgh","45","[c]","27600","26590"
"New entrant CS","2022","Declared non-disabled","Asian","Scotland","Clackmannanshire and Fife","[c]","[c]","[c]","[c]"
"New entrant CS","2022","Declared non-disabled","Asian","Scotland","Dumfries and Galloway","[c]","[c]","[c]","[c]"
"New entrant CS","2022","Declared non-disabled","Asian","Scotland","East Ayrshire and North Ayrshire mainland","[c]","[c]","[c]","[c]"
"New entrant CS","2022","Declared non-disabled","Asian","Scotland","East Dunbartonshire, West Dunbartonshire, and Helensburgh and Lomond","[c]","[c]","[c]","[c]"
"New entrant CS","2022","Declared non-disabled","Asian","Scotland","East Lothian and Midlothian","[c]","[c]","[c]","[c]"
"New entrant CS","2022","Declared non-disabled","Asian","Scotland","Falkirk","[c]","[c]","[c]","[c]"
"New entrant CS","2022","Declared non-disabled","Asian","Scotland","Glasgow City","65","[c]","29980","27400"
"New entrant CS","2022","Declared non-disabled","Asian","Scotland","Inverclyde, East Renfrewshire, and Renfrewshire","[c]","[c]","[c]","[c]"
"New entrant CS","2022","Declared non-disabled","Asian","Scotland","Inverness and Nairn, Moray, and Badenoch and Strathspey","[c]","[c]","[c]","[c]"
"New entrant CS","2022","Declared non-disabled","Asian","Scotland","Lochaber, Skye and Lochalsh, Arran and Cumbrae, and Argyll and Bute","[c]","[c]","[c]","[c]"
"New entrant CS","2022","Declared non-disabled","Asian","Scotland","Na h-Eileanan Siar","[c]","[c]","[c]","[c]"
"New entrant CS","2022","Declared non-disabled","Asian","Scotland","North Lanarkshire","10","[c]","[c]","[c]"
"New entrant CS","2022","Declared non-disabled","Asian","Scotland","Orkney Islands","[c]","[c]","[c]","[c]"
"New entrant CS","2022","Declared non-disabled","Asian","Scotland","Perth and Kinross, and Stirling","[c]","[c]","[c]","[c]"
"New entrant CS","2022","Declared non-disabled","Asian","Scotland","Scottish Borders","[c]","[c]","[c]","[c]"
"New entrant CS","2022","Declared non-disabled","Asian","Scotland","Shetland Islands","[c]","[c]","[c]","[c]"
"New entrant CS","2022","Declared non-disabled","Asian","Scotland","South Ayrshire","[c]","[c]","[c]","[c]"
"New entrant CS","2022","Declared non-disabled","Asian","Scotland","South Lanarkshire","10","[c]","[c]","[c]"
"New entrant CS","2022","Declared non-disabled","Asian","Scotland","West Lothian","[c]","[c]","[c]","[c]"
"New entrant CS","2022","Declared non-disabled","Asian","South East (England)","Berkshire","35","[c]","32130","29290"
"New entrant CS","2022","Declared non-disabled","Asian","South East (England)","Brighton and Hove","[c]","[c]","[c]","[c]"
"New entrant CS","2022","Declared non-disabled","Asian","South East (England)","Buckinghamshire","20","[c]","[c]","[c]"
"New entrant CS","2022","Declared non-disabled","Asian","South East (England)","Central Hampshire","10","[c]","[c]","[c]"
"New entrant CS","2022","Declared non-disabled","Asian","South East (England)","East Kent","5","[c]","[c]","[c]"
"New entrant CS","2022","Declared non-disabled","Asian","South East (England)","East Surrey","10","[c]","[c]","[c]"
"New entrant CS","2022","Declared non-disabled","Asian","South East (England)","East Sussex CC","[c]","[c]","[c]","[c]"
"New entrant CS","2022","Declared non-disabled","Asian","South East (England)","Isle of Wight","[c]","[c]","[c]","[c]"
"New entrant CS","2022","Declared non-disabled","Asian","South East (England)","Kent Thames Gateway","[c]","[c]","[c]","[c]"
"New entrant CS","2022","Declared non-disabled","Asian","South East (England)","Medway","[c]","[c]","[c]","[c]"
"New entrant CS","2022","Declared non-disabled","Asian","South East (England)","Mid Kent","[c]","[c]","[c]","[c]"
"New entrant CS","2022","Declared non-disabled","Asian","South East (England)","Milton Keynes","5","[c]","[c]","[c]"
"New entrant CS","2022","Declared non-disabled","Asian","South East (England)","North Hampshire","[c]","[c]","[c]","[c]"
"New entrant CS","2022","Declared non-disabled","Asian","South East (England)","Oxfordshire CC","10","[c]","[c]","[c]"
"New entrant CS","2022","Declared non-disabled","Asian","South East (England)","Portsmouth","[c]","[c]","[c]","[c]"
"New entrant CS","2022","Declared non-disabled","Asian","South East (England)","South Hampshire","15","[c]","[c]","[c]"
"New entrant CS","2022","Declared non-disabled","Asian","South East (England)","Southampton","[c]","[c]","[c]","[c]"
"New entrant CS","2022","Declared non-disabled","Asian","South East (England)","West Kent","[c]","[c]","[c]","[c]"
"New entrant CS","2022","Declared non-disabled","Asian","South East (England)","West Surrey","15","[c]","[c]","[c]"
"New entrant CS","2022","Declared non-disabled","Asian","South East (England)","West Sussex (North East)","[c]","[c]","[c]","[c]"
"New entrant CS","2022","Declared non-disabled","Asian","South East (England)","West Sussex (South West)","10","[c]","[c]","[c]"
"New entrant CS","2022","Declared non-disabled","Asian","South West (England)","Bath and North East Somerset, North Somerset and South Gloucestershire","50","[c]","32860","32000"
"New entrant CS","2022","Declared non-disabled","Asian","South West (England)","Bournemouth, Christchurch and Poole","5","[c]","[c]","[c]"
"New entrant CS","2022","Declared non-disabled","Asian","South West (England)","Bristol, City of","30","[c]","30280","26590"
"New entrant CS","2022","Declared non-disabled","Asian","South West (England)","Cornwall and Isles of Scilly","[c]","[c]","[c]","[c]"
"New entrant CS","2022","Declared non-disabled","Asian","South West (England)","Devon CC","10","[c]","[c]","[c]"
"New entrant CS","2022","Declared non-disabled","Asian","South West (England)","Dorset","[c]","[c]","[c]","[c]"
"New entrant CS","2022","Declared non-disabled","Asian","South West (England)","Gloucestershire CC","[c]","[c]","[c]","[c]"
"New entrant CS","2022","Declared non-disabled","Asian","South West (England)","Plymouth","[c]","[c]","[c]","[c]"
"New entrant CS","2022","Declared non-disabled","Asian","South West (England)","Somerset CC","[c]","[c]","[c]","[c]"
"New entrant CS","2022","Declared non-disabled","Asian","South West (England)","Swindon","[c]","[c]","[c]","[c]"
"New entrant CS","2022","Declared non-disabled","Asian","South West (England)","Torbay","[c]","[c]","[c]","[c]"
"New entrant CS","2022","Declared non-disabled","Asian","South West (England)","Wiltshire","25","[c]","[c]","[c]"
"New entrant CS","2022","Declared non-disabled","Asian","Unknown","Unknown","25","[c]","[c]","[c]"
"New entrant CS","2022","Declared non-disabled","Asian","Wales","Bridgend and Neath Port Talbot","[c]","[c]","[c]","[c]"
"New entrant CS","2022","Declared non-disabled","Asian","Wales","Cardiff and Vale of Glamorgan","40","[c]","25310","22130"
"New entrant CS","2022","Declared non-disabled","Asian","Wales","Central Valleys","5","[c]","[c]","[c]"
"New entrant CS","2022","Declared non-disabled","Asian","Wales","Conwy and Denbighshire","[c]","[c]","[c]","[c]"
"New entrant CS","2022","Declared non-disabled","Asian","Wales","Flintshire and Wrexham","[c]","[c]","[c]","[c]"
"New entrant CS","2022","Declared non-disabled","Asian","Wales","Gwent Valleys","[c]","[c]","[c]","[c]"
"New entrant CS","2022","Declared non-disabled","Asian","Wales","Gwynedd","[c]","[c]","[c]","[c]"
"New entrant CS","2022","Declared non-disabled","Asian","Wales","Isle of Anglesey","[c]","[c]","[c]","[c]"
"New entrant CS","2022","Declared non-disabled","Asian","Wales","Monmouthshire and Newport","35","[c]","30460","30210"
"New entrant CS","2022","Declared non-disabled","Asian","Wales","Powys","[c]","[c]","[c]","[c]"
"New entrant CS","2022","Declared non-disabled","Asian","Wales","South West Wales","[c]","[c]","[c]","[c]"
"New entrant CS","2022","Declared non-disabled","Asian","Wales","Swansea","20","[c]","[c]","[c]"
"New entrant CS","2022","Declared non-disabled","Asian","West Midlands (England)","Birmingham","480","[c]","27430","26590"
"New entrant CS","2022","Declared non-disabled","Asian","West Midlands (England)","Coventry","15","[c]","[c]","[c]"
"New entrant CS","2022","Declared non-disabled","Asian","West Midlands (England)","Dudley","15","[c]","[c]","[c]"
"New entrant CS","2022","Declared non-disabled","Asian","West Midlands (England)","Herefordshire, County of","[c]","[c]","[c]","[c]"
"New entrant CS","2022","Declared non-disabled","Asian","West Midlands (England)","Sandwell","20","[c]","[c]","[c]"
"New entrant CS","2022","Declared non-disabled","Asian","West Midlands (England)","Shropshire","[c]","[c]","[c]","[c]"
"New entrant CS","2022","Declared non-disabled","Asian","West Midlands (England)","Solihull","35","[c]","27910","27570"
"New entrant CS","2022","Declared non-disabled","Asian","West Midlands (England)","Staffordshire CC","15","[c]","[c]","[c]"
"New entrant CS","2022","Declared non-disabled","Asian","West Midlands (England)","Stoke-on-Trent","10","[c]","[c]","[c]"
"New entrant CS","2022","Declared non-disabled","Asian","West Midlands (England)","Telford and Wrekin","10","[c]","[c]","[c]"
"New entrant CS","2022","Declared non-disabled","Asian","West Midlands (England)","Walsall","10","[c]","[c]","[c]"
"New entrant CS","2022","Declared non-disabled","Asian","West Midlands (England)","Warwickshire CC","25","[c]","[c]","[c]"
"New entrant CS","2022","Declared non-disabled","Asian","West Midlands (England)","Wolverhampton","35","[c]","26030","24830"
"New entrant CS","2022","Declared non-disabled","Asian","West Midlands (England)","Worcestershire CC","10","[c]","[c]","[c]"
"New entrant CS","2022","Declared non-disabled","Asian","Yorkshire and The Humber","Barnsley, Doncaster and Rotherham","5","[c]","[c]","[c]"
"New entrant CS","2022","Declared non-disabled","Asian","Yorkshire and The Humber","Bradford","200","[c]","22830","21250"
"New entrant CS","2022","Declared non-disabled","Asian","Yorkshire and The Humber","Calderdale and Kirklees","35","[c]","26160","27570"
"New entrant CS","2022","Declared non-disabled","Asian","Yorkshire and The Humber","East Riding of Yorkshire","[c]","[c]","[c]","[c]"
"New entrant CS","2022","Declared non-disabled","Asian","Yorkshire and The Humber","Kingston upon Hull, City of","[c]","[c]","[c]","[c]"
"New entrant CS","2022","Declared non-disabled","Asian","Yorkshire and The Humber","Leeds","185","[c]","28260","27570"
"New entrant CS","2022","Declared non-disabled","Asian","Yorkshire and The Humber","North and North East Lincolnshire","[c]","[c]","[c]","[c]"
"New entrant CS","2022","Declared non-disabled","Asian","Yorkshire and The Humber","North Yorkshire CC","[c]","[c]","[c]","[c]"
"New entrant CS","2022","Declared non-disabled","Asian","Yorkshire and The Humber","Sheffield","30","[c]","27530","24030"
"New entrant CS","2022","Declared non-disabled","Asian","Yorkshire and The Humber","Wakefield","[c]","[c]","[c]","[c]"
"New entrant CS","2022","Declared non-disabled","Asian","Yorkshire and The Humber","York","10","[c]","[c]","[c]"
"New entrant CS","2022","Declared non-disabled","Black","East Midlands (England)","Derby","10","[c]","[c]","[c]"
"New entrant CS","2022","Declared non-disabled","Black","East Midlands (England)","East Derbyshire","[c]","[c]","[c]","[c]"
"New entrant CS","2022","Declared non-disabled","Black","East Midlands (England)","Leicester","10","[c]","[c]","[c]"
"New entrant CS","2022","Declared non-disabled","Black","East Midlands (England)","Leicestershire CC and Rutland","5","[c]","[c]","[c]"
"New entrant CS","2022","Declared non-disabled","Black","East Midlands (England)","Lincolnshire CC","[c]","[c]","[c]","[c]"
"New entrant CS","2022","Declared non-disabled","Black","East Midlands (England)","North Northamptonshire","5","[c]","[c]","[c]"
"New entrant CS","2022","Declared non-disabled","Black","East Midlands (England)","North Nottinghamshire","5","[c]","[c]","[c]"
"New entrant CS","2022","Declared non-disabled","Black","East Midlands (England)","Nottingham","50","[c]","26210","26590"
"New entrant CS","2022","Declared non-disabled","Black","East Midlands (England)","South and West Derbyshire","[c]","[c]","[c]","[c]"
"New entrant CS","2022","Declared non-disabled","Black","East Midlands (England)","South Nottinghamshire","5","[c]","[c]","[c]"
"New entrant CS","2022","Declared non-disabled","Black","East Midlands (England)","West Northamptonshire","10","[c]","[c]","[c]"
"New entrant CS","2022","Declared non-disabled","Black","East of England","Bedford","10","[c]","[c]","[c]"
"New entrant CS","2022","Declared non-disabled","Black","East of England","Breckland and South Norfolk","[c]","[c]","[c]","[c]"
"New entrant CS","2022","Declared non-disabled","Black","East of England","Cambridgeshire CC","[c]","[c]","[c]","[c]"
"New entrant CS","2022","Declared non-disabled","Black","East of England","Central Bedfordshire","[c]","[c]","[c]","[c]"
"New entrant CS","2022","Declared non-disabled","Black","East of England","Essex Haven Gateway","[c]","[c]","[c]","[c]"
"New entrant CS","2022","Declared non-disabled","Black","East of England","Essex Thames Gateway","15","[c]","[c]","[c]"
"New entrant CS","2022","Declared non-disabled","Black","East of England","Heart of Essex","5","[c]","[c]","[c]"
"New entrant CS","2022","Declared non-disabled","Black","East of England","Hertfordshire CC","25","[c]","[c]","[c]"
"New entrant CS","2022","Declared non-disabled","Black","East of England","Luton","5","[c]","[c]","[c]"
"New entrant CS","2022","Declared non-disabled","Black","East of England","North and West Norfolk","[c]","[c]","[c]","[c]"
"New entrant CS","2022","Declared non-disabled","Black","East of England","Norwich and East Norfolk","[c]","[c]","[c]","[c]"
"New entrant CS","2022","Declared non-disabled","Black","East of England","Peterborough","5","[c]","[c]","[c]"
"New entrant CS","2022","Declared non-disabled","Black","East of England","Southend-on-Sea","5","[c]","[c]","[c]"
"New entrant CS","2022","Declared non-disabled","Black","East of England","Suffolk CC","5","[c]","[c]","[c]"
"New entrant CS","2022","Declared non-disabled","Black","East of England","Thurrock","[c]","[c]","[c]","[c]"
"New entrant CS","2022","Declared non-disabled","Black","East of England","West Essex","[c]","[c]","[c]","[c]"
"New entrant CS","2022","Declared non-disabled","Black","London","Barking & Dagenham and Havering","20","[c]","[c]","[c]"
"New entrant CS","2022","Declared non-disabled","Black","London","Barnet","60","[c]","29030","26880"
"New entrant CS","2022","Declared non-disabled","Black","London","Bexley and Greenwich","40","[c]","29960","31060"
"New entrant CS","2022","Declared non-disabled","Black","London","Brent","20","[c]","[c]","[c]"
"New entrant CS","2022","Declared non-disabled","Black","London","Bromley","30","[c]","[c]","[c]"
"New entrant CS","2022","Declared non-disabled","Black","London","Camden and City of London","10","[c]","[c]","[c]"
"New entrant CS","2022","Declared non-disabled","Black","London","Croydon","55","[c]","30770","30750"
"New entrant CS","2022","Declared non-disabled","Black","London","Ealing","10","[c]","[c]","[c]"
"New entrant CS","2022","Declared non-disabled","Black","London","Enfield","10","[c]","[c]","[c]"
"New entrant CS","2022","Declared non-disabled","Black","London","Hackney and Newham","70","[c]","33430","31060"
"New entrant CS","2022","Declared non-disabled","Black","London","Haringey and Islington","45","[c]","30490","31060"
"New entrant CS","2022","Declared non-disabled","Black","London","Harrow and Hillingdon","20","[c]","[c]","[c]"
"New entrant CS","2022","Declared non-disabled","Black","London","Hounslow and Richmond upon Thames","15","[c]","[c]","[c]"
"New entrant CS","2022","Declared non-disabled","Black","London","Kensington & Chelsea and Hammersmith & Fulham","25","[c]","[c]","[c]"
"New entrant CS","2022","Declared non-disabled","Black","London","Lambeth","80","[c]","33070","31060"
"New entrant CS","2022","Declared non-disabled","Black","London","Lewisham and Southwark","55","[c]","32990","31060"
"New entrant CS","2022","Declared non-disabled","Black","London","Merton, Kingston upon Thames and Sutton","15","[c]","[c]","[c]"
"New entrant CS","2022","Declared non-disabled","Black","London","Redbridge and Waltham Forest","40","[c]","30100","27520"
"New entrant CS","2022","Declared non-disabled","Black","London","Tower Hamlets","75","[c]","36910","33550"
"New entrant CS","2022","Declared non-disabled","Black","London","Wandsworth","20","[c]","[c]","[c]"
"New entrant CS","2022","Declared non-disabled","Black","London","Westminster","265","[c]","34790","33110"
"New entrant CS","2022","Declared non-disabled","Black","North East (England)","Darlington","[c]","[c]","[c]","[c]"
"New entrant CS","2022","Declared non-disabled","Black","North East (England)","Durham","[c]","[c]","[c]","[c]"
"New entrant CS","2022","Declared non-disabled","Black","North East (England)","Hartlepool and Stockton-on-Tees","[c]","[c]","[c]","[c]"
"New entrant CS","2022","Declared non-disabled","Black","North East (England)","Northumberland","[c]","[c]","[c]","[c]"
"New entrant CS","2022","Declared non-disabled","Black","North East (England)","South Teesside","[c]","[c]","[c]","[c]"
"New entrant CS","2022","Declared non-disabled","Black","North East (England)","Sunderland","[c]","[c]","[c]","[c]"
"New entrant CS","2022","Declared non-disabled","Black","North East (England)","Tyneside","25","[c]","[c]","[c]"
"New entrant CS","2022","Declared non-disabled","Black","North West (England)","Blackburn with Darwen","[c]","[c]","[c]","[c]"
"New entrant CS","2022","Declared non-disabled","Black","North West (England)","Blackpool","5","[c]","[c]","[c]"
"New entrant CS","2022","Declared non-disabled","Black","North West (England)","Cheshire East","[c]","[c]","[c]","[c]"
"New entrant CS","2022","Declared non-disabled","Black","North West (England)","Cheshire West and Chester","[c]","[c]","[c]","[c]"
"New entrant CS","2022","Declared non-disabled","Black","North West (England)","Chorley and West Lancashire","[c]","[c]","[c]","[c]"
"New entrant CS","2022","Declared non-disabled","Black","North West (England)","East Cumbria","[c]","[c]","[c]","[c]"
"New entrant CS","2022","Declared non-disabled","Black","North West (England)","East Lancashire","[c]","[c]","[c]","[c]"
"New entrant CS","2022","Declared non-disabled","Black","North West (England)","East Merseyside","[c]","[c]","[c]","[c]"
"New entrant CS","2022","Declared non-disabled","Black","North West (England)","Greater Manchester North East","[c]","[c]","[c]","[c]"
"New entrant CS","2022","Declared non-disabled","Black","North West (England)","Greater Manchester North West","5","[c]","[c]","[c]"
"New entrant CS","2022","Declared non-disabled","Black","North West (England)","Greater Manchester South East","[c]","[c]","[c]","[c]"
"New entrant CS","2022","Declared non-disabled","Black","North West (England)","Greater Manchester South West","75","[c]","25940","21260"
"New entrant CS","2022","Declared non-disabled","Black","North West (England)","Lancaster and Wyre","[c]","[c]","[c]","[c]"
"New entrant CS","2022","Declared non-disabled","Black","North West (England)","Liverpool","25","[c]","[c]","[c]"
"New entrant CS","2022","Declared non-disabled","Black","North West (England)","Manchester","55","[c]","28690","27570"
"New entrant CS","2022","Declared non-disabled","Black","North West (England)","Mid Lancashire","[c]","[c]","[c]","[c]"
"New entrant CS","2022","Declared non-disabled","Black","North West (England)","Sefton","10","[c]","[c]","[c]"
"New entrant CS","2022","Declared non-disabled","Black","North West (England)","Warrington","[c]","[c]","[c]","[c]"
"New entrant CS","2022","Declared non-disabled","Black","North West (England)","West Cumbria","[c]","[c]","[c]","[c]"
"New entrant CS","2022","Declared non-disabled","Black","North West (England)","Wirral","[c]","[c]","[c]","[c]"
"New entrant CS","2022","Declared non-disabled","Black","Northern Ireland","Antrim and Newtownabbey","[c]","[c]","[c]","[c]"
"New entrant CS","2022","Declared non-disabled","Black","Northern Ireland","Ards and North Down","[c]","[c]","[c]","[c]"
"New entrant CS","2022","Declared non-disabled","Black","Northern Ireland","Armagh City, Banbridge and Craigavon","[c]","[c]","[c]","[c]"
"New entrant CS","2022","Declared non-disabled","Black","Northern Ireland","Belfast","[c]","[c]","[c]","[c]"
"New entrant CS","2022","Declared non-disabled","Black","Northern Ireland","Causeway Coast and Glens","[c]","[c]","[c]","[c]"
"New entrant CS","2022","Declared non-disabled","Black","Northern Ireland","Derry City and Strabane","[c]","[c]","[c]","[c]"
"New entrant CS","2022","Declared non-disabled","Black","Northern Ireland","Fermanagh and Omagh","[c]","[c]","[c]","[c]"
"New entrant CS","2022","Declared non-disabled","Black","Northern Ireland","Lisburn and Castlereagh","[c]","[c]","[c]","[c]"
"New entrant CS","2022","Declared non-disabled","Black","Northern Ireland","Mid and East Antrim","[c]","[c]","[c]","[c]"
"New entrant CS","2022","Declared non-disabled","Black","Northern Ireland","Mid Ulster","[c]","[c]","[c]","[c]"
"New entrant CS","2022","Declared non-disabled","Black","Northern Ireland","Newry, Mourne and Down","[c]","[c]","[c]","[c]"
"New entrant CS","2022","Declared non-disabled","Black","Overseas","Overseas","[c]","[c]","[c]","[c]"
"New entrant CS","2022","Declared non-disabled","Black","Scotland","Aberdeen City and Aberdeenshire","[c]","[c]","[c]","[c]"
"New entrant CS","2022","Declared non-disabled","Black","Scotland","Angus and Dundee City","5","[c]","[c]","[c]"
"New entrant CS","2022","Declared non-disabled","Black","Scotland","Caithness and Sutherland, and Ross and Cromarty","[c]","[c]","[c]","[c]"
"New entrant CS","2022","Declared non-disabled","Black","Scotland","City of Edinburgh","35","[c]","25350","21250"
"New entrant CS","2022","Declared non-disabled","Black","Scotland","Clackmannanshire and Fife","[c]","[c]","[c]","[c]"
"New entrant CS","2022","Declared non-disabled","Black","Scotland","Dumfries and Galloway","[c]","[c]","[c]","[c]"
"New entrant CS","2022","Declared non-disabled","Black","Scotland","East Ayrshire and North Ayrshire mainland","[c]","[c]","[c]","[c]"
"New entrant CS","2022","Declared non-disabled","Black","Scotland","East Dunbartonshire, West Dunbartonshire, and Helensburgh and Lomond","[c]","[c]","[c]","[c]"
"New entrant CS","2022","Declared non-disabled","Black","Scotland","East Lothian and Midlothian","[c]","[c]","[c]","[c]"
"New entrant CS","2022","Declared non-disabled","Black","Scotland","Falkirk","[c]","[c]","[c]","[c]"
"New entrant CS","2022","Declared non-disabled","Black","Scotland","Glasgow City","40","[c]","27420","24650"
"New entrant CS","2022","Declared non-disabled","Black","Scotland","Inverclyde, East Renfrewshire, and Renfrewshire","[c]","[c]","[c]","[c]"
"New entrant CS","2022","Declared non-disabled","Black","Scotland","Inverness and Nairn, Moray, and Badenoch and Strathspey","[c]","[c]","[c]","[c]"
"New entrant CS","2022","Declared non-disabled","Black","Scotland","Lochaber, Skye and Lochalsh, Arran and Cumbrae, and Argyll and Bute","[c]","[c]","[c]","[c]"
"New entrant CS","2022","Declared non-disabled","Black","Scotland","Na h-Eileanan Siar","[c]","[c]","[c]","[c]"
"New entrant CS","2022","Declared non-disabled","Black","Scotland","North Lanarkshire","[c]","[c]","[c]","[c]"
"New entrant CS","2022","Declared non-disabled","Black","Scotland","Orkney Islands","[c]","[c]","[c]","[c]"
"New entrant CS","2022","Declared non-disabled","Black","Scotland","Perth and Kinross, and Stirling","[c]","[c]","[c]","[c]"
"New entrant CS","2022","Declared non-disabled","Black","Scotland","Scottish Borders","[c]","[c]","[c]","[c]"
"New entrant CS","2022","Declared non-disabled","Black","Scotland","Shetland Islands","[c]","[c]","[c]","[c]"
"New entrant CS","2022","Declared non-disabled","Black","Scotland","South Ayrshire","[c]","[c]","[c]","[c]"
"New entrant CS","2022","Declared non-disabled","Black","Scotland","South Lanarkshire","10","[c]","[c]","[c]"
"New entrant CS","2022","Declared non-disabled","Black","Scotland","West Lothian","[c]","[c]","[c]","[c]"
"New entrant CS","2022","Declared non-disabled","Black","South East (England)","Berkshire","15","[c]","[c]","[c]"
"New entrant CS","2022","Declared non-disabled","Black","South East (England)","Brighton and Hove","[c]","[c]","[c]","[c]"
"New entrant CS","2022","Declared non-disabled","Black","South East (England)","Buckinghamshire","10","[c]","[c]","[c]"
"New entrant CS","2022","Declared non-disabled","Black","South East (England)","Central Hampshire","[c]","[c]","[c]","[c]"
"New entrant CS","2022","Declared non-disabled","Black","South East (England)","East Kent","10","[c]","[c]","[c]"
"New entrant CS","2022","Declared non-disabled","Black","South East (England)","East Surrey","25","[c]","[c]","[c]"
"New entrant CS","2022","Declared non-disabled","Black","South East (England)","East Sussex CC","[c]","[c]","[c]","[c]"
"New entrant CS","2022","Declared non-disabled","Black","South East (England)","Isle of Wight","[c]","[c]","[c]","[c]"
"New entrant CS","2022","Declared non-disabled","Black","South East (England)","Kent Thames Gateway","[c]","[c]","[c]","[c]"
"New entrant CS","2022","Declared non-disabled","Black","South East (England)","Medway","10","[c]","[c]","[c]"
"New entrant CS","2022","Declared non-disabled","Black","South East (England)","Mid Kent","[c]","[c]","[c]","[c]"
"New entrant CS","2022","Declared non-disabled","Black","South East (England)","Milton Keynes","20","[c]","[c]","[c]"
"New entrant CS","2022","Declared non-disabled","Black","South East (England)","North Hampshire","[c]","[c]","[c]","[c]"
"New entrant CS","2022","Declared non-disabled","Black","South East (England)","Oxfordshire CC","10","[c]","[c]","[c]"
"New entrant CS","2022","Declared non-disabled","Black","South East (England)","Portsmouth","[c]","[c]","[c]","[c]"
"New entrant CS","2022","Declared non-disabled","Black","South East (England)","South Hampshire","10","[c]","[c]","[c]"
"New entrant CS","2022","Declared non-disabled","Black","South East (England)","Southampton","[c]","[c]","[c]","[c]"
"New entrant CS","2022","Declared non-disabled","Black","South East (England)","West Kent","[c]","[c]","[c]","[c]"
"New entrant CS","2022","Declared non-disabled","Black","South East (England)","West Surrey","10","[c]","[c]","[c]"
"New entrant CS","2022","Declared non-disabled","Black","South East (England)","West Sussex (North East)","[c]","[c]","[c]","[c]"
"New entrant CS","2022","Declared non-disabled","Black","South East (England)","West Sussex (South West)","[c]","[c]","[c]","[c]"
"New entrant CS","2022","Declared non-disabled","Black","South West (England)","Bath and North East Somerset, North Somerset and South Gloucestershire","25","[c]","[c]","[c]"
"New entrant CS","2022","Declared non-disabled","Black","South West (England)","Bournemouth, Christchurch and Poole","[c]","[c]","[c]","[c]"
"New entrant CS","2022","Declared non-disabled","Black","South West (England)","Bristol, City of","25","[c]","[c]","[c]"
"New entrant CS","2022","Declared non-disabled","Black","South West (England)","Cornwall and Isles of Scilly","[c]","[c]","[c]","[c]"
"New entrant CS","2022","Declared non-disabled","Black","South West (England)","Devon CC","[c]","[c]","[c]","[c]"
"New entrant CS","2022","Declared non-disabled","Black","South West (England)","Dorset","[c]","[c]","[c]","[c]"
"New entrant CS","2022","Declared non-disabled","Black","South West (England)","Gloucestershire CC","[c]","[c]","[c]","[c]"
"New entrant CS","2022","Declared non-disabled","Black","South West (England)","Plymouth","[c]","[c]","[c]","[c]"
"New entrant CS","2022","Declared non-disabled","Black","South West (England)","Somerset CC","[c]","[c]","[c]","[c]"
"New entrant CS","2022","Declared non-disabled","Black","South West (England)","Swindon","[c]","[c]","[c]","[c]"
"New entrant CS","2022","Declared non-disabled","Black","South West (England)","Torbay","[c]","[c]","[c]","[c]"
"New entrant CS","2022","Declared non-disabled","Black","South West (England)","Wiltshire","10","[c]","[c]","[c]"
"New entrant CS","2022","Declared non-disabled","Black","Unknown","Unknown","20","[c]","[c]","[c]"
"New entrant CS","2022","Declared non-disabled","Black","Wales","Bridgend and Neath Port Talbot","[c]","[c]","[c]","[c]"
"New entrant CS","2022","Declared non-disabled","Black","Wales","Cardiff and Vale of Glamorgan","10","[c]","[c]","[c]"
"New entrant CS","2022","Declared non-disabled","Black","Wales","Central Valleys","5","[c]","[c]","[c]"
"New entrant CS","2022","Declared non-disabled","Black","Wales","Conwy and Denbighshire","[c]","[c]","[c]","[c]"
"New entrant CS","2022","Declared non-disabled","Black","Wales","Flintshire and Wrexham","[c]","[c]","[c]","[c]"
"New entrant CS","2022","Declared non-disabled","Black","Wales","Gwent Valleys","[c]","[c]","[c]","[c]"
"New entrant CS","2022","Declared non-disabled","Black","Wales","Gwynedd","[c]","[c]","[c]","[c]"
"New entrant CS","2022","Declared non-disabled","Black","Wales","Isle of Anglesey","[c]","[c]","[c]","[c]"
"New entrant CS","2022","Declared non-disabled","Black","Wales","Monmouthshire and Newport","20","[c]","[c]","[c]"
"New entrant CS","2022","Declared non-disabled","Black","Wales","Powys","[c]","[c]","[c]","[c]"
"New entrant CS","2022","Declared non-disabled","Black","Wales","South West Wales","[c]","[c]","[c]","[c]"
"New entrant CS","2022","Declared non-disabled","Black","Wales","Swansea","10","[c]","[c]","[c]"
"New entrant CS","2022","Declared non-disabled","Black","West Midlands (England)","Birmingham","125","[c]","26920","26590"
"New entrant CS","2022","Declared non-disabled","Black","West Midlands (England)","Coventry","10","[c]","[c]","[c]"
"New entrant CS","2022","Declared non-disabled","Black","West Midlands (England)","Dudley","10","[c]","[c]","[c]"
"New entrant CS","2022","Declared non-disabled","Black","West Midlands (England)","Herefordshire, County of","[c]","[c]","[c]","[c]"
"New entrant CS","2022","Declared non-disabled","Black","West Midlands (England)","Sandwell","10","[c]","[c]","[c]"
"New entrant CS","2022","Declared non-disabled","Black","West Midlands (England)","Shropshire","[c]","[c]","[c]","[c]"
"New entrant CS","2022","Declared non-disabled","Black","West Midlands (England)","Solihull","5","[c]","[c]","[c]"
"New entrant CS","2022","Declared non-disabled","Black","West Midlands (England)","Staffordshire CC","10","[c]","[c]","[c]"
"New entrant CS","2022","Declared non-disabled","Black","West Midlands (England)","Stoke-on-Trent","5","[c]","[c]","[c]"
"New entrant CS","2022","Declared non-disabled","Black","West Midlands (England)","Telford and Wrekin","[c]","[c]","[c]","[c]"
"New entrant CS","2022","Declared non-disabled","Black","West Midlands (England)","Walsall","5","[c]","[c]","[c]"
"New entrant CS","2022","Declared non-disabled","Black","West Midlands (England)","Warwickshire CC","5","[c]","[c]","[c]"
"New entrant CS","2022","Declared non-disabled","Black","West Midlands (England)","Wolverhampton","20","[c]","[c]","[c]"
"New entrant CS","2022","Declared non-disabled","Black","West Midlands (England)","Worcestershire CC","5","[c]","[c]","[c]"
"New entrant CS","2022","Declared non-disabled","Black","Yorkshire and The Humber","Barnsley, Doncaster and Rotherham","[c]","[c]","[c]","[c]"
"New entrant CS","2022","Declared non-disabled","Black","Yorkshire and The Humber","Bradford","10","[c]","[c]","[c]"
"New entrant CS","2022","Declared non-disabled","Black","Yorkshire and The Humber","Calderdale and Kirklees","10","[c]","[c]","[c]"
"New entrant CS","2022","Declared non-disabled","Black","Yorkshire and The Humber","East Riding of Yorkshire","[c]","[c]","[c]","[c]"
"New entrant CS","2022","Declared non-disabled","Black","Yorkshire and The Humber","Kingston upon Hull, City of","[c]","[c]","[c]","[c]"
"New entrant CS","2022","Declared non-disabled","Black","Yorkshire and The Humber","Leeds","60","[c]","28940","27570"
"New entrant CS","2022","Declared non-disabled","Black","Yorkshire and The Humber","North and North East Lincolnshire","[c]","[c]","[c]","[c]"
"New entrant CS","2022","Declared non-disabled","Black","Yorkshire and The Humber","North Yorkshire CC","[c]","[c]","[c]","[c]"
"New entrant CS","2022","Declared non-disabled","Black","Yorkshire and The Humber","Sheffield","10","[c]","[c]","[c]"
"New entrant CS","2022","Declared non-disabled","Black","Yorkshire and The Humber","Wakefield","5","[c]","[c]","[c]"
"New entrant CS","2022","Declared non-disabled","Black","Yorkshire and The Humber","York","10","[c]","[c]","[c]"
"New entrant CS","2022","Declared non-disabled","Mixed","East Midlands (England)","Derby","5","[c]","[c]","[c]"
"New entrant CS","2022","Declared non-disabled","Mixed","East Midlands (England)","East Derbyshire","[c]","[c]","[c]","[c]"
"New entrant CS","2022","Declared non-disabled","Mixed","East Midlands (England)","Leicester","15","[c]","[c]","[c]"
"New entrant CS","2022","Declared non-disabled","Mixed","East Midlands (England)","Leicestershire CC and Rutland","[c]","[c]","[c]","[c]"
"New entrant CS","2022","Declared non-disabled","Mixed","East Midlands (England)","Lincolnshire CC","10","[c]","[c]","[c]"
"New entrant CS","2022","Declared non-disabled","Mixed","East Midlands (England)","North Northamptonshire","[c]","[c]","[c]","[c]"
"New entrant CS","2022","Declared non-disabled","Mixed","East Midlands (England)","North Nottinghamshire","[c]","[c]","[c]","[c]"
"New entrant CS","2022","Declared non-disabled","Mixed","East Midlands (England)","Nottingham","25","[c]","[c]","[c]"
"New entrant CS","2022","Declared non-disabled","Mixed","East Midlands (England)","South and West Derbyshire","[c]","[c]","[c]","[c]"
"New entrant CS","2022","Declared non-disabled","Mixed","East Midlands (England)","South Nottinghamshire","[c]","[c]","[c]","[c]"
"New entrant CS","2022","Declared non-disabled","Mixed","East Midlands (England)","West Northamptonshire","[c]","[c]","[c]","[c]"
"New entrant CS","2022","Declared non-disabled","Mixed","East of England","Bedford","5","[c]","[c]","[c]"
"New entrant CS","2022","Declared non-disabled","Mixed","East of England","Breckland and South Norfolk","[c]","[c]","[c]","[c]"
"New entrant CS","2022","Declared non-disabled","Mixed","East of England","Cambridgeshire CC","5","[c]","[c]","[c]"
"New entrant CS","2022","Declared non-disabled","Mixed","East of England","Central Bedfordshire","[c]","[c]","[c]","[c]"
"New entrant CS","2022","Declared non-disabled","Mixed","East of England","Essex Haven Gateway","5","[c]","[c]","[c]"
"New entrant CS","2022","Declared non-disabled","Mixed","East of England","Essex Thames Gateway","5","[c]","[c]","[c]"
"New entrant CS","2022","Declared non-disabled","Mixed","East of England","Heart of Essex","[c]","[c]","[c]","[c]"
"New entrant CS","2022","Declared non-disabled","Mixed","East of England","Hertfordshire CC","10","[c]","[c]","[c]"
"New entrant CS","2022","Declared non-disabled","Mixed","East of England","Luton","5","[c]","[c]","[c]"
"New entrant CS","2022","Declared non-disabled","Mixed","East of England","North and West Norfolk","[c]","[c]","[c]","[c]"
"New entrant CS","2022","Declared non-disabled","Mixed","East of England","Norwich and East Norfolk","10","[c]","[c]","[c]"
"New entrant CS","2022","Declared non-disabled","Mixed","East of England","Peterborough","[c]","[c]","[c]","[c]"
"New entrant CS","2022","Declared non-disabled","Mixed","East of England","Southend-on-Sea","[c]","[c]","[c]","[c]"
"New entrant CS","2022","Declared non-disabled","Mixed","East of England","Suffolk CC","10","[c]","[c]","[c]"
"New entrant CS","2022","Declared non-disabled","Mixed","East of England","Thurrock","[c]","[c]","[c]","[c]"
"New entrant CS","2022","Declared non-disabled","Mixed","East of England","West Essex","[c]","[c]","[c]","[c]"
"New entrant CS","2022","Declared non-disabled","Mixed","London","Barking & Dagenham and Havering","[c]","[c]","[c]","[c]"
"New entrant CS","2022","Declared non-disabled","Mixed","London","Barnet","25","[c]","[c]","[c]"
"New entrant CS","2022","Declared non-disabled","Mixed","London","Bexley and Greenwich","[c]","[c]","[c]","[c]"
"New entrant CS","2022","Declared non-disabled","Mixed","London","Brent","5","[c]","[c]","[c]"
"New entrant CS","2022","Declared non-disabled","Mixed","London","Bromley","5","[c]","[c]","[c]"
"New entrant CS","2022","Declared non-disabled","Mixed","London","Camden and City of London","10","[c]","[c]","[c]"
"New entrant CS","2022","Declared non-disabled","Mixed","London","Croydon","20","[c]","[c]","[c]"
"New entrant CS","2022","Declared non-disabled","Mixed","London","Ealing","5","[c]","[c]","[c]"
"New entrant CS","2022","Declared non-disabled","Mixed","London","Enfield","[c]","[c]","[c]","[c]"
"New entrant CS","2022","Declared non-disabled","Mixed","London","Hackney and Newham","10","[c]","[c]","[c]"
"New entrant CS","2022","Declared non-disabled","Mixed","London","Haringey and Islington","10","[c]","[c]","[c]"
"New entrant CS","2022","Declared non-disabled","Mixed","London","Harrow and Hillingdon","[c]","[c]","[c]","[c]"
"New entrant CS","2022","Declared non-disabled","Mixed","London","Hounslow and Richmond upon Thames","10","[c]","[c]","[c]"
"New entrant CS","2022","Declared non-disabled","Mixed","London","Kensington & Chelsea and Hammersmith & Fulham","10","[c]","[c]","[c]"
"New entrant CS","2022","Declared non-disabled","Mixed","London","Lambeth","25","[c]","[c]","[c]"
"New entrant CS","2022","Declared non-disabled","Mixed","London","Lewisham and Southwark","10","[c]","[c]","[c]"
"New entrant CS","2022","Declared non-disabled","Mixed","London","Merton, Kingston upon Thames and Sutton","[c]","[c]","[c]","[c]"
"New entrant CS","2022","Declared non-disabled","Mixed","London","Redbridge and Waltham Forest","[c]","[c]","[c]","[c]"
"New entrant CS","2022","Declared non-disabled","Mixed","London","Tower Hamlets","30","[c]","[c]","[c]"
"New entrant CS","2022","Declared non-disabled","Mixed","London","Wandsworth","5","[c]","[c]","[c]"
"New entrant CS","2022","Declared non-disabled","Mixed","London","Westminster","165","[c]","35230","33570"
"New entrant CS","2022","Declared non-disabled","Mixed","North East (England)","Darlington","[c]","[c]","[c]","[c]"
"New entrant CS","2022","Declared non-disabled","Mixed","North East (England)","Durham","[c]","[c]","[c]","[c]"
"New entrant CS","2022","Declared non-disabled","Mixed","North East (England)","Hartlepool and Stockton-on-Tees","[c]","[c]","[c]","[c]"
"New entrant CS","2022","Declared non-disabled","Mixed","North East (England)","Northumberland","[c]","[c]","[c]","[c]"
"New entrant CS","2022","Declared non-disabled","Mixed","North East (England)","South Teesside","[c]","[c]","[c]","[c]"
"New entrant CS","2022","Declared non-disabled","Mixed","North East (England)","Sunderland","[c]","[c]","[c]","[c]"
"New entrant CS","2022","Declared non-disabled","Mixed","North East (England)","Tyneside","30","[c]","[c]","[c]"
"New entrant CS","2022","Declared non-disabled","Mixed","North West (England)","Blackburn with Darwen","[c]","[c]","[c]","[c]"
"New entrant CS","2022","Declared non-disabled","Mixed","North West (England)","Blackpool","[c]","[c]","[c]","[c]"
"New entrant CS","2022","Declared non-disabled","Mixed","North West (England)","Cheshire East","[c]","[c]","[c]","[c]"
"New entrant CS","2022","Declared non-disabled","Mixed","North West (England)","Cheshire West and Chester","[c]","[c]","[c]","[c]"
"New entrant CS","2022","Declared non-disabled","Mixed","North West (England)","Chorley and West Lancashire","[c]","[c]","[c]","[c]"
"New entrant CS","2022","Declared non-disabled","Mixed","North West (England)","East Cumbria","[c]","[c]","[c]","[c]"
"New entrant CS","2022","Declared non-disabled","Mixed","North West (England)","East Lancashire","[c]","[c]","[c]","[c]"
"New entrant CS","2022","Declared non-disabled","Mixed","North West (England)","East Merseyside","[c]","[c]","[c]","[c]"
"New entrant CS","2022","Declared non-disabled","Mixed","North West (England)","Greater Manchester North East","[c]","[c]","[c]","[c]"
"New entrant CS","2022","Declared non-disabled","Mixed","North West (England)","Greater Manchester North West","5","[c]","[c]","[c]"
"New entrant CS","2022","Declared non-disabled","Mixed","North West (England)","Greater Manchester South East","[c]","[c]","[c]","[c]"
"New entrant CS","2022","Declared non-disabled","Mixed","North West (England)","Greater Manchester South West","25","[c]","[c]","[c]"
"New entrant CS","2022","Declared non-disabled","Mixed","North West (England)","Lancaster and Wyre","[c]","[c]","[c]","[c]"
"New entrant CS","2022","Declared non-disabled","Mixed","North West (England)","Liverpool","20","[c]","[c]","[c]"
"New entrant CS","2022","Declared non-disabled","Mixed","North West (England)","Manchester","25","[c]","[c]","[c]"
"New entrant CS","2022","Declared non-disabled","Mixed","North West (England)","Mid Lancashire","10","[c]","[c]","[c]"
"New entrant CS","2022","Declared non-disabled","Mixed","North West (England)","Sefton","5","[c]","[c]","[c]"
"New entrant CS","2022","Declared non-disabled","Mixed","North West (England)","Warrington","[c]","[c]","[c]","[c]"
"New entrant CS","2022","Declared non-disabled","Mixed","North West (England)","West Cumbria","[c]","[c]","[c]","[c]"
"New entrant CS","2022","Declared non-disabled","Mixed","North West (England)","Wirral","[c]","[c]","[c]","[c]"
"New entrant CS","2022","Declared non-disabled","Mixed","Northern Ireland","Antrim and Newtownabbey","[c]","[c]","[c]","[c]"
"New entrant CS","2022","Declared non-disabled","Mixed","Northern Ireland","Ards and North Down","[c]","[c]","[c]","[c]"
"New entrant CS","2022","Declared non-disabled","Mixed","Northern Ireland","Armagh City, Banbridge and Craigavon","[c]","[c]","[c]","[c]"
"New entrant CS","2022","Declared non-disabled","Mixed","Northern Ireland","Belfast","[c]","[c]","[c]","[c]"
"New entrant CS","2022","Declared non-disabled","Mixed","Northern Ireland","Causeway Coast and Glens","[c]","[c]","[c]","[c]"
"New entrant CS","2022","Declared non-disabled","Mixed","Northern Ireland","Derry City and Strabane","[c]","[c]","[c]","[c]"
"New entrant CS","2022","Declared non-disabled","Mixed","Northern Ireland","Fermanagh and Omagh","[c]","[c]","[c]","[c]"
"New entrant CS","2022","Declared non-disabled","Mixed","Northern Ireland","Lisburn and Castlereagh","[c]","[c]","[c]","[c]"
"New entrant CS","2022","Declared non-disabled","Mixed","Northern Ireland","Mid and East Antrim","[c]","[c]","[c]","[c]"
"New entrant CS","2022","Declared non-disabled","Mixed","Northern Ireland","Mid Ulster","[c]","[c]","[c]","[c]"
"New entrant CS","2022","Declared non-disabled","Mixed","Northern Ireland","Newry, Mourne and Down","[c]","[c]","[c]","[c]"
"New entrant CS","2022","Declared non-disabled","Mixed","Overseas","Overseas","[c]","[c]","[c]","[c]"
"New entrant CS","2022","Declared non-disabled","Mixed","Scotland","Aberdeen City and Aberdeenshire","[c]","[c]","[c]","[c]"
"New entrant CS","2022","Declared non-disabled","Mixed","Scotland","Angus and Dundee City","5","[c]","[c]","[c]"
"New entrant CS","2022","Declared non-disabled","Mixed","Scotland","Caithness and Sutherland, and Ross and Cromarty","[c]","[c]","[c]","[c]"
"New entrant CS","2022","Declared non-disabled","Mixed","Scotland","City of Edinburgh","15","[c]","[c]","[c]"
"New entrant CS","2022","Declared non-disabled","Mixed","Scotland","Clackmannanshire and Fife","[c]","[c]","[c]","[c]"
"New entrant CS","2022","Declared non-disabled","Mixed","Scotland","Dumfries and Galloway","[c]","[c]","[c]","[c]"
"New entrant CS","2022","Declared non-disabled","Mixed","Scotland","East Ayrshire and North Ayrshire mainland","[c]","[c]","[c]","[c]"
"New entrant CS","2022","Declared non-disabled","Mixed","Scotland","East Dunbartonshire, West Dunbartonshire, and Helensburgh and Lomond","[c]","[c]","[c]","[c]"
"New entrant CS","2022","Declared non-disabled","Mixed","Scotland","East Lothian and Midlothian","[c]","[c]","[c]","[c]"
"New entrant CS","2022","Declared non-disabled","Mixed","Scotland","Falkirk","[c]","[c]","[c]","[c]"
"New entrant CS","2022","Declared non-disabled","Mixed","Scotland","Glasgow City","25","[c]","[c]","[c]"
"New entrant CS","2022","Declared non-disabled","Mixed","Scotland","Inverclyde, East Renfrewshire, and Renfrewshire","[c]","[c]","[c]","[c]"
"New entrant CS","2022","Declared non-disabled","Mixed","Scotland","Inverness and Nairn, Moray, and Badenoch and Strathspey","[c]","[c]","[c]","[c]"
"New entrant CS","2022","Declared non-disabled","Mixed","Scotland","Lochaber, Skye and Lochalsh, Arran and Cumbrae, and Argyll and Bute","[c]","[c]","[c]","[c]"
"New entrant CS","2022","Declared non-disabled","Mixed","Scotland","Na h-Eileanan Siar","[c]","[c]","[c]","[c]"
"New entrant CS","2022","Declared non-disabled","Mixed","Scotland","North Lanarkshire","[c]","[c]","[c]","[c]"
"New entrant CS","2022","Declared non-disabled","Mixed","Scotland","Orkney Islands","[c]","[c]","[c]","[c]"
"New entrant CS","2022","Declared non-disabled","Mixed","Scotland","Perth and Kinross, and Stirling","[c]","[c]","[c]","[c]"
"New entrant CS","2022","Declared non-disabled","Mixed","Scotland","Scottish Borders","[c]","[c]","[c]","[c]"
"New entrant CS","2022","Declared non-disabled","Mixed","Scotland","Shetland Islands","[c]","[c]","[c]","[c]"
"New entrant CS","2022","Declared non-disabled","Mixed","Scotland","South Ayrshire","[c]","[c]","[c]","[c]"
"New entrant CS","2022","Declared non-disabled","Mixed","Scotland","South Lanarkshire","[c]","[c]","[c]","[c]"
"New entrant CS","2022","Declared non-disabled","Mixed","Scotland","West Lothian","[c]","[c]","[c]","[c]"
"New entrant CS","2022","Declared non-disabled","Mixed","South East (England)","Berkshire","5","[c]","[c]","[c]"
"New entrant CS","2022","Declared non-disabled","Mixed","South East (England)","Brighton and Hove","[c]","[c]","[c]","[c]"
"New entrant CS","2022","Declared non-disabled","Mixed","South East (England)","Buckinghamshire","5","[c]","[c]","[c]"
"New entrant CS","2022","Declared non-disabled","Mixed","South East (England)","Central Hampshire","10","[c]","[c]","[c]"
"New entrant CS","2022","Declared non-disabled","Mixed","South East (England)","East Kent","10","[c]","[c]","[c]"
"New entrant CS","2022","Declared non-disabled","Mixed","South East (England)","East Surrey","10","[c]","[c]","[c]"
"New entrant CS","2022","Declared non-disabled","Mixed","South East (England)","East Sussex CC","5","[c]","[c]","[c]"
"New entrant CS","2022","Declared non-disabled","Mixed","South East (England)","Isle of Wight","[c]","[c]","[c]","[c]"
"New entrant CS","2022","Declared non-disabled","Mixed","South East (England)","Kent Thames Gateway","[c]","[c]","[c]","[c]"
"New entrant CS","2022","Declared non-disabled","Mixed","South East (England)","Medway","[c]","[c]","[c]","[c]"
"New entrant CS","2022","Declared non-disabled","Mixed","South East (England)","Mid Kent","[c]","[c]","[c]","[c]"
"New entrant CS","2022","Declared non-disabled","Mixed","South East (England)","Milton Keynes","5","[c]","[c]","[c]"
"New entrant CS","2022","Declared non-disabled","Mixed","South East (England)","North Hampshire","5","[c]","[c]","[c]"
"New entrant CS","2022","Declared non-disabled","Mixed","South East (England)","Oxfordshire CC","[c]","[c]","[c]","[c]"
"New entrant CS","2022","Declared non-disabled","Mixed","South East (England)","Portsmouth","[c]","[c]","[c]","[c]"
"New entrant CS","2022","Declared non-disabled","Mixed","South East (England)","South Hampshire","5","[c]","[c]","[c]"
"New entrant CS","2022","Declared non-disabled","Mixed","South East (England)","Southampton","5","[c]","[c]","[c]"
"New entrant CS","2022","Declared non-disabled","Mixed","South East (England)","West Kent","[c]","[c]","[c]","[c]"
"New entrant CS","2022","Declared non-disabled","Mixed","South East (England)","West Surrey","15","[c]","[c]","[c]"
"New entrant CS","2022","Declared non-disabled","Mixed","South East (England)","West Sussex (North East)","5","[c]","[c]","[c]"
"New entrant CS","2022","Declared non-disabled","Mixed","South East (England)","West Sussex (South West)","[c]","[c]","[c]","[c]"
"New entrant CS","2022","Declared non-disabled","Mixed","South West (England)","Bath and North East Somerset, North Somerset and South Gloucestershire","10","[c]","[c]","[c]"
"New entrant CS","2022","Declared non-disabled","Mixed","South West (England)","Bournemouth, Christchurch and Poole","[c]","[c]","[c]","[c]"
"New entrant CS","2022","Declared non-disabled","Mixed","South West (England)","Bristol, City of","20","[c]","[c]","[c]"
"New entrant CS","2022","Declared non-disabled","Mixed","South West (England)","Cornwall and Isles of Scilly","5","[c]","[c]","[c]"
"New entrant CS","2022","Declared non-disabled","Mixed","South West (England)","Devon CC","5","[c]","[c]","[c]"
"New entrant CS","2022","Declared non-disabled","Mixed","South West (England)","Dorset","[c]","[c]","[c]","[c]"
"New entrant CS","2022","Declared non-disabled","Mixed","South West (England)","Gloucestershire CC","[c]","[c]","[c]","[c]"
"New entrant CS","2022","Declared non-disabled","Mixed","South West (England)","Plymouth","[c]","[c]","[c]","[c]"
"New entrant CS","2022","Declared non-disabled","Mixed","South West (England)","Somerset CC","[c]","[c]","[c]","[c]"
"New entrant CS","2022","Declared non-disabled","Mixed","South West (England)","Swindon","[c]","[c]","[c]","[c]"
"New entrant CS","2022","Declared non-disabled","Mixed","South West (England)","Torbay","[c]","[c]","[c]","[c]"
"New entrant CS","2022","Declared non-disabled","Mixed","South West (England)","Wiltshire","20","[c]","[c]","[c]"
"New entrant CS","2022","Declared non-disabled","Mixed","Unknown","Unknown","10","[c]","[c]","[c]"
"New entrant CS","2022","Declared non-disabled","Mixed","Wales","Bridgend and Neath Port Talbot","[c]","[c]","[c]","[c]"
"New entrant CS","2022","Declared non-disabled","Mixed","Wales","Cardiff and Vale of Glamorgan","15","[c]","[c]","[c]"
"New entrant CS","2022","Declared non-disabled","Mixed","Wales","Central Valleys","[c]","[c]","[c]","[c]"
"New entrant CS","2022","Declared non-disabled","Mixed","Wales","Conwy and Denbighshire","[c]","[c]","[c]","[c]"
"New entrant CS","2022","Declared non-disabled","Mixed","Wales","Flintshire and Wrexham","5","[c]","[c]","[c]"
"New entrant CS","2022","Declared non-disabled","Mixed","Wales","Gwent Valleys","[c]","[c]","[c]","[c]"
"New entrant CS","2022","Declared non-disabled","Mixed","Wales","Gwynedd","[c]","[c]","[c]","[c]"
"New entrant CS","2022","Declared non-disabled","Mixed","Wales","Isle of Anglesey","[c]","[c]","[c]","[c]"
"New entrant CS","2022","Declared non-disabled","Mixed","Wales","Monmouthshire and Newport","15","[c]","[c]","[c]"
"New entrant CS","2022","Declared non-disabled","Mixed","Wales","Powys","[c]","[c]","[c]","[c]"
"New entrant CS","2022","Declared non-disabled","Mixed","Wales","South West Wales","[c]","[c]","[c]","[c]"
"New entrant CS","2022","Declared non-disabled","Mixed","Wales","Swansea","10","[c]","[c]","[c]"
"New entrant CS","2022","Declared non-disabled","Mixed","West Midlands (England)","Birmingham","55","[c]","26540","26590"
"New entrant CS","2022","Declared non-disabled","Mixed","West Midlands (England)","Coventry","[c]","[c]","[c]","[c]"
"New entrant CS","2022","Declared non-disabled","Mixed","West Midlands (England)","Dudley","5","[c]","[c]","[c]"
"New entrant CS","2022","Declared non-disabled","Mixed","West Midlands (England)","Herefordshire, County of","[c]","[c]","[c]","[c]"
"New entrant CS","2022","Declared non-disabled","Mixed","West Midlands (England)","Sandwell","[c]","[c]","[c]","[c]"
"New entrant CS","2022","Declared non-disabled","Mixed","West Midlands (England)","Shropshire","[c]","[c]","[c]","[c]"
"New entrant CS","2022","Declared non-disabled","Mixed","West Midlands (England)","Solihull","[c]","[c]","[c]","[c]"
"New entrant CS","2022","Declared non-disabled","Mixed","West Midlands (England)","Staffordshire CC","15","[c]","[c]","[c]"
"New entrant CS","2022","Declared non-disabled","Mixed","West Midlands (England)","Stoke-on-Trent","[c]","[c]","[c]","[c]"
"New entrant CS","2022","Declared non-disabled","Mixed","West Midlands (England)","Telford and Wrekin","[c]","[c]","[c]","[c]"
"New entrant CS","2022","Declared non-disabled","Mixed","West Midlands (England)","Walsall","[c]","[c]","[c]","[c]"
"New entrant CS","2022","Declared non-disabled","Mixed","West Midlands (England)","Warwickshire CC","[c]","[c]","[c]","[c]"
"New entrant CS","2022","Declared non-disabled","Mixed","West Midlands (England)","Wolverhampton","5","[c]","[c]","[c]"
"New entrant CS","2022","Declared non-disabled","Mixed","West Midlands (England)","Worcestershire CC","[c]","[c]","[c]","[c]"
"New entrant CS","2022","Declared non-disabled","Mixed","Yorkshire and The Humber","Barnsley, Doncaster and Rotherham","[c]","[c]","[c]","[c]"
"New entrant CS","2022","Declared non-disabled","Mixed","Yorkshire and The Humber","Bradford","10","[c]","[c]","[c]"
"New entrant CS","2022","Declared non-disabled","Mixed","Yorkshire and The Humber","Calderdale and Kirklees","[c]","[c]","[c]","[c]"
"New entrant CS","2022","Declared non-disabled","Mixed","Yorkshire and The Humber","East Riding of Yorkshire","[c]","[c]","[c]","[c]"
"New entrant CS","2022","Declared non-disabled","Mixed","Yorkshire and The Humber","Kingston upon Hull, City of","[c]","[c]","[c]","[c]"
"New entrant CS","2022","Declared non-disabled","Mixed","Yorkshire and The Humber","Leeds","30","[c]","30410","26590"
"New entrant CS","2022","Declared non-disabled","Mixed","Yorkshire and The Humber","North and North East Lincolnshire","[c]","[c]","[c]","[c]"
"New entrant CS","2022","Declared non-disabled","Mixed","Yorkshire and The Humber","North Yorkshire CC","[c]","[c]","[c]","[c]"
"New entrant CS","2022","Declared non-disabled","Mixed","Yorkshire and The Humber","Sheffield","10","[c]","[c]","[c]"
"New entrant CS","2022","Declared non-disabled","Mixed","Yorkshire and The Humber","Wakefield","[c]","[c]","[c]","[c]"
"New entrant CS","2022","Declared non-disabled","Mixed","Yorkshire and The Humber","York","5","[c]","[c]","[c]"
"New entrant CS","2022","Declared non-disabled","Other ethnicity","East Midlands (England)","Derby","[c]","[c]","[c]","[c]"
"New entrant CS","2022","Declared non-disabled","Other ethnicity","East Midlands (England)","East Derbyshire","[c]","[c]","[c]","[c]"
"New entrant CS","2022","Declared non-disabled","Other ethnicity","East Midlands (England)","Leicester","[c]","[c]","[c]","[c]"
"New entrant CS","2022","Declared non-disabled","Other ethnicity","East Midlands (England)","Leicestershire CC and Rutland","[c]","[c]","[c]","[c]"
"New entrant CS","2022","Declared non-disabled","Other ethnicity","East Midlands (England)","Lincolnshire CC","[c]","[c]","[c]","[c]"
"New entrant CS","2022","Declared non-disabled","Other ethnicity","East Midlands (England)","North Northamptonshire","[c]","[c]","[c]","[c]"
"New entrant CS","2022","Declared non-disabled","Other ethnicity","East Midlands (England)","North Nottinghamshire","[c]","[c]","[c]","[c]"
"New entrant CS","2022","Declared non-disabled","Other ethnicity","East Midlands (England)","Nottingham","[c]","[c]","[c]","[c]"
"New entrant CS","2022","Declared non-disabled","Other ethnicity","East Midlands (England)","South and West Derbyshire","[c]","[c]","[c]","[c]"
"New entrant CS","2022","Declared non-disabled","Other ethnicity","East Midlands (England)","South Nottinghamshire","[c]","[c]","[c]","[c]"
"New entrant CS","2022","Declared non-disabled","Other ethnicity","East Midlands (England)","West Northamptonshire","[c]","[c]","[c]","[c]"
"New entrant CS","2022","Declared non-disabled","Other ethnicity","East of England","Bedford","[c]","[c]","[c]","[c]"
"New entrant CS","2022","Declared non-disabled","Other ethnicity","East of England","Breckland and South Norfolk","[c]","[c]","[c]","[c]"
"New entrant CS","2022","Declared non-disabled","Other ethnicity","East of England","Cambridgeshire CC","[c]","[c]","[c]","[c]"
"New entrant CS","2022","Declared non-disabled","Other ethnicity","East of England","Central Bedfordshire","[c]","[c]","[c]","[c]"
"New entrant CS","2022","Declared non-disabled","Other ethnicity","East of England","Essex Haven Gateway","[c]","[c]","[c]","[c]"
"New entrant CS","2022","Declared non-disabled","Other ethnicity","East of England","Essex Thames Gateway","[c]","[c]","[c]","[c]"
"New entrant CS","2022","Declared non-disabled","Other ethnicity","East of England","Heart of Essex","[c]","[c]","[c]","[c]"
"New entrant CS","2022","Declared non-disabled","Other ethnicity","East of England","Hertfordshire CC","[c]","[c]","[c]","[c]"
"New entrant CS","2022","Declared non-disabled","Other ethnicity","East of England","Luton","[c]","[c]","[c]","[c]"
"New entrant CS","2022","Declared non-disabled","Other ethnicity","East of England","North and West Norfolk","[c]","[c]","[c]","[c]"
"New entrant CS","2022","Declared non-disabled","Other ethnicity","East of England","Norwich and East Norfolk","[c]","[c]","[c]","[c]"
"New entrant CS","2022","Declared non-disabled","Other ethnicity","East of England","Peterborough","[c]","[c]","[c]","[c]"
"New entrant CS","2022","Declared non-disabled","Other ethnicity","East of England","Southend-on-Sea","[c]","[c]","[c]","[c]"
"New entrant CS","2022","Declared non-disabled","Other ethnicity","East of England","Suffolk CC","[c]","[c]","[c]","[c]"
"New entrant CS","2022","Declared non-disabled","Other ethnicity","East of England","Thurrock","[c]","[c]","[c]","[c]"
"New entrant CS","2022","Declared non-disabled","Other ethnicity","East of England","West Essex","[c]","[c]","[c]","[c]"
"New entrant CS","2022","Declared non-disabled","Other ethnicity","London","Barking & Dagenham and Havering","[c]","[c]","[c]","[c]"
"New entrant CS","2022","Declared non-disabled","Other ethnicity","London","Barnet","10","[c]","[c]","[c]"
"New entrant CS","2022","Declared non-disabled","Other ethnicity","London","Bexley and Greenwich","[c]","[c]","[c]","[c]"
"New entrant CS","2022","Declared non-disabled","Other ethnicity","London","Brent","[c]","[c]","[c]","[c]"
"New entrant CS","2022","Declared non-disabled","Other ethnicity","London","Bromley","[c]","[c]","[c]","[c]"
"New entrant CS","2022","Declared non-disabled","Other ethnicity","London","Camden and City of London","5","[c]","[c]","[c]"
"New entrant CS","2022","Declared non-disabled","Other ethnicity","London","Croydon","5","[c]","[c]","[c]"
"New entrant CS","2022","Declared non-disabled","Other ethnicity","London","Ealing","[c]","[c]","[c]","[c]"
"New entrant CS","2022","Declared non-disabled","Other ethnicity","London","Enfield","[c]","[c]","[c]","[c]"
"New entrant CS","2022","Declared non-disabled","Other ethnicity","London","Hackney and Newham","5","[c]","[c]","[c]"
"New entrant CS","2022","Declared non-disabled","Other ethnicity","London","Haringey and Islington","5","[c]","[c]","[c]"
"New entrant CS","2022","Declared non-disabled","Other ethnicity","London","Harrow and Hillingdon","[c]","[c]","[c]","[c]"
"New entrant CS","2022","Declared non-disabled","Other ethnicity","London","Hounslow and Richmond upon Thames","10","[c]","[c]","[c]"
"New entrant CS","2022","Declared non-disabled","Other ethnicity","London","Kensington & Chelsea and Hammersmith & Fulham","5","[c]","[c]","[c]"
"New entrant CS","2022","Declared non-disabled","Other ethnicity","London","Lambeth","10","[c]","[c]","[c]"
"New entrant CS","2022","Declared non-disabled","Other ethnicity","London","Lewisham and Southwark","[c]","[c]","[c]","[c]"
"New entrant CS","2022","Declared non-disabled","Other ethnicity","London","Merton, Kingston upon Thames and Sutton","[c]","[c]","[c]","[c]"
"New entrant CS","2022","Declared non-disabled","Other ethnicity","London","Redbridge and Waltham Forest","[c]","[c]","[c]","[c]"
"New entrant CS","2022","Declared non-disabled","Other ethnicity","London","Tower Hamlets","5","[c]","[c]","[c]"
"New entrant CS","2022","Declared non-disabled","Other ethnicity","London","Wandsworth","5","[c]","[c]","[c]"
"New entrant CS","2022","Declared non-disabled","Other ethnicity","London","Westminster","50","[c]","37290","34630"
"New entrant CS","2022","Declared non-disabled","Other ethnicity","North East (England)","Darlington","[c]","[c]","[c]","[c]"
"New entrant CS","2022","Declared non-disabled","Other ethnicity","North East (England)","Durham","[c]","[c]","[c]","[c]"
"New entrant CS","2022","Declared non-disabled","Other ethnicity","North East (England)","Hartlepool and Stockton-on-Tees","[c]","[c]","[c]","[c]"
"New entrant CS","2022","Declared non-disabled","Other ethnicity","North East (England)","Northumberland","[c]","[c]","[c]","[c]"
"New entrant CS","2022","Declared non-disabled","Other ethnicity","North East (England)","South Teesside","[c]","[c]","[c]","[c]"
"New entrant CS","2022","Declared non-disabled","Other ethnicity","North East (England)","Sunderland","[c]","[c]","[c]","[c]"
"New entrant CS","2022","Declared non-disabled","Other ethnicity","North East (England)","Tyneside","5","[c]","[c]","[c]"
"New entrant CS","2022","Declared non-disabled","Other ethnicity","North West (England)","Blackburn with Darwen","[c]","[c]","[c]","[c]"
"New entrant CS","2022","Declared non-disabled","Other ethnicity","North West (England)","Blackpool","[c]","[c]","[c]","[c]"
"New entrant CS","2022","Declared non-disabled","Other ethnicity","North West (England)","Cheshire East","[c]","[c]","[c]","[c]"
"New entrant CS","2022","Declared non-disabled","Other ethnicity","North West (England)","Cheshire West and Chester","[c]","[c]","[c]","[c]"
"New entrant CS","2022","Declared non-disabled","Other ethnicity","North West (England)","Chorley and West Lancashire","[c]","[c]","[c]","[c]"
"New entrant CS","2022","Declared non-disabled","Other ethnicity","North West (England)","East Cumbria","[c]","[c]","[c]","[c]"
"New entrant CS","2022","Declared non-disabled","Other ethnicity","North West (England)","East Lancashire","[c]","[c]","[c]","[c]"
"New entrant CS","2022","Declared non-disabled","Other ethnicity","North West (England)","East Merseyside","[c]","[c]","[c]","[c]"
"New entrant CS","2022","Declared non-disabled","Other ethnicity","North West (England)","Greater Manchester North East","[c]","[c]","[c]","[c]"
"New entrant CS","2022","Declared non-disabled","Other ethnicity","North West (England)","Greater Manchester North West","[c]","[c]","[c]","[c]"
"New entrant CS","2022","Declared non-disabled","Other ethnicity","North West (England)","Greater Manchester South East","[c]","[c]","[c]","[c]"
"New entrant CS","2022","Declared non-disabled","Other ethnicity","North West (England)","Greater Manchester South West","5","[c]","[c]","[c]"
"New entrant CS","2022","Declared non-disabled","Other ethnicity","North West (England)","Lancaster and Wyre","[c]","[c]","[c]","[c]"
"New entrant CS","2022","Declared non-disabled","Other ethnicity","North West (England)","Liverpool","[c]","[c]","[c]","[c]"
"New entrant CS","2022","Declared non-disabled","Other ethnicity","North West (England)","Manchester","10","[c]","[c]","[c]"
"New entrant CS","2022","Declared non-disabled","Other ethnicity","North West (England)","Mid Lancashire","[c]","[c]","[c]","[c]"
"New entrant CS","2022","Declared non-disabled","Other ethnicity","North West (England)","Sefton","[c]","[c]","[c]","[c]"
"New entrant CS","2022","Declared non-disabled","Other ethnicity","North West (England)","Warrington","[c]","[c]","[c]","[c]"
"New entrant CS","2022","Declared non-disabled","Other ethnicity","North West (England)","West Cumbria","[c]","[c]","[c]","[c]"
"New entrant CS","2022","Declared non-disabled","Other ethnicity","North West (England)","Wirral","[c]","[c]","[c]","[c]"
"New entrant CS","2022","Declared non-disabled","Other ethnicity","Northern Ireland","Antrim and Newtownabbey","[c]","[c]","[c]","[c]"
"New entrant CS","2022","Declared non-disabled","Other ethnicity","Northern Ireland","Ards and North Down","[c]","[c]","[c]","[c]"
"New entrant CS","2022","Declared non-disabled","Other ethnicity","Northern Ireland","Armagh City, Banbridge and Craigavon","[c]","[c]","[c]","[c]"
"New entrant CS","2022","Declared non-disabled","Other ethnicity","Northern Ireland","Belfast","[c]","[c]","[c]","[c]"
"New entrant CS","2022","Declared non-disabled","Other ethnicity","Northern Ireland","Causeway Coast and Glens","[c]","[c]","[c]","[c]"
"New entrant CS","2022","Declared non-disabled","Other ethnicity","Northern Ireland","Derry City and Strabane","[c]","[c]","[c]","[c]"
"New entrant CS","2022","Declared non-disabled","Other ethnicity","Northern Ireland","Fermanagh and Omagh","[c]","[c]","[c]","[c]"
"New entrant CS","2022","Declared non-disabled","Other ethnicity","Northern Ireland","Lisburn and Castlereagh","[c]","[c]","[c]","[c]"
"New entrant CS","2022","Declared non-disabled","Other ethnicity","Northern Ireland","Mid and East Antrim","[c]","[c]","[c]","[c]"
"New entrant CS","2022","Declared non-disabled","Other ethnicity","Northern Ireland","Mid Ulster","[c]","[c]","[c]","[c]"
"New entrant CS","2022","Declared non-disabled","Other ethnicity","Northern Ireland","Newry, Mourne and Down","[c]","[c]","[c]","[c]"
"New entrant CS","2022","Declared non-disabled","Other ethnicity","Overseas","Overseas","[c]","[c]","[c]","[c]"
"New entrant CS","2022","Declared non-disabled","Other ethnicity","Scotland","Aberdeen City and Aberdeenshire","[c]","[c]","[c]","[c]"
"New entrant CS","2022","Declared non-disabled","Other ethnicity","Scotland","Angus and Dundee City","[c]","[c]","[c]","[c]"
"New entrant CS","2022","Declared non-disabled","Other ethnicity","Scotland","Caithness and Sutherland, and Ross and Cromarty","[c]","[c]","[c]","[c]"
"New entrant CS","2022","Declared non-disabled","Other ethnicity","Scotland","City of Edinburgh","5","[c]","[c]","[c]"
"New entrant CS","2022","Declared non-disabled","Other ethnicity","Scotland","Clackmannanshire and Fife","[c]","[c]","[c]","[c]"
"New entrant CS","2022","Declared non-disabled","Other ethnicity","Scotland","Dumfries and Galloway","[c]","[c]","[c]","[c]"
"New entrant CS","2022","Declared non-disabled","Other ethnicity","Scotland","East Ayrshire and North Ayrshire mainland","[c]","[c]","[c]","[c]"
"New entrant CS","2022","Declared non-disabled","Other ethnicity","Scotland","East Dunbartonshire, West Dunbartonshire, and Helensburgh and Lomond","[c]","[c]","[c]","[c]"
"New entrant CS","2022","Declared non-disabled","Other ethnicity","Scotland","East Lothian and Midlothian","[c]","[c]","[c]","[c]"
"New entrant CS","2022","Declared non-disabled","Other ethnicity","Scotland","Falkirk","[c]","[c]","[c]","[c]"
"New entrant CS","2022","Declared non-disabled","Other ethnicity","Scotland","Glasgow City","10","[c]","[c]","[c]"
"New entrant CS","2022","Declared non-disabled","Other ethnicity","Scotland","Inverclyde, East Renfrewshire, and Renfrewshire","[c]","[c]","[c]","[c]"
"New entrant CS","2022","Declared non-disabled","Other ethnicity","Scotland","Inverness and Nairn, Moray, and Badenoch and Strathspey","[c]","[c]","[c]","[c]"
"New entrant CS","2022","Declared non-disabled","Other ethnicity","Scotland","Lochaber, Skye and Lochalsh, Arran and Cumbrae, and Argyll and Bute","[c]","[c]","[c]","[c]"
"New entrant CS","2022","Declared non-disabled","Other ethnicity","Scotland","Na h-Eileanan Siar","[c]","[c]","[c]","[c]"
"New entrant CS","2022","Declared non-disabled","Other ethnicity","Scotland","North Lanarkshire","[c]","[c]","[c]","[c]"
"New entrant CS","2022","Declared non-disabled","Other ethnicity","Scotland","Orkney Islands","[c]","[c]","[c]","[c]"
"New entrant CS","2022","Declared non-disabled","Other ethnicity","Scotland","Perth and Kinross, and Stirling","[c]","[c]","[c]","[c]"
"New entrant CS","2022","Declared non-disabled","Other ethnicity","Scotland","Scottish Borders","[c]","[c]","[c]","[c]"
"New entrant CS","2022","Declared non-disabled","Other ethnicity","Scotland","Shetland Islands","[c]","[c]","[c]","[c]"
"New entrant CS","2022","Declared non-disabled","Other ethnicity","Scotland","South Ayrshire","[c]","[c]","[c]","[c]"
"New entrant CS","2022","Declared non-disabled","Other ethnicity","Scotland","South Lanarkshire","[c]","[c]","[c]","[c]"
"New entrant CS","2022","Declared non-disabled","Other ethnicity","Scotland","West Lothian","[c]","[c]","[c]","[c]"
"New entrant CS","2022","Declared non-disabled","Other ethnicity","South East (England)","Berkshire","[c]","[c]","[c]","[c]"
"New entrant CS","2022","Declared non-disabled","Other ethnicity","South East (England)","Brighton and Hove","[c]","[c]","[c]","[c]"
"New entrant CS","2022","Declared non-disabled","Other ethnicity","South East (England)","Buckinghamshire","[c]","[c]","[c]","[c]"
"New entrant CS","2022","Declared non-disabled","Other ethnicity","South East (England)","Central Hampshire","[c]","[c]","[c]","[c]"
"New entrant CS","2022","Declared non-disabled","Other ethnicity","South East (England)","East Kent","[c]","[c]","[c]","[c]"
"New entrant CS","2022","Declared non-disabled","Other ethnicity","South East (England)","East Surrey","[c]","[c]","[c]","[c]"
"New entrant CS","2022","Declared non-disabled","Other ethnicity","South East (England)","East Sussex CC","[c]","[c]","[c]","[c]"
"New entrant CS","2022","Declared non-disabled","Other ethnicity","South East (England)","Isle of Wight","[c]","[c]","[c]","[c]"
"New entrant CS","2022","Declared non-disabled","Other ethnicity","South East (England)","Kent Thames Gateway","[c]","[c]","[c]","[c]"
"New entrant CS","2022","Declared non-disabled","Other ethnicity","South East (England)","Medway","[c]","[c]","[c]","[c]"
"New entrant CS","2022","Declared non-disabled","Other ethnicity","South East (England)","Mid Kent","[c]","[c]","[c]","[c]"
"New entrant CS","2022","Declared non-disabled","Other ethnicity","South East (England)","Milton Keynes","[c]","[c]","[c]","[c]"
"New entrant CS","2022","Declared non-disabled","Other ethnicity","South East (England)","North Hampshire","[c]","[c]","[c]","[c]"
"New entrant CS","2022","Declared non-disabled","Other ethnicity","South East (England)","Oxfordshire CC","[c]","[c]","[c]","[c]"
"New entrant CS","2022","Declared non-disabled","Other ethnicity","South East (England)","Portsmouth","[c]","[c]","[c]","[c]"
"New entrant CS","2022","Declared non-disabled","Other ethnicity","South East (England)","South Hampshire","[c]","[c]","[c]","[c]"
"New entrant CS","2022","Declared non-disabled","Other ethnicity","South East (England)","Southampton","5","[c]","[c]","[c]"
"New entrant CS","2022","Declared non-disabled","Other ethnicity","South East (England)","West Kent","[c]","[c]","[c]","[c]"
"New entrant CS","2022","Declared non-disabled","Other ethnicity","South East (England)","West Surrey","[c]","[c]","[c]","[c]"
"New entrant CS","2022","Declared non-disabled","Other ethnicity","South East (England)","West Sussex (North East)","[c]","[c]","[c]","[c]"
"New entrant CS","2022","Declared non-disabled","Other ethnicity","South East (England)","West Sussex (South West)","[c]","[c]","[c]","[c]"
"New entrant CS","2022","Declared non-disabled","Other ethnicity","South West (England)","Bath and North East Somerset, North Somerset and South Gloucestershire","5","[c]","[c]","[c]"
"New entrant CS","2022","Declared non-disabled","Other ethnicity","South West (England)","Bournemouth, Christchurch and Poole","[c]","[c]","[c]","[c]"
"New entrant CS","2022","Declared non-disabled","Other ethnicity","South West (England)","Bristol, City of","[c]","[c]","[c]","[c]"
"New entrant CS","2022","Declared non-disabled","Other ethnicity","South West (England)","Cornwall and Isles of Scilly","[c]","[c]","[c]","[c]"
"New entrant CS","2022","Declared non-disabled","Other ethnicity","South West (England)","Devon CC","5","[c]","[c]","[c]"
"New entrant CS","2022","Declared non-disabled","Other ethnicity","South West (England)","Dorset","[c]","[c]","[c]","[c]"
"New entrant CS","2022","Declared non-disabled","Other ethnicity","South West (England)","Gloucestershire CC","[c]","[c]","[c]","[c]"
"New entrant CS","2022","Declared non-disabled","Other ethnicity","South West (England)","Plymouth","[c]","[c]","[c]","[c]"
"New entrant CS","2022","Declared non-disabled","Other ethnicity","South West (England)","Somerset CC","[c]","[c]","[c]","[c]"
"New entrant CS","2022","Declared non-disabled","Other ethnicity","South West (England)","Swindon","[c]","[c]","[c]","[c]"
"New entrant CS","2022","Declared non-disabled","Other ethnicity","South West (England)","Torbay","[c]","[c]","[c]","[c]"
"New entrant CS","2022","Declared non-disabled","Other ethnicity","South West (England)","Wiltshire","[c]","[c]","[c]","[c]"
"New entrant CS","2022","Declared non-disabled","Other ethnicity","Unknown","Unknown","[c]","[c]","[c]","[c]"
"New entrant CS","2022","Declared non-disabled","Other ethnicity","Wales","Bridgend and Neath Port Talbot","[c]","[c]","[c]","[c]"
"New entrant CS","2022","Declared non-disabled","Other ethnicity","Wales","Cardiff and Vale of Glamorgan","5","[c]","[c]","[c]"
"New entrant CS","2022","Declared non-disabled","Other ethnicity","Wales","Central Valleys","[c]","[c]","[c]","[c]"
"New entrant CS","2022","Declared non-disabled","Other ethnicity","Wales","Conwy and Denbighshire","[c]","[c]","[c]","[c]"
"New entrant CS","2022","Declared non-disabled","Other ethnicity","Wales","Flintshire and Wrexham","[c]","[c]","[c]","[c]"
"New entrant CS","2022","Declared non-disabled","Other ethnicity","Wales","Gwent Valleys","[c]","[c]","[c]","[c]"
"New entrant CS","2022","Declared non-disabled","Other ethnicity","Wales","Gwynedd","[c]","[c]","[c]","[c]"
"New entrant CS","2022","Declared non-disabled","Other ethnicity","Wales","Isle of Anglesey","[c]","[c]","[c]","[c]"
"New entrant CS","2022","Declared non-disabled","Other ethnicity","Wales","Monmouthshire and Newport","[c]","[c]","[c]","[c]"
"New entrant CS","2022","Declared non-disabled","Other ethnicity","Wales","Powys","[c]","[c]","[c]","[c]"
"New entrant CS","2022","Declared non-disabled","Other ethnicity","Wales","South West Wales","[c]","[c]","[c]","[c]"
"New entrant CS","2022","Declared non-disabled","Other ethnicity","Wales","Swansea","[c]","[c]","[c]","[c]"
"New entrant CS","2022","Declared non-disabled","Other ethnicity","West Midlands (England)","Birmingham","20","[c]","[c]","[c]"
"New entrant CS","2022","Declared non-disabled","Other ethnicity","West Midlands (England)","Coventry","5","[c]","[c]","[c]"
"New entrant CS","2022","Declared non-disabled","Other ethnicity","West Midlands (England)","Dudley","[c]","[c]","[c]","[c]"
"New entrant CS","2022","Declared non-disabled","Other ethnicity","West Midlands (England)","Herefordshire, County of","[c]","[c]","[c]","[c]"
"New entrant CS","2022","Declared non-disabled","Other ethnicity","West Midlands (England)","Sandwell","[c]","[c]","[c]","[c]"
"New entrant CS","2022","Declared non-disabled","Other ethnicity","West Midlands (England)","Shropshire","[c]","[c]","[c]","[c]"
"New entrant CS","2022","Declared non-disabled","Other ethnicity","West Midlands (England)","Solihull","[c]","[c]","[c]","[c]"
"New entrant CS","2022","Declared non-disabled","Other ethnicity","West Midlands (England)","Staffordshire CC","[c]","[c]","[c]","[c]"
"New entrant CS","2022","Declared non-disabled","Other ethnicity","West Midlands (England)","Stoke-on-Trent","[c]","[c]","[c]","[c]"
"New entrant CS","2022","Declared non-disabled","Other ethnicity","West Midlands (England)","Telford and Wrekin","[c]","[c]","[c]","[c]"
"New entrant CS","2022","Declared non-disabled","Other ethnicity","West Midlands (England)","Walsall","[c]","[c]","[c]","[c]"
"New entrant CS","2022","Declared non-disabled","Other ethnicity","West Midlands (England)","Warwickshire CC","[c]","[c]","[c]","[c]"
"New entrant CS","2022","Declared non-disabled","Other ethnicity","West Midlands (England)","Wolverhampton","[c]","[c]","[c]","[c]"
"New entrant CS","2022","Declared non-disabled","Other ethnicity","West Midlands (England)","Worcestershire CC","[c]","[c]","[c]","[c]"
"New entrant CS","2022","Declared non-disabled","Other ethnicity","Yorkshire and The Humber","Barnsley, Doncaster and Rotherham","[c]","[c]","[c]","[c]"
"New entrant CS","2022","Declared non-disabled","Other ethnicity","Yorkshire and The Humber","Bradford","[c]","[c]","[c]","[c]"
"New entrant CS","2022","Declared non-disabled","Other ethnicity","Yorkshire and The Humber","Calderdale and Kirklees","[c]","[c]","[c]","[c]"
"New entrant CS","2022","Declared non-disabled","Other ethnicity","Yorkshire and The Humber","East Riding of Yorkshire","[c]","[c]","[c]","[c]"
"New entrant CS","2022","Declared non-disabled","Other ethnicity","Yorkshire and The Humber","Kingston upon Hull, City of","[c]","[c]","[c]","[c]"
"New entrant CS","2022","Declared non-disabled","Other ethnicity","Yorkshire and The Humber","Leeds","10","[c]","[c]","[c]"
"New entrant CS","2022","Declared non-disabled","Other ethnicity","Yorkshire and The Humber","North and North East Lincolnshire","[c]","[c]","[c]","[c]"
"New entrant CS","2022","Declared non-disabled","Other ethnicity","Yorkshire and The Humber","North Yorkshire CC","[c]","[c]","[c]","[c]"
"New entrant CS","2022","Declared non-disabled","Other ethnicity","Yorkshire and The Humber","Sheffield","[c]","[c]","[c]","[c]"
"New entrant CS","2022","Declared non-disabled","Other ethnicity","Yorkshire and The Humber","Wakefield","[c]","[c]","[c]","[c]"
"New entrant CS","2022","Declared non-disabled","Other ethnicity","Yorkshire and The Humber","York","[c]","[c]","[c]","[c]"
"New entrant CS","2022","Declared non-disabled","Undeclared","East Midlands (England)","Derby","[c]","[c]","[c]","[c]"
"New entrant CS","2022","Declared non-disabled","Undeclared","East Midlands (England)","East Derbyshire","[c]","[c]","[c]","[c]"
"New entrant CS","2022","Declared non-disabled","Undeclared","East Midlands (England)","Leicester","[c]","[c]","[c]","[c]"
"New entrant CS","2022","Declared non-disabled","Undeclared","East Midlands (England)","Leicestershire CC and Rutland","5","[c]","[c]","[c]"
"New entrant CS","2022","Declared non-disabled","Undeclared","East Midlands (England)","Lincolnshire CC","[c]","[c]","[c]","[c]"
"New entrant CS","2022","Declared non-disabled","Undeclared","East Midlands (England)","North Northamptonshire","[c]","[c]","[c]","[c]"
"New entrant CS","2022","Declared non-disabled","Undeclared","East Midlands (England)","North Nottinghamshire","[c]","[c]","[c]","[c]"
"New entrant CS","2022","Declared non-disabled","Undeclared","East Midlands (England)","Nottingham","5","[c]","[c]","[c]"
"New entrant CS","2022","Declared non-disabled","Undeclared","East Midlands (England)","South and West Derbyshire","[c]","[c]","[c]","[c]"
"New entrant CS","2022","Declared non-disabled","Undeclared","East Midlands (England)","South Nottinghamshire","[c]","[c]","[c]","[c]"
"New entrant CS","2022","Declared non-disabled","Undeclared","East Midlands (England)","West Northamptonshire","[c]","[c]","[c]","[c]"
"New entrant CS","2022","Declared non-disabled","Undeclared","East of England","Bedford","[c]","[c]","[c]","[c]"
"New entrant CS","2022","Declared non-disabled","Undeclared","East of England","Breckland and South Norfolk","[c]","[c]","[c]","[c]"
"New entrant CS","2022","Declared non-disabled","Undeclared","East of England","Cambridgeshire CC","5","[c]","[c]","[c]"
"New entrant CS","2022","Declared non-disabled","Undeclared","East of England","Central Bedfordshire","[c]","[c]","[c]","[c]"
"New entrant CS","2022","Declared non-disabled","Undeclared","East of England","Essex Haven Gateway","[c]","[c]","[c]","[c]"
"New entrant CS","2022","Declared non-disabled","Undeclared","East of England","Essex Thames Gateway","[c]","[c]","[c]","[c]"
"New entrant CS","2022","Declared non-disabled","Undeclared","East of England","Heart of Essex","[c]","[c]","[c]","[c]"
"New entrant CS","2022","Declared non-disabled","Undeclared","East of England","Hertfordshire CC","[c]","[c]","[c]","[c]"
"New entrant CS","2022","Declared non-disabled","Undeclared","East of England","Luton","[c]","[c]","[c]","[c]"
"New entrant CS","2022","Declared non-disabled","Undeclared","East of England","North and West Norfolk","[c]","[c]","[c]","[c]"
"New entrant CS","2022","Declared non-disabled","Undeclared","East of England","Norwich and East Norfolk","[c]","[c]","[c]","[c]"
"New entrant CS","2022","Declared non-disabled","Undeclared","East of England","Peterborough","[c]","[c]","[c]","[c]"
"New entrant CS","2022","Declared non-disabled","Undeclared","East of England","Southend-on-Sea","[c]","[c]","[c]","[c]"
"New entrant CS","2022","Declared non-disabled","Undeclared","East of England","Suffolk CC","5","[c]","[c]","[c]"
"New entrant CS","2022","Declared non-disabled","Undeclared","East of England","Thurrock","[c]","[c]","[c]","[c]"
"New entrant CS","2022","Declared non-disabled","Undeclared","East of England","West Essex","[c]","[c]","[c]","[c]"
"New entrant CS","2022","Declared non-disabled","Undeclared","London","Barking & Dagenham and Havering","[c]","[c]","[c]","[c]"
"New entrant CS","2022","Declared non-disabled","Undeclared","London","Barnet","5","[c]","[c]","[c]"
"New entrant CS","2022","Declared non-disabled","Undeclared","London","Bexley and Greenwich","[c]","[c]","[c]","[c]"
"New entrant CS","2022","Declared non-disabled","Undeclared","London","Brent","[c]","[c]","[c]","[c]"
"New entrant CS","2022","Declared non-disabled","Undeclared","London","Bromley","[c]","[c]","[c]","[c]"
"New entrant CS","2022","Declared non-disabled","Undeclared","London","Camden and City of London","[c]","[c]","[c]","[c]"
"New entrant CS","2022","Declared non-disabled","Undeclared","London","Croydon","[c]","[c]","[c]","[c]"
"New entrant CS","2022","Declared non-disabled","Undeclared","London","Ealing","[c]","[c]","[c]","[c]"
"New entrant CS","2022","Declared non-disabled","Undeclared","London","Enfield","[c]","[c]","[c]","[c]"
"New entrant CS","2022","Declared non-disabled","Undeclared","London","Hackney and Newham","[c]","[c]","[c]","[c]"
"New entrant CS","2022","Declared non-disabled","Undeclared","London","Haringey and Islington","[c]","[c]","[c]","[c]"
"New entrant CS","2022","Declared non-disabled","Undeclared","London","Harrow and Hillingdon","[c]","[c]","[c]","[c]"
"New entrant CS","2022","Declared non-disabled","Undeclared","London","Hounslow and Richmond upon Thames","[c]","[c]","[c]","[c]"
"New entrant CS","2022","Declared non-disabled","Undeclared","London","Kensington & Chelsea and Hammersmith & Fulham","[c]","[c]","[c]","[c]"
"New entrant CS","2022","Declared non-disabled","Undeclared","London","Lambeth","10","[c]","[c]","[c]"
"New entrant CS","2022","Declared non-disabled","Undeclared","London","Lewisham and Southwark","[c]","[c]","[c]","[c]"
"New entrant CS","2022","Declared non-disabled","Undeclared","London","Merton, Kingston upon Thames and Sutton","[c]","[c]","[c]","[c]"
"New entrant CS","2022","Declared non-disabled","Undeclared","London","Redbridge and Waltham Forest","[c]","[c]","[c]","[c]"
"New entrant CS","2022","Declared non-disabled","Undeclared","London","Tower Hamlets","5","[c]","[c]","[c]"
"New entrant CS","2022","Declared non-disabled","Undeclared","London","Wandsworth","[c]","[c]","[c]","[c]"
"New entrant CS","2022","Declared non-disabled","Undeclared","London","Westminster","35","[c]","38430","34410"
"New entrant CS","2022","Declared non-disabled","Undeclared","North East (England)","Darlington","[c]","[c]","[c]","[c]"
"New entrant CS","2022","Declared non-disabled","Undeclared","North East (England)","Durham","[c]","[c]","[c]","[c]"
"New entrant CS","2022","Declared non-disabled","Undeclared","North East (England)","Hartlepool and Stockton-on-Tees","[c]","[c]","[c]","[c]"
"New entrant CS","2022","Declared non-disabled","Undeclared","North East (England)","Northumberland","[c]","[c]","[c]","[c]"
"New entrant CS","2022","Declared non-disabled","Undeclared","North East (England)","South Teesside","[c]","[c]","[c]","[c]"
"New entrant CS","2022","Declared non-disabled","Undeclared","North East (England)","Sunderland","[c]","[c]","[c]","[c]"
"New entrant CS","2022","Declared non-disabled","Undeclared","North East (England)","Tyneside","10","[c]","[c]","[c]"
"New entrant CS","2022","Declared non-disabled","Undeclared","North West (England)","Blackburn with Darwen","[c]","[c]","[c]","[c]"
"New entrant CS","2022","Declared non-disabled","Undeclared","North West (England)","Blackpool","5","[c]","[c]","[c]"
"New entrant CS","2022","Declared non-disabled","Undeclared","North West (England)","Cheshire East","[c]","[c]","[c]","[c]"
"New entrant CS","2022","Declared non-disabled","Undeclared","North West (England)","Cheshire West and Chester","[c]","[c]","[c]","[c]"
"New entrant CS","2022","Declared non-disabled","Undeclared","North West (England)","Chorley and West Lancashire","[c]","[c]","[c]","[c]"
"New entrant CS","2022","Declared non-disabled","Undeclared","North West (England)","East Cumbria","[c]","[c]","[c]","[c]"
"New entrant CS","2022","Declared non-disabled","Undeclared","North West (England)","East Lancashire","[c]","[c]","[c]","[c]"
"New entrant CS","2022","Declared non-disabled","Undeclared","North West (England)","East Merseyside","[c]","[c]","[c]","[c]"
"New entrant CS","2022","Declared non-disabled","Undeclared","North West (England)","Greater Manchester North East","[c]","[c]","[c]","[c]"
"New entrant CS","2022","Declared non-disabled","Undeclared","North West (England)","Greater Manchester North West","[c]","[c]","[c]","[c]"
"New entrant CS","2022","Declared non-disabled","Undeclared","North West (England)","Greater Manchester South East","[c]","[c]","[c]","[c]"
"New entrant CS","2022","Declared non-disabled","Undeclared","North West (England)","Greater Manchester South West","[c]","[c]","[c]","[c]"
"New entrant CS","2022","Declared non-disabled","Undeclared","North West (England)","Lancaster and Wyre","[c]","[c]","[c]","[c]"
"New entrant CS","2022","Declared non-disabled","Undeclared","North West (England)","Liverpool","[c]","[c]","[c]","[c]"
"New entrant CS","2022","Declared non-disabled","Undeclared","North West (England)","Manchester","10","[c]","[c]","[c]"
"New entrant CS","2022","Declared non-disabled","Undeclared","North West (England)","Mid Lancashire","[c]","[c]","[c]","[c]"
"New entrant CS","2022","Declared non-disabled","Undeclared","North West (England)","Sefton","[c]","[c]","[c]","[c]"
"New entrant CS","2022","Declared non-disabled","Undeclared","North West (England)","Warrington","[c]","[c]","[c]","[c]"
"New entrant CS","2022","Declared non-disabled","Undeclared","North West (England)","West Cumbria","[c]","[c]","[c]","[c]"
"New entrant CS","2022","Declared non-disabled","Undeclared","North West (England)","Wirral","5","[c]","[c]","[c]"
"New entrant CS","2022","Declared non-disabled","Undeclared","Northern Ireland","Antrim and Newtownabbey","[c]","[c]","[c]","[c]"
"New entrant CS","2022","Declared non-disabled","Undeclared","Northern Ireland","Ards and North Down","[c]","[c]","[c]","[c]"
"New entrant CS","2022","Declared non-disabled","Undeclared","Northern Ireland","Armagh City, Banbridge and Craigavon","[c]","[c]","[c]","[c]"
"New entrant CS","2022","Declared non-disabled","Undeclared","Northern Ireland","Belfast","[c]","[c]","[c]","[c]"
"New entrant CS","2022","Declared non-disabled","Undeclared","Northern Ireland","Causeway Coast and Glens","[c]","[c]","[c]","[c]"
"New entrant CS","2022","Declared non-disabled","Undeclared","Northern Ireland","Derry City and Strabane","[c]","[c]","[c]","[c]"
"New entrant CS","2022","Declared non-disabled","Undeclared","Northern Ireland","Fermanagh and Omagh","[c]","[c]","[c]","[c]"
"New entrant CS","2022","Declared non-disabled","Undeclared","Northern Ireland","Lisburn and Castlereagh","[c]","[c]","[c]","[c]"
"New entrant CS","2022","Declared non-disabled","Undeclared","Northern Ireland","Mid and East Antrim","[c]","[c]","[c]","[c]"
"New entrant CS","2022","Declared non-disabled","Undeclared","Northern Ireland","Mid Ulster","[c]","[c]","[c]","[c]"
"New entrant CS","2022","Declared non-disabled","Undeclared","Northern Ireland","Newry, Mourne and Down","[c]","[c]","[c]","[c]"
"New entrant CS","2022","Declared non-disabled","Undeclared","Overseas","Overseas","[c]","[c]","[c]","[c]"
"New entrant CS","2022","Declared non-disabled","Undeclared","Scotland","Aberdeen City and Aberdeenshire","[c]","[c]","[c]","[c]"
"New entrant CS","2022","Declared non-disabled","Undeclared","Scotland","Angus and Dundee City","[c]","[c]","[c]","[c]"
"New entrant CS","2022","Declared non-disabled","Undeclared","Scotland","Caithness and Sutherland, and Ross and Cromarty","[c]","[c]","[c]","[c]"
"New entrant CS","2022","Declared non-disabled","Undeclared","Scotland","City of Edinburgh","5","[c]","[c]","[c]"
"New entrant CS","2022","Declared non-disabled","Undeclared","Scotland","Clackmannanshire and Fife","[c]","[c]","[c]","[c]"
"New entrant CS","2022","Declared non-disabled","Undeclared","Scotland","Dumfries and Galloway","[c]","[c]","[c]","[c]"
"New entrant CS","2022","Declared non-disabled","Undeclared","Scotland","East Ayrshire and North Ayrshire mainland","[c]","[c]","[c]","[c]"
"New entrant CS","2022","Declared non-disabled","Undeclared","Scotland","East Dunbartonshire, West Dunbartonshire, and Helensburgh and Lomond","[c]","[c]","[c]","[c]"
"New entrant CS","2022","Declared non-disabled","Undeclared","Scotland","East Lothian and Midlothian","[c]","[c]","[c]","[c]"
"New entrant CS","2022","Declared non-disabled","Undeclared","Scotland","Falkirk","[c]","[c]","[c]","[c]"
"New entrant CS","2022","Declared non-disabled","Undeclared","Scotland","Glasgow City","15","[c]","[c]","[c]"
"New entrant CS","2022","Declared non-disabled","Undeclared","Scotland","Inverclyde, East Renfrewshire, and Renfrewshire","[c]","[c]","[c]","[c]"
"New entrant CS","2022","Declared non-disabled","Undeclared","Scotland","Inverness and Nairn, Moray, and Badenoch and Strathspey","[c]","[c]","[c]","[c]"
"New entrant CS","2022","Declared non-disabled","Undeclared","Scotland","Lochaber, Skye and Lochalsh, Arran and Cumbrae, and Argyll and Bute","[c]","[c]","[c]","[c]"
"New entrant CS","2022","Declared non-disabled","Undeclared","Scotland","Na h-Eileanan Siar","[c]","[c]","[c]","[c]"
"New entrant CS","2022","Declared non-disabled","Undeclared","Scotland","North Lanarkshire","[c]","[c]","[c]","[c]"
"New entrant CS","2022","Declared non-disabled","Undeclared","Scotland","Orkney Islands","[c]","[c]","[c]","[c]"
"New entrant CS","2022","Declared non-disabled","Undeclared","Scotland","Perth and Kinross, and Stirling","[c]","[c]","[c]","[c]"
"New entrant CS","2022","Declared non-disabled","Undeclared","Scotland","Scottish Borders","[c]","[c]","[c]","[c]"
"New entrant CS","2022","Declared non-disabled","Undeclared","Scotland","Shetland Islands","[c]","[c]","[c]","[c]"
"New entrant CS","2022","Declared non-disabled","Undeclared","Scotland","South Ayrshire","[c]","[c]","[c]","[c]"
"New entrant CS","2022","Declared non-disabled","Undeclared","Scotland","South Lanarkshire","[c]","[c]","[c]","[c]"
"New entrant CS","2022","Declared non-disabled","Undeclared","Scotland","West Lothian","[c]","[c]","[c]","[c]"
"New entrant CS","2022","Declared non-disabled","Undeclared","South East (England)","Berkshire","[c]","[c]","[c]","[c]"
"New entrant CS","2022","Declared non-disabled","Undeclared","South East (England)","Brighton and Hove","[c]","[c]","[c]","[c]"
"New entrant CS","2022","Declared non-disabled","Undeclared","South East (England)","Buckinghamshire","[c]","[c]","[c]","[c]"
"New entrant CS","2022","Declared non-disabled","Undeclared","South East (England)","Central Hampshire","[c]","[c]","[c]","[c]"
"New entrant CS","2022","Declared non-disabled","Undeclared","South East (England)","East Kent","[c]","[c]","[c]","[c]"
"New entrant CS","2022","Declared non-disabled","Undeclared","South East (England)","East Surrey","[c]","[c]","[c]","[c]"
"New entrant CS","2022","Declared non-disabled","Undeclared","South East (England)","East Sussex CC","[c]","[c]","[c]","[c]"
"New entrant CS","2022","Declared non-disabled","Undeclared","South East (England)","Isle of Wight","[c]","[c]","[c]","[c]"
"New entrant CS","2022","Declared non-disabled","Undeclared","South East (England)","Kent Thames Gateway","[c]","[c]","[c]","[c]"
"New entrant CS","2022","Declared non-disabled","Undeclared","South East (England)","Medway","[c]","[c]","[c]","[c]"
"New entrant CS","2022","Declared non-disabled","Undeclared","South East (England)","Mid Kent","[c]","[c]","[c]","[c]"
"New entrant CS","2022","Declared non-disabled","Undeclared","South East (England)","Milton Keynes","[c]","[c]","[c]","[c]"
"New entrant CS","2022","Declared non-disabled","Undeclared","South East (England)","North Hampshire","[c]","[c]","[c]","[c]"
"New entrant CS","2022","Declared non-disabled","Undeclared","South East (England)","Oxfordshire CC","[c]","[c]","[c]","[c]"
"New entrant CS","2022","Declared non-disabled","Undeclared","South East (England)","Portsmouth","[c]","[c]","[c]","[c]"
"New entrant CS","2022","Declared non-disabled","Undeclared","South East (England)","South Hampshire","[c]","[c]","[c]","[c]"
"New entrant CS","2022","Declared non-disabled","Undeclared","South East (England)","Southampton","[c]","[c]","[c]","[c]"
"New entrant CS","2022","Declared non-disabled","Undeclared","South East (England)","West Kent","[c]","[c]","[c]","[c]"
"New entrant CS","2022","Declared non-disabled","Undeclared","South East (England)","West Surrey","5","[c]","[c]","[c]"
"New entrant CS","2022","Declared non-disabled","Undeclared","South East (England)","West Sussex (North East)","[c]","[c]","[c]","[c]"
"New entrant CS","2022","Declared non-disabled","Undeclared","South East (England)","West Sussex (South West)","[c]","[c]","[c]","[c]"
"New entrant CS","2022","Declared non-disabled","Undeclared","South West (England)","Bath and North East Somerset, North Somerset and South Gloucestershire","5","[c]","[c]","[c]"
"New entrant CS","2022","Declared non-disabled","Undeclared","South West (England)","Bournemouth, Christchurch and Poole","[c]","[c]","[c]","[c]"
"New entrant CS","2022","Declared non-disabled","Undeclared","South West (England)","Bristol, City of","20","[c]","[c]","[c]"
"New entrant CS","2022","Declared non-disabled","Undeclared","South West (England)","Cornwall and Isles of Scilly","[c]","[c]","[c]","[c]"
"New entrant CS","2022","Declared non-disabled","Undeclared","South West (England)","Devon CC","5","[c]","[c]","[c]"
"New entrant CS","2022","Declared non-disabled","Undeclared","South West (England)","Dorset","[c]","[c]","[c]","[c]"
"New entrant CS","2022","Declared non-disabled","Undeclared","South West (England)","Gloucestershire CC","[c]","[c]","[c]","[c]"
"New entrant CS","2022","Declared non-disabled","Undeclared","South West (England)","Plymouth","[c]","[c]","[c]","[c]"
"New entrant CS","2022","Declared non-disabled","Undeclared","South West (England)","Somerset CC","[c]","[c]","[c]","[c]"
"New entrant CS","2022","Declared non-disabled","Undeclared","South West (England)","Swindon","[c]","[c]","[c]","[c]"
"New entrant CS","2022","Declared non-disabled","Undeclared","South West (England)","Torbay","[c]","[c]","[c]","[c]"
"New entrant CS","2022","Declared non-disabled","Undeclared","South West (England)","Wiltshire","5","[c]","[c]","[c]"
"New entrant CS","2022","Declared non-disabled","Undeclared","Unknown","Unknown","[c]","[c]","[c]","[c]"
"New entrant CS","2022","Declared non-disabled","Undeclared","Wales","Bridgend and Neath Port Talbot","[c]","[c]","[c]","[c]"
"New entrant CS","2022","Declared non-disabled","Undeclared","Wales","Cardiff and Vale of Glamorgan","5","[c]","[c]","[c]"
"New entrant CS","2022","Declared non-disabled","Undeclared","Wales","Central Valleys","[c]","[c]","[c]","[c]"
"New entrant CS","2022","Declared non-disabled","Undeclared","Wales","Conwy and Denbighshire","[c]","[c]","[c]","[c]"
"New entrant CS","2022","Declared non-disabled","Undeclared","Wales","Flintshire and Wrexham","[c]","[c]","[c]","[c]"
"New entrant CS","2022","Declared non-disabled","Undeclared","Wales","Gwent Valleys","[c]","[c]","[c]","[c]"
"New entrant CS","2022","Declared non-disabled","Undeclared","Wales","Gwynedd","[c]","[c]","[c]","[c]"
"New entrant CS","2022","Declared non-disabled","Undeclared","Wales","Isle of Anglesey","[c]","[c]","[c]","[c]"
"New entrant CS","2022","Declared non-disabled","Undeclared","Wales","Monmouthshire and Newport","[c]","[c]","[c]","[c]"
"New entrant CS","2022","Declared non-disabled","Undeclared","Wales","Powys","[c]","[c]","[c]","[c]"
"New entrant CS","2022","Declared non-disabled","Undeclared","Wales","South West Wales","[c]","[c]","[c]","[c]"
"New entrant CS","2022","Declared non-disabled","Undeclared","Wales","Swansea","5","[c]","[c]","[c]"
"New entrant CS","2022","Declared non-disabled","Undeclared","West Midlands (England)","Birmingham","25","[c]","[c]","[c]"
"New entrant CS","2022","Declared non-disabled","Undeclared","West Midlands (England)","Coventry","[c]","[c]","[c]","[c]"
"New entrant CS","2022","Declared non-disabled","Undeclared","West Midlands (England)","Dudley","[c]","[c]","[c]","[c]"
"New entrant CS","2022","Declared non-disabled","Undeclared","West Midlands (England)","Herefordshire, County of","[c]","[c]","[c]","[c]"
"New entrant CS","2022","Declared non-disabled","Undeclared","West Midlands (England)","Sandwell","[c]","[c]","[c]","[c]"
"New entrant CS","2022","Declared non-disabled","Undeclared","West Midlands (England)","Shropshire","[c]","[c]","[c]","[c]"
"New entrant CS","2022","Declared non-disabled","Undeclared","West Midlands (England)","Solihull","[c]","[c]","[c]","[c]"
"New entrant CS","2022","Declared non-disabled","Undeclared","West Midlands (England)","Staffordshire CC","[c]","[c]","[c]","[c]"
"New entrant CS","2022","Declared non-disabled","Undeclared","West Midlands (England)","Stoke-on-Trent","[c]","[c]","[c]","[c]"
"New entrant CS","2022","Declared non-disabled","Undeclared","West Midlands (England)","Telford and Wrekin","[c]","[c]","[c]","[c]"
"New entrant CS","2022","Declared non-disabled","Undeclared","West Midlands (England)","Walsall","[c]","[c]","[c]","[c]"
"New entrant CS","2022","Declared non-disabled","Undeclared","West Midlands (England)","Warwickshire CC","[c]","[c]","[c]","[c]"
"New entrant CS","2022","Declared non-disabled","Undeclared","West Midlands (England)","Wolverhampton","[c]","[c]","[c]","[c]"
"New entrant CS","2022","Declared non-disabled","Undeclared","West Midlands (England)","Worcestershire CC","5","[c]","[c]","[c]"
"New entrant CS","2022","Declared non-disabled","Undeclared","Yorkshire and The Humber","Barnsley, Doncaster and Rotherham","[c]","[c]","[c]","[c]"
"New entrant CS","2022","Declared non-disabled","Undeclared","Yorkshire and The Humber","Bradford","[c]","[c]","[c]","[c]"
"New entrant CS","2022","Declared non-disabled","Undeclared","Yorkshire and The Humber","Calderdale and Kirklees","[c]","[c]","[c]","[c]"
"New entrant CS","2022","Declared non-disabled","Undeclared","Yorkshire and The Humber","East Riding of Yorkshire","[c]","[c]","[c]","[c]"
"New entrant CS","2022","Declared non-disabled","Undeclared","Yorkshire and The Humber","Kingston upon Hull, City of","[c]","[c]","[c]","[c]"
"New entrant CS","2022","Declared non-disabled","Undeclared","Yorkshire and The Humber","Leeds","20","[c]","[c]","[c]"
"New entrant CS","2022","Declared non-disabled","Undeclared","Yorkshire and The Humber","North and North East Lincolnshire","[c]","[c]","[c]","[c]"
"New entrant CS","2022","Declared non-disabled","Undeclared","Yorkshire and The Humber","North Yorkshire CC","[c]","[c]","[c]","[c]"
"New entrant CS","2022","Declared non-disabled","Undeclared","Yorkshire and The Humber","Sheffield","[c]","[c]","[c]","[c]"
"New entrant CS","2022","Declared non-disabled","Undeclared","Yorkshire and The Humber","Wakefield","[c]","[c]","[c]","[c]"
"New entrant CS","2022","Declared non-disabled","Undeclared","Yorkshire and The Humber","York","[c]","[c]","[c]","[c]"
"New entrant CS","2022","Declared non-disabled","Unknown","East Midlands (England)","Derby","[c]","[c]","[c]","[c]"
"New entrant CS","2022","Declared non-disabled","Unknown","East Midlands (England)","East Derbyshire","[c]","[c]","[c]","[c]"
"New entrant CS","2022","Declared non-disabled","Unknown","East Midlands (England)","Leicester","[c]","[c]","[c]","[c]"
"New entrant CS","2022","Declared non-disabled","Unknown","East Midlands (England)","Leicestershire CC and Rutland","[c]","[c]","[c]","[c]"
"New entrant CS","2022","Declared non-disabled","Unknown","East Midlands (England)","Lincolnshire CC","[c]","[c]","[c]","[c]"
"New entrant CS","2022","Declared non-disabled","Unknown","East Midlands (England)","North Northamptonshire","[c]","[c]","[c]","[c]"
"New entrant CS","2022","Declared non-disabled","Unknown","East Midlands (England)","North Nottinghamshire","[c]","[c]","[c]","[c]"
"New entrant CS","2022","Declared non-disabled","Unknown","East Midlands (England)","Nottingham","25","[c]","[c]","[c]"
"New entrant CS","2022","Declared non-disabled","Unknown","East Midlands (England)","South and West Derbyshire","[c]","[c]","[c]","[c]"
"New entrant CS","2022","Declared non-disabled","Unknown","East Midlands (England)","South Nottinghamshire","[c]","[c]","[c]","[c]"
"New entrant CS","2022","Declared non-disabled","Unknown","East Midlands (England)","West Northamptonshire","[c]","[c]","[c]","[c]"
"New entrant CS","2022","Declared non-disabled","Unknown","East of England","Bedford","[c]","[c]","[c]","[c]"
"New entrant CS","2022","Declared non-disabled","Unknown","East of England","Breckland and South Norfolk","[c]","[c]","[c]","[c]"
"New entrant CS","2022","Declared non-disabled","Unknown","East of England","Cambridgeshire CC","15","[c]","[c]","[c]"
"New entrant CS","2022","Declared non-disabled","Unknown","East of England","Central Bedfordshire","[c]","[c]","[c]","[c]"
"New entrant CS","2022","Declared non-disabled","Unknown","East of England","Essex Haven Gateway","[c]","[c]","[c]","[c]"
"New entrant CS","2022","Declared non-disabled","Unknown","East of England","Essex Thames Gateway","[c]","[c]","[c]","[c]"
"New entrant CS","2022","Declared non-disabled","Unknown","East of England","Heart of Essex","[c]","[c]","[c]","[c]"
"New entrant CS","2022","Declared non-disabled","Unknown","East of England","Hertfordshire CC","[c]","[c]","[c]","[c]"
"New entrant CS","2022","Declared non-disabled","Unknown","East of England","Luton","[c]","[c]","[c]","[c]"
"New entrant CS","2022","Declared non-disabled","Unknown","East of England","North and West Norfolk","[c]","[c]","[c]","[c]"
"New entrant CS","2022","Declared non-disabled","Unknown","East of England","Norwich and East Norfolk","[c]","[c]","[c]","[c]"
"New entrant CS","2022","Declared non-disabled","Unknown","East of England","Peterborough","[c]","[c]","[c]","[c]"
"New entrant CS","2022","Declared non-disabled","Unknown","East of England","Southend-on-Sea","[c]","[c]","[c]","[c]"
"New entrant CS","2022","Declared non-disabled","Unknown","East of England","Suffolk CC","5","[c]","[c]","[c]"
"New entrant CS","2022","Declared non-disabled","Unknown","East of England","Thurrock","[c]","[c]","[c]","[c]"
"New entrant CS","2022","Declared non-disabled","Unknown","East of England","West Essex","[c]","[c]","[c]","[c]"
"New entrant CS","2022","Declared non-disabled","Unknown","London","Barking & Dagenham and Havering","[c]","[c]","[c]","[c]"
"New entrant CS","2022","Declared non-disabled","Unknown","London","Barnet","[c]","[c]","[c]","[c]"
"New entrant CS","2022","Declared non-disabled","Unknown","London","Bexley and Greenwich","[c]","[c]","[c]","[c]"
"New entrant CS","2022","Declared non-disabled","Unknown","London","Brent","[c]","[c]","[c]","[c]"
"New entrant CS","2022","Declared non-disabled","Unknown","London","Bromley","[c]","[c]","[c]","[c]"
"New entrant CS","2022","Declared non-disabled","Unknown","London","Camden and City of London","[c]","[c]","[c]","[c]"
"New entrant CS","2022","Declared non-disabled","Unknown","London","Croydon","[c]","[c]","[c]","[c]"
"New entrant CS","2022","Declared non-disabled","Unknown","London","Ealing","[c]","[c]","[c]","[c]"
"New entrant CS","2022","Declared non-disabled","Unknown","London","Enfield","[c]","[c]","[c]","[c]"
"New entrant CS","2022","Declared non-disabled","Unknown","London","Hackney and Newham","[c]","[c]","[c]","[c]"
"New entrant CS","2022","Declared non-disabled","Unknown","London","Haringey and Islington","[c]","[c]","[c]","[c]"
"New entrant CS","2022","Declared non-disabled","Unknown","London","Harrow and Hillingdon","[c]","[c]","[c]","[c]"
"New entrant CS","2022","Declared non-disabled","Unknown","London","Hounslow and Richmond upon Thames","[c]","[c]","[c]","[c]"
"New entrant CS","2022","Declared non-disabled","Unknown","London","Kensington & Chelsea and Hammersmith & Fulham","[c]","[c]","[c]","[c]"
"New entrant CS","2022","Declared non-disabled","Unknown","London","Lambeth","[c]","[c]","[c]","[c]"
"New entrant CS","2022","Declared non-disabled","Unknown","London","Lewisham and Southwark","[c]","[c]","[c]","[c]"
"New entrant CS","2022","Declared non-disabled","Unknown","London","Merton, Kingston upon Thames and Sutton","[c]","[c]","[c]","[c]"
"New entrant CS","2022","Declared non-disabled","Unknown","London","Redbridge and Waltham Forest","[c]","[c]","[c]","[c]"
"New entrant CS","2022","Declared non-disabled","Unknown","London","Tower Hamlets","10","[c]","[c]","[c]"
"New entrant CS","2022","Declared non-disabled","Unknown","London","Wandsworth","[c]","[c]","[c]","[c]"
"New entrant CS","2022","Declared non-disabled","Unknown","London","Westminster","30","[c]","[c]","[c]"
"New entrant CS","2022","Declared non-disabled","Unknown","North East (England)","Darlington","[c]","[c]","[c]","[c]"
"New entrant CS","2022","Declared non-disabled","Unknown","North East (England)","Durham","[c]","[c]","[c]","[c]"
"New entrant CS","2022","Declared non-disabled","Unknown","North East (England)","Hartlepool and Stockton-on-Tees","[c]","[c]","[c]","[c]"
"New entrant CS","2022","Declared non-disabled","Unknown","North East (England)","Northumberland","[c]","[c]","[c]","[c]"
"New entrant CS","2022","Declared non-disabled","Unknown","North East (England)","South Teesside","[c]","[c]","[c]","[c]"
"New entrant CS","2022","Declared non-disabled","Unknown","North East (England)","Sunderland","[c]","[c]","[c]","[c]"
"New entrant CS","2022","Declared non-disabled","Unknown","North East (England)","Tyneside","85","[c]","22230","21300"
"New entrant CS","2022","Declared non-disabled","Unknown","North West (England)","Blackburn with Darwen","[c]","[c]","[c]","[c]"
"New entrant CS","2022","Declared non-disabled","Unknown","North West (England)","Blackpool","[c]","[c]","[c]","[c]"
"New entrant CS","2022","Declared non-disabled","Unknown","North West (England)","Cheshire East","25","[c]","[c]","[c]"
"New entrant CS","2022","Declared non-disabled","Unknown","North West (England)","Cheshire West and Chester","[c]","[c]","[c]","[c]"
"New entrant CS","2022","Declared non-disabled","Unknown","North West (England)","Chorley and West Lancashire","[c]","[c]","[c]","[c]"
"New entrant CS","2022","Declared non-disabled","Unknown","North West (England)","East Cumbria","15","[c]","[c]","[c]"
"New entrant CS","2022","Declared non-disabled","Unknown","North West (England)","East Lancashire","[c]","[c]","[c]","[c]"
"New entrant CS","2022","Declared non-disabled","Unknown","North West (England)","East Merseyside","[c]","[c]","[c]","[c]"
"New entrant CS","2022","Declared non-disabled","Unknown","North West (England)","Greater Manchester North East","[c]","[c]","[c]","[c]"
"New entrant CS","2022","Declared non-disabled","Unknown","North West (England)","Greater Manchester North West","[c]","[c]","[c]","[c]"
"New entrant CS","2022","Declared non-disabled","Unknown","North West (England)","Greater Manchester South East","[c]","[c]","[c]","[c]"
"New entrant CS","2022","Declared non-disabled","Unknown","North West (England)","Greater Manchester South West","[c]","[c]","[c]","[c]"
"New entrant CS","2022","Declared non-disabled","Unknown","North West (England)","Lancaster and Wyre","[c]","[c]","[c]","[c]"
"New entrant CS","2022","Declared non-disabled","Unknown","North West (England)","Liverpool","[c]","[c]","[c]","[c]"
"New entrant CS","2022","Declared non-disabled","Unknown","North West (England)","Manchester","[c]","[c]","[c]","[c]"
"New entrant CS","2022","Declared non-disabled","Unknown","North West (England)","Mid Lancashire","5","[c]","[c]","[c]"
"New entrant CS","2022","Declared non-disabled","Unknown","North West (England)","Sefton","[c]","[c]","[c]","[c]"
"New entrant CS","2022","Declared non-disabled","Unknown","North West (England)","Warrington","[c]","[c]","[c]","[c]"
"New entrant CS","2022","Declared non-disabled","Unknown","North West (England)","West Cumbria","75","[c]","21490","21300"
"New entrant CS","2022","Declared non-disabled","Unknown","North West (England)","Wirral","[c]","[c]","[c]","[c]"
"New entrant CS","2022","Declared non-disabled","Unknown","Northern Ireland","Antrim and Newtownabbey","[c]","[c]","[c]","[c]"
"New entrant CS","2022","Declared non-disabled","Unknown","Northern Ireland","Ards and North Down","[c]","[c]","[c]","[c]"
"New entrant CS","2022","Declared non-disabled","Unknown","Northern Ireland","Armagh City, Banbridge and Craigavon","[c]","[c]","[c]","[c]"
"New entrant CS","2022","Declared non-disabled","Unknown","Northern Ireland","Belfast","[c]","[c]","[c]","[c]"
"New entrant CS","2022","Declared non-disabled","Unknown","Northern Ireland","Causeway Coast and Glens","[c]","[c]","[c]","[c]"
"New entrant CS","2022","Declared non-disabled","Unknown","Northern Ireland","Derry City and Strabane","[c]","[c]","[c]","[c]"
"New entrant CS","2022","Declared non-disabled","Unknown","Northern Ireland","Fermanagh and Omagh","[c]","[c]","[c]","[c]"
"New entrant CS","2022","Declared non-disabled","Unknown","Northern Ireland","Lisburn and Castlereagh","[c]","[c]","[c]","[c]"
"New entrant CS","2022","Declared non-disabled","Unknown","Northern Ireland","Mid and East Antrim","[c]","[c]","[c]","[c]"
"New entrant CS","2022","Declared non-disabled","Unknown","Northern Ireland","Mid Ulster","[c]","[c]","[c]","[c]"
"New entrant CS","2022","Declared non-disabled","Unknown","Northern Ireland","Newry, Mourne and Down","[c]","[c]","[c]","[c]"
"New entrant CS","2022","Declared non-disabled","Unknown","Overseas","Overseas","[c]","[c]","[c]","[c]"
"New entrant CS","2022","Declared non-disabled","Unknown","Scotland","Aberdeen City and Aberdeenshire","[c]","[c]","[c]","[c]"
"New entrant CS","2022","Declared non-disabled","Unknown","Scotland","Angus and Dundee City","5","[c]","[c]","[c]"
"New entrant CS","2022","Declared non-disabled","Unknown","Scotland","Caithness and Sutherland, and Ross and Cromarty","[c]","[c]","[c]","[c]"
"New entrant CS","2022","Declared non-disabled","Unknown","Scotland","City of Edinburgh","40","[c]","25220","22000"
"New entrant CS","2022","Declared non-disabled","Unknown","Scotland","Clackmannanshire and Fife","5","[c]","[c]","[c]"
"New entrant CS","2022","Declared non-disabled","Unknown","Scotland","Dumfries and Galloway","[c]","[c]","[c]","[c]"
"New entrant CS","2022","Declared non-disabled","Unknown","Scotland","East Ayrshire and North Ayrshire mainland","[c]","[c]","[c]","[c]"
"New entrant CS","2022","Declared non-disabled","Unknown","Scotland","East Dunbartonshire, West Dunbartonshire, and Helensburgh and Lomond","[c]","[c]","[c]","[c]"
"New entrant CS","2022","Declared non-disabled","Unknown","Scotland","East Lothian and Midlothian","[c]","[c]","[c]","[c]"
"New entrant CS","2022","Declared non-disabled","Unknown","Scotland","Falkirk","[c]","[c]","[c]","[c]"
"New entrant CS","2022","Declared non-disabled","Unknown","Scotland","Glasgow City","35","[c]","23960","22000"
"New entrant CS","2022","Declared non-disabled","Unknown","Scotland","Inverclyde, East Renfrewshire, and Renfrewshire","5","[c]","[c]","[c]"
"New entrant CS","2022","Declared non-disabled","Unknown","Scotland","Inverness and Nairn, Moray, and Badenoch and Strathspey","[c]","[c]","[c]","[c]"
"New entrant CS","2022","Declared non-disabled","Unknown","Scotland","Lochaber, Skye and Lochalsh, Arran and Cumbrae, and Argyll and Bute","[c]","[c]","[c]","[c]"
"New entrant CS","2022","Declared non-disabled","Unknown","Scotland","Na h-Eileanan Siar","[c]","[c]","[c]","[c]"
"New entrant CS","2022","Declared non-disabled","Unknown","Scotland","North Lanarkshire","[c]","[c]","[c]","[c]"
"New entrant CS","2022","Declared non-disabled","Unknown","Scotland","Orkney Islands","[c]","[c]","[c]","[c]"
"New entrant CS","2022","Declared non-disabled","Unknown","Scotland","Perth and Kinross, and Stirling","5","[c]","[c]","[c]"
"New entrant CS","2022","Declared non-disabled","Unknown","Scotland","Scottish Borders","[c]","[c]","[c]","[c]"
"New entrant CS","2022","Declared non-disabled","Unknown","Scotland","Shetland Islands","[c]","[c]","[c]","[c]"
"New entrant CS","2022","Declared non-disabled","Unknown","Scotland","South Ayrshire","5","[c]","[c]","[c]"
"New entrant CS","2022","Declared non-disabled","Unknown","Scotland","South Lanarkshire","15","[c]","[c]","[c]"
"New entrant CS","2022","Declared non-disabled","Unknown","Scotland","West Lothian","[c]","[c]","[c]","[c]"
"New entrant CS","2022","Declared non-disabled","Unknown","South East (England)","Berkshire","10","[c]","[c]","[c]"
"New entrant CS","2022","Declared non-disabled","Unknown","South East (England)","Brighton and Hove","[c]","[c]","[c]","[c]"
"New entrant CS","2022","Declared non-disabled","Unknown","South East (England)","Buckinghamshire","[c]","[c]","[c]","[c]"
"New entrant CS","2022","Declared non-disabled","Unknown","South East (England)","Central Hampshire","80","[c]","30800","29230"
"New entrant CS","2022","Declared non-disabled","Unknown","South East (England)","East Kent","[c]","[c]","[c]","[c]"
"New entrant CS","2022","Declared non-disabled","Unknown","South East (England)","East Surrey","[c]","[c]","[c]","[c]"
"New entrant CS","2022","Declared non-disabled","Unknown","South East (England)","East Sussex CC","[c]","[c]","[c]","[c]"
"New entrant CS","2022","Declared non-disabled","Unknown","South East (England)","Isle of Wight","[c]","[c]","[c]","[c]"
"New entrant CS","2022","Declared non-disabled","Unknown","South East (England)","Kent Thames Gateway","[c]","[c]","[c]","[c]"
"New entrant CS","2022","Declared non-disabled","Unknown","South East (England)","Medway","[c]","[c]","[c]","[c]"
"New entrant CS","2022","Declared non-disabled","Unknown","South East (England)","Mid Kent","[c]","[c]","[c]","[c]"
"New entrant CS","2022","Declared non-disabled","Unknown","South East (England)","Milton Keynes","[c]","[c]","[c]","[c]"
"New entrant CS","2022","Declared non-disabled","Unknown","South East (England)","North Hampshire","[c]","[c]","[c]","[c]"
"New entrant CS","2022","Declared non-disabled","Unknown","South East (England)","Oxfordshire CC","[c]","[c]","[c]","[c]"
"New entrant CS","2022","Declared non-disabled","Unknown","South East (England)","Portsmouth","[c]","[c]","[c]","[c]"
"New entrant CS","2022","Declared non-disabled","Unknown","South East (England)","South Hampshire","5","[c]","[c]","[c]"
"New entrant CS","2022","Declared non-disabled","Unknown","South East (England)","Southampton","[c]","[c]","[c]","[c]"
"New entrant CS","2022","Declared non-disabled","Unknown","South East (England)","West Kent","[c]","[c]","[c]","[c]"
"New entrant CS","2022","Declared non-disabled","Unknown","South East (England)","West Surrey","[c]","[c]","[c]","[c]"
"New entrant CS","2022","Declared non-disabled","Unknown","South East (England)","West Sussex (North East)","[c]","[c]","[c]","[c]"
"New entrant CS","2022","Declared non-disabled","Unknown","South East (England)","West Sussex (South West)","[c]","[c]","[c]","[c]"
"New entrant CS","2022","Declared non-disabled","Unknown","South West (England)","Bath and North East Somerset, North Somerset and South Gloucestershire","5","[c]","[c]","[c]"
"New entrant CS","2022","Declared non-disabled","Unknown","South West (England)","Bournemouth, Christchurch and Poole","[c]","[c]","[c]","[c]"
"New entrant CS","2022","Declared non-disabled","Unknown","South West (England)","Bristol, City of","10","[c]","[c]","[c]"
"New entrant CS","2022","Declared non-disabled","Unknown","South West (England)","Cornwall and Isles of Scilly","[c]","[c]","[c]","[c]"
"New entrant CS","2022","Declared non-disabled","Unknown","South West (England)","Devon CC","35","[c]","27180","24150"
"New entrant CS","2022","Declared non-disabled","Unknown","South West (England)","Dorset","[c]","[c]","[c]","[c]"
"New entrant CS","2022","Declared non-disabled","Unknown","South West (England)","Gloucestershire CC","[c]","[c]","[c]","[c]"
"New entrant CS","2022","Declared non-disabled","Unknown","South West (England)","Plymouth","10","[c]","[c]","[c]"
"New entrant CS","2022","Declared non-disabled","Unknown","South West (England)","Somerset CC","10","[c]","[c]","[c]"
"New entrant CS","2022","Declared non-disabled","Unknown","South West (England)","Swindon","[c]","[c]","[c]","[c]"
"New entrant CS","2022","Declared non-disabled","Unknown","South West (England)","Torbay","[c]","[c]","[c]","[c]"
"New entrant CS","2022","Declared non-disabled","Unknown","South West (England)","Wiltshire","130","[c]","29890","27010"
"New entrant CS","2022","Declared non-disabled","Unknown","Unknown","Unknown","[c]","[c]","[c]","[c]"
"New entrant CS","2022","Declared non-disabled","Unknown","Wales","Bridgend and Neath Port Talbot","[c]","[c]","[c]","[c]"
"New entrant CS","2022","Declared non-disabled","Unknown","Wales","Cardiff and Vale of Glamorgan","10","[c]","[c]","[c]"
"New entrant CS","2022","Declared non-disabled","Unknown","Wales","Central Valleys","[c]","[c]","[c]","[c]"
"New entrant CS","2022","Declared non-disabled","Unknown","Wales","Conwy and Denbighshire","[c]","[c]","[c]","[c]"
"New entrant CS","2022","Declared non-disabled","Unknown","Wales","Flintshire and Wrexham","[c]","[c]","[c]","[c]"
"New entrant CS","2022","Declared non-disabled","Unknown","Wales","Gwent Valleys","[c]","[c]","[c]","[c]"
"New entrant CS","2022","Declared non-disabled","Unknown","Wales","Gwynedd","[c]","[c]","[c]","[c]"
"New entrant CS","2022","Declared non-disabled","Unknown","Wales","Isle of Anglesey","[c]","[c]","[c]","[c]"
"New entrant CS","2022","Declared non-disabled","Unknown","Wales","Monmouthshire and Newport","5","[c]","[c]","[c]"
"New entrant CS","2022","Declared non-disabled","Unknown","Wales","Powys","[c]","[c]","[c]","[c]"
"New entrant CS","2022","Declared non-disabled","Unknown","Wales","South West Wales","[c]","[c]","[c]","[c]"
"New entrant CS","2022","Declared non-disabled","Unknown","Wales","Swansea","5","[c]","[c]","[c]"
"New entrant CS","2022","Declared non-disabled","Unknown","West Midlands (England)","Birmingham","10","[c]","[c]","[c]"
"New entrant CS","2022","Declared non-disabled","Unknown","West Midlands (England)","Coventry","[c]","[c]","[c]","[c]"
"New entrant CS","2022","Declared non-disabled","Unknown","West Midlands (England)","Dudley","[c]","[c]","[c]","[c]"
"New entrant CS","2022","Declared non-disabled","Unknown","West Midlands (England)","Herefordshire, County of","[c]","[c]","[c]","[c]"
"New entrant CS","2022","Declared non-disabled","Unknown","West Midlands (England)","Sandwell","[c]","[c]","[c]","[c]"
"New entrant CS","2022","Declared non-disabled","Unknown","West Midlands (England)","Shropshire","[c]","[c]","[c]","[c]"
"New entrant CS","2022","Declared non-disabled","Unknown","West Midlands (England)","Solihull","[c]","[c]","[c]","[c]"
"New entrant CS","2022","Declared non-disabled","Unknown","West Midlands (England)","Staffordshire CC","[c]","[c]","[c]","[c]"
"New entrant CS","2022","Declared non-disabled","Unknown","West Midlands (England)","Stoke-on-Trent","[c]","[c]","[c]","[c]"
"New entrant CS","2022","Declared non-disabled","Unknown","West Midlands (England)","Telford and Wrekin","[c]","[c]","[c]","[c]"
"New entrant CS","2022","Declared non-disabled","Unknown","West Midlands (England)","Walsall","[c]","[c]","[c]","[c]"
"New entrant CS","2022","Declared non-disabled","Unknown","West Midlands (England)","Warwickshire CC","[c]","[c]","[c]","[c]"
"New entrant CS","2022","Declared non-disabled","Unknown","West Midlands (England)","Wolverhampton","[c]","[c]","[c]","[c]"
"New entrant CS","2022","Declared non-disabled","Unknown","West Midlands (England)","Worcestershire CC","40","[c]","23180","21300"
"New entrant CS","2022","Declared non-disabled","Unknown","Yorkshire and The Humber","Barnsley, Doncaster and Rotherham","[c]","[c]","[c]","[c]"
"New entrant CS","2022","Declared non-disabled","Unknown","Yorkshire and The Humber","Bradford","[c]","[c]","[c]","[c]"
"New entrant CS","2022","Declared non-disabled","Unknown","Yorkshire and The Humber","Calderdale and Kirklees","[c]","[c]","[c]","[c]"
"New entrant CS","2022","Declared non-disabled","Unknown","Yorkshire and The Humber","East Riding of Yorkshire","[c]","[c]","[c]","[c]"
"New entrant CS","2022","Declared non-disabled","Unknown","Yorkshire and The Humber","Kingston upon Hull, City of","[c]","[c]","[c]","[c]"
"New entrant CS","2022","Declared non-disabled","Unknown","Yorkshire and The Humber","Leeds","25","[c]","[c]","[c]"
"New entrant CS","2022","Declared non-disabled","Unknown","Yorkshire and The Humber","North and North East Lincolnshire","[c]","[c]","[c]","[c]"
"New entrant CS","2022","Declared non-disabled","Unknown","Yorkshire and The Humber","North Yorkshire CC","[c]","[c]","[c]","[c]"
"New entrant CS","2022","Declared non-disabled","Unknown","Yorkshire and The Humber","Sheffield","[c]","[c]","[c]","[c]"
"New entrant CS","2022","Declared non-disabled","Unknown","Yorkshire and The Humber","Wakefield","[c]","[c]","[c]","[c]"
"New entrant CS","2022","Declared non-disabled","Unknown","Yorkshire and The Humber","York","35","[c]","21390","21300"
"New entrant CS","2022","Declared non-disabled","White","East Midlands (England)","Derby","70","[c]","24860","23170"
"New entrant CS","2022","Declared non-disabled","White","East Midlands (England)","East Derbyshire","35","[c]","25030","23170"
"New entrant CS","2022","Declared non-disabled","White","East Midlands (England)","Leicester","135","[c]","25410","23140"
"New entrant CS","2022","Declared non-disabled","White","East Midlands (England)","Leicestershire CC and Rutland","135","[c]","24590","23140"
"New entrant CS","2022","Declared non-disabled","White","East Midlands (England)","Lincolnshire CC","280","[c]","27290","25000"
"New entrant CS","2022","Declared non-disabled","White","East Midlands (England)","North Northamptonshire","60","[c]","24190","21260"
"New entrant CS","2022","Declared non-disabled","White","East Midlands (England)","North Nottinghamshire","80","[c]","24840","23170"
"New entrant CS","2022","Declared non-disabled","White","East Midlands (England)","Nottingham","490","[c]","27880","26590"
"New entrant CS","2022","Declared non-disabled","White","East Midlands (England)","South and West Derbyshire","75","[c]","28640","24430"
"New entrant CS","2022","Declared non-disabled","White","East Midlands (England)","South Nottinghamshire","80","[c]","28610","23140"
"New entrant CS","2022","Declared non-disabled","White","East Midlands (England)","West Northamptonshire","75","[c]","26840","23170"
"New entrant CS","2022","Declared non-disabled","White","East of England","Bedford","60","[c]","27280","28140"
"New entrant CS","2022","Declared non-disabled","White","East of England","Breckland and South Norfolk","45","[c]","25320","23140"
"New entrant CS","2022","Declared non-disabled","White","East of England","Cambridgeshire CC","220","[c]","28860","26140"
"New entrant CS","2022","Declared non-disabled","White","East of England","Central Bedfordshire","15","[c]","[c]","[c]"
"New entrant CS","2022","Declared non-disabled","White","East of England","Essex Haven Gateway","55","[c]","32930","29290"
"New entrant CS","2022","Declared non-disabled","White","East of England","Essex Thames Gateway","55","[c]","25140","24250"
"New entrant CS","2022","Declared non-disabled","White","East of England","Heart of Essex","120","[c]","29530","26140"
"New entrant CS","2022","Declared non-disabled","White","East of England","Hertfordshire CC","160","[c]","31480","29290"
"New entrant CS","2022","Declared non-disabled","White","East of England","Luton","20","[c]","[c]","[c]"
"New entrant CS","2022","Declared non-disabled","White","East of England","North and West Norfolk","55","[c]","23700","23140"
"New entrant CS","2022","Declared non-disabled","White","East of England","Norwich and East Norfolk","265","[c]","24710","23140"
"New entrant CS","2022","Declared non-disabled","White","East of England","Peterborough","60","[c]","29440","27570"
"New entrant CS","2022","Declared non-disabled","White","East of England","Southend-on-Sea","45","[c]","28330","24800"
"New entrant CS","2022","Declared non-disabled","White","East of England","Suffolk CC","305","[c]","26280","24800"
"New entrant CS","2022","Declared non-disabled","White","East of England","Thurrock","[c]","[c]","[c]","[c]"
"New entrant CS","2022","Declared non-disabled","White","East of England","West Essex","20","[c]","[c]","[c]"
"New entrant CS","2022","Declared non-disabled","White","London","Barking & Dagenham and Havering","30","[c]","[c]","[c]"
"New entrant CS","2022","Declared non-disabled","White","London","Barnet","115","[c]","33650","31060"
"New entrant CS","2022","Declared non-disabled","White","London","Bexley and Greenwich","50","[c]","29120","29160"
"New entrant CS","2022","Declared non-disabled","White","London","Brent","15","[c]","[c]","[c]"
"New entrant CS","2022","Declared non-disabled","White","London","Bromley","35","[c]","30490","30200"
"New entrant CS","2022","Declared non-disabled","White","London","Camden and City of London","50","[c]","45770","44500"
"New entrant CS","2022","Declared non-disabled","White","London","Croydon","135","[c]","34380","30750"
"New entrant CS","2022","Declared non-disabled","White","London","Ealing","15","[c]","[c]","[c]"
"New entrant CS","2022","Declared non-disabled","White","London","Enfield","10","[c]","[c]","[c]"
"New entrant CS","2022","Declared non-disabled","White","London","Hackney and Newham","125","[c]","36710","37610"
"New entrant CS","2022","Declared non-disabled","White","London","Haringey and Islington","65","[c]","33440","31060"
"New entrant CS","2022","Declared non-disabled","White","London","Harrow and Hillingdon","30","[c]","[c]","[c]"
"New entrant CS","2022","Declared non-disabled","White","London","Hounslow and Richmond upon Thames","120","[c]","33130","31020"
"New entrant CS","2022","Declared non-disabled","White","London","Kensington & Chelsea and Hammersmith & Fulham","50","[c]","31840","30520"
"New entrant CS","2022","Declared non-disabled","White","London","Lambeth","240","[c]","41230","33700"
"New entrant CS","2022","Declared non-disabled","White","London","Lewisham and Southwark","80","[c]","44840","41060"
"New entrant CS","2022","Declared non-disabled","White","London","Merton, Kingston upon Thames and Sutton","35","[c]","30850","31060"
"New entrant CS","2022","Declared non-disabled","White","London","Redbridge and Waltham Forest","35","[c]","31960","31060"
"New entrant CS","2022","Declared non-disabled","White","London","Tower Hamlets","325","[c]","44280","36040"
"New entrant CS","2022","Declared non-disabled","White","London","Wandsworth","35","[c]","29890","30520"
"New entrant CS","2022","Declared non-disabled","White","London","Westminster","2215","[c]","39600","34530"
"New entrant CS","2022","Declared non-disabled","White","North East (England)","Darlington","100","[c]","33220","30410"
"New entrant CS","2022","Declared non-disabled","White","North East (England)","Durham","300","[c]","24620","23140"
"New entrant CS","2022","Declared non-disabled","White","North East (England)","Hartlepool and Stockton-on-Tees","170","[c]","24930","23140"
"New entrant CS","2022","Declared non-disabled","White","North East (England)","Northumberland","45","[c]","28250","27570"
"New entrant CS","2022","Declared non-disabled","White","North East (England)","South Teesside","50","[c]","26970","27570"
"New entrant CS","2022","Declared non-disabled","White","North East (England)","Sunderland","235","[c]","23610","21260"
"New entrant CS","2022","Declared non-disabled","White","North East (England)","Tyneside","1280","[c]","26910","23760"
"New entrant CS","2022","Declared non-disabled","White","North West (England)","Blackburn with Darwen","15","[c]","[c]","[c]"
"New entrant CS","2022","Declared non-disabled","White","North West (England)","Blackpool","410","[c]","26030","21260"
"New entrant CS","2022","Declared non-disabled","White","North West (England)","Cheshire East","105","[c]","25860","23140"
"New entrant CS","2022","Declared non-disabled","White","North West (England)","Cheshire West and Chester","35","[c]","27870","24800"
"New entrant CS","2022","Declared non-disabled","White","North West (England)","Chorley and West Lancashire","115","[c]","24830","23140"
"New entrant CS","2022","Declared non-disabled","White","North West (England)","East Cumbria","75","[c]","29040","25400"
"New entrant CS","2022","Declared non-disabled","White","North West (England)","East Lancashire","25","[c]","[c]","[c]"
"New entrant CS","2022","Declared non-disabled","White","North West (England)","East Merseyside","85","[c]","29110","27570"
"New entrant CS","2022","Declared non-disabled","White","North West (England)","Greater Manchester North East","60","[c]","25060","23170"
"New entrant CS","2022","Declared non-disabled","White","North West (England)","Greater Manchester North West","145","[c]","24290","23140"
"New entrant CS","2022","Declared non-disabled","White","North West (England)","Greater Manchester South East","45","[c]","25290","23170"
"New entrant CS","2022","Declared non-disabled","White","North West (England)","Greater Manchester South West","425","[c]","27960","26590"
"New entrant CS","2022","Declared non-disabled","White","North West (England)","Lancaster and Wyre","40","[c]","25060","21260"
"New entrant CS","2022","Declared non-disabled","White","North West (England)","Liverpool","825","[c]","25270","21700"
"New entrant CS","2022","Declared non-disabled","White","North West (England)","Manchester","515","[c]","31700","27570"
"New entrant CS","2022","Declared non-disabled","White","North West (England)","Mid Lancashire","205","[c]","27480","23170"
"New entrant CS","2022","Declared non-disabled","White","North West (England)","Sefton","255","[c]","27600","26370"
"New entrant CS","2022","Declared non-disabled","White","North West (England)","Warrington","75","[c]","30630","27570"
"New entrant CS","2022","Declared non-disabled","White","North West (England)","West Cumbria","75","[c]","28190","24860"
"New entrant CS","2022","Declared non-disabled","White","North West (England)","Wirral","145","[c]","24780","21260"
"New entrant CS","2022","Declared non-disabled","White","Northern Ireland","Antrim and Newtownabbey","[c]","[c]","[c]","[c]"
"New entrant CS","2022","Declared non-disabled","White","Northern Ireland","Ards and North Down","5","[c]","[c]","[c]"
"New entrant CS","2022","Declared non-disabled","White","Northern Ireland","Armagh City, Banbridge and Craigavon","[c]","[c]","[c]","[c]"
"New entrant CS","2022","Declared non-disabled","White","Northern Ireland","Belfast","230","[c]","28990","26590"
"New entrant CS","2022","Declared non-disabled","White","Northern Ireland","Causeway Coast and Glens","[c]","[c]","[c]","[c]"
"New entrant CS","2022","Declared non-disabled","White","Northern Ireland","Derry City and Strabane","[c]","[c]","[c]","[c]"
"New entrant CS","2022","Declared non-disabled","White","Northern Ireland","Fermanagh and Omagh","[c]","[c]","[c]","[c]"
"New entrant CS","2022","Declared non-disabled","White","Northern Ireland","Lisburn and Castlereagh","5","[c]","[c]","[c]"
"New entrant CS","2022","Declared non-disabled","White","Northern Ireland","Mid and East Antrim","[c]","[c]","[c]","[c]"
"New entrant CS","2022","Declared non-disabled","White","Northern Ireland","Mid Ulster","[c]","[c]","[c]","[c]"
"New entrant CS","2022","Declared non-disabled","White","Northern Ireland","Newry, Mourne and Down","[c]","[c]","[c]","[c]"
"New entrant CS","2022","Declared non-disabled","White","Overseas","Overseas","10","[c]","[c]","[c]"
"New entrant CS","2022","Declared non-disabled","White","Scotland","Aberdeen City and Aberdeenshire","125","[c]","31930","27230"
"New entrant CS","2022","Declared non-disabled","White","Scotland","Angus and Dundee City","325","[c]","25190","23230"
"New entrant CS","2022","Declared non-disabled","White","Scotland","Caithness and Sutherland, and Ross and Cromarty","10","[c]","[c]","[c]"
"New entrant CS","2022","Declared non-disabled","White","Scotland","City of Edinburgh","915","[c]","31830","27400"
"New entrant CS","2022","Declared non-disabled","White","Scotland","Clackmannanshire and Fife","60","[c]","27210","27570"
"New entrant CS","2022","Declared non-disabled","White","Scotland","Dumfries and Galloway","15","[c]","[c]","[c]"
"New entrant CS","2022","Declared non-disabled","White","Scotland","East Ayrshire and North Ayrshire mainland","100","[c]","24290","21260"
"New entrant CS","2022","Declared non-disabled","White","Scotland","East Dunbartonshire, West Dunbartonshire, and Helensburgh and Lomond","100","[c]","27240","23080"
"New entrant CS","2022","Declared non-disabled","White","Scotland","East Lothian and Midlothian","5","[c]","[c]","[c]"
"New entrant CS","2022","Declared non-disabled","White","Scotland","Falkirk","70","[c]","24750","21820"
"New entrant CS","2022","Declared non-disabled","White","Scotland","Glasgow City","1185","[c]","30510","27230"
"New entrant CS","2022","Declared non-disabled","White","Scotland","Inverclyde, East Renfrewshire, and Renfrewshire","45","[c]","25210","21260"
"New entrant CS","2022","Declared non-disabled","White","Scotland","Inverness and Nairn, Moray, and Badenoch and Strathspey","80","[c]","26980","25000"
"New entrant CS","2022","Declared non-disabled","White","Scotland","Lochaber, Skye and Lochalsh, Arran and Cumbrae, and Argyll and Bute","5","[c]","[c]","[c]"
"New entrant CS","2022","Declared non-disabled","White","Scotland","Na h-Eileanan Siar","[c]","[c]","[c]","[c]"
"New entrant CS","2022","Declared non-disabled","White","Scotland","North Lanarkshire","155","[c]","24310","21260"
"New entrant CS","2022","Declared non-disabled","White","Scotland","Orkney Islands","[c]","[c]","[c]","[c]"
"New entrant CS","2022","Declared non-disabled","White","Scotland","Perth and Kinross, and Stirling","25","[c]","[c]","[c]"
"New entrant CS","2022","Declared non-disabled","White","Scotland","Scottish Borders","30","[c]","[c]","[c]"
"New entrant CS","2022","Declared non-disabled","White","Scotland","Shetland Islands","[c]","[c]","[c]","[c]"
"New entrant CS","2022","Declared non-disabled","White","Scotland","South Ayrshire","40","[c]","25740","27570"
"New entrant CS","2022","Declared non-disabled","White","Scotland","South Lanarkshire","195","[c]","24700","21250"
"New entrant CS","2022","Declared non-disabled","White","Scotland","West Lothian","25","[c]","[c]","[c]"
"New entrant CS","2022","Declared non-disabled","White","South East (England)","Berkshire","135","[c]","30680","28690"
"New entrant CS","2022","Declared non-disabled","White","South East (England)","Brighton and Hove","50","[c]","29680","27310"
"New entrant CS","2022","Declared non-disabled","White","South East (England)","Buckinghamshire","100","[c]","29670","28140"
"New entrant CS","2022","Declared non-disabled","White","South East (England)","Central Hampshire","250","[c]","30670","27140"
"New entrant CS","2022","Declared non-disabled","White","South East (England)","East Kent","130","[c]","26170","24250"
"New entrant CS","2022","Declared non-disabled","White","South East (England)","East Surrey","75","[c]","29090","31020"
"New entrant CS","2022","Declared non-disabled","White","South East (England)","East Sussex CC","170","[c]","25620","21840"
"New entrant CS","2022","Declared non-disabled","White","South East (England)","Isle of Wight","70","[c]","23590","24210"
"New entrant CS","2022","Declared non-disabled","White","South East (England)","Kent Thames Gateway","75","[c]","26000","27700"
"New entrant CS","2022","Declared non-disabled","White","South East (England)","Medway","105","[c]","27200","27430"
"New entrant CS","2022","Declared non-disabled","White","South East (England)","Mid Kent","80","[c]","28020","24800"
"New entrant CS","2022","Declared non-disabled","White","South East (England)","Milton Keynes","100","[c]","27170","28140"
"New entrant CS","2022","Declared non-disabled","White","South East (England)","North Hampshire","40","[c]","32150","27570"
"New entrant CS","2022","Declared non-disabled","White","South East (England)","Oxfordshire CC","195","[c]","30290","27570"
"New entrant CS","2022","Declared non-disabled","White","South East (England)","Portsmouth","120","[c]","29620","25680"
"New entrant CS","2022","Declared non-disabled","White","South East (England)","South Hampshire","255","[c]","27680","23880"
"New entrant CS","2022","Declared non-disabled","White","South East (England)","Southampton","75","[c]","32900","27570"
"New entrant CS","2022","Declared non-disabled","White","South East (England)","West Kent","20","[c]","[c]","[c]"
"New entrant CS","2022","Declared non-disabled","White","South East (England)","West Surrey","225","[c]","30590","28140"
"New entrant CS","2022","Declared non-disabled","White","South East (England)","West Sussex (North East)","30","[c]","34450","26130"
"New entrant CS","2022","Declared non-disabled","White","South East (England)","West Sussex (South West)","75","[c]","28250","26590"
"New entrant CS","2022","Declared non-disabled","White","South West (England)","Bath and North East Somerset, North Somerset and South Gloucestershire","615","[c]","32010","27700"
"New entrant CS","2022","Declared non-disabled","White","South West (England)","Bournemouth, Christchurch and Poole","60","[c]","28820","27090"
"New entrant CS","2022","Declared non-disabled","White","South West (England)","Bristol, City of","515","[c]","32350","29180"
"New entrant CS","2022","Declared non-disabled","White","South West (England)","Cornwall and Isles of Scilly","140","[c]","24880","21260"
"New entrant CS","2022","Declared non-disabled","White","South West (England)","Devon CC","360","[c]","28040","24150"
"New entrant CS","2022","Declared non-disabled","White","South West (England)","Dorset","140","[c]","25520","24620"
"New entrant CS","2022","Declared non-disabled","White","South West (England)","Gloucestershire CC","90","[c]","26910","25120"
"New entrant CS","2022","Declared non-disabled","White","South West (England)","Plymouth","140","[c]","27080","24050"
"New entrant CS","2022","Declared non-disabled","White","South West (England)","Somerset CC","150","[c]","27860","24000"
"New entrant CS","2022","Declared non-disabled","White","South West (England)","Swindon","35","[c]","28210","24090"
"New entrant CS","2022","Declared non-disabled","White","South West (England)","Torbay","20","[c]","[c]","[c]"
"New entrant CS","2022","Declared non-disabled","White","South West (England)","Wiltshire","585","[c]","29520","26350"
"New entrant CS","2022","Declared non-disabled","White","Unknown","Unknown","190","[c]","32420","28200"
"New entrant CS","2022","Declared non-disabled","White","Wales","Bridgend and Neath Port Talbot","60","[c]","24370","21260"
"New entrant CS","2022","Declared non-disabled","White","Wales","Cardiff and Vale of Glamorgan","650","[c]","29290","25860"
"New entrant CS","2022","Declared non-disabled","White","Wales","Central Valleys","175","[c]","27400","27570"
"New entrant CS","2022","Declared non-disabled","White","Wales","Conwy and Denbighshire","45","[c]","32400","27570"
"New entrant CS","2022","Declared non-disabled","White","Wales","Flintshire and Wrexham","185","[c]","23950","23140"
"New entrant CS","2022","Declared non-disabled","White","Wales","Gwent Valleys","50","[c]","29000","27570"
"New entrant CS","2022","Declared non-disabled","White","Wales","Gwynedd","50","[c]","24720","21260"
"New entrant CS","2022","Declared non-disabled","White","Wales","Isle of Anglesey","10","[c]","[c]","[c]"
"New entrant CS","2022","Declared non-disabled","White","Wales","Monmouthshire and Newport","455","[c]","30410","30210"
"New entrant CS","2022","Declared non-disabled","White","Wales","Powys","25","[c]","[c]","[c]"
"New entrant CS","2022","Declared non-disabled","White","Wales","South West Wales","100","[c]","28980","23170"
"New entrant CS","2022","Declared non-disabled","White","Wales","Swansea","405","[c]","23940","21840"
"New entrant CS","2022","Declared non-disabled","White","West Midlands (England)","Birmingham","600","[c]","30590","26590"
"New entrant CS","2022","Declared non-disabled","White","West Midlands (England)","Coventry","85","[c]","33530","29870"
"New entrant CS","2022","Declared non-disabled","White","West Midlands (England)","Dudley","50","[c]","25180","21260"
"New entrant CS","2022","Declared non-disabled","White","West Midlands (England)","Herefordshire, County of","35","[c]","27150","27570"
"New entrant CS","2022","Declared non-disabled","White","West Midlands (England)","Sandwell","20","[c]","[c]","[c]"
"New entrant CS","2022","Declared non-disabled","White","West Midlands (England)","Shropshire","70","[c]","28660","27570"
"New entrant CS","2022","Declared non-disabled","White","West Midlands (England)","Solihull","25","[c]","[c]","[c]"
"New entrant CS","2022","Declared non-disabled","White","West Midlands (England)","Staffordshire CC","290","[c]","26660","23140"
"New entrant CS","2022","Declared non-disabled","White","West Midlands (England)","Stoke-on-Trent","100","[c]","26570","23630"
"New entrant CS","2022","Declared non-disabled","White","West Midlands (England)","Telford and Wrekin","75","[c]","32440","27570"
"New entrant CS","2022","Declared non-disabled","White","West Midlands (England)","Walsall","30","[c]","[c]","[c]"
"New entrant CS","2022","Declared non-disabled","White","West Midlands (England)","Warwickshire CC","75","[c]","29700","27570"
"New entrant CS","2022","Declared non-disabled","White","West Midlands (England)","Wolverhampton","90","[c]","30990","30190"
"New entrant CS","2022","Declared non-disabled","White","West Midlands (England)","Worcestershire CC","175","[c]","26290","23140"
"New entrant CS","2022","Declared non-disabled","White","Yorkshire and The Humber","Barnsley, Doncaster and Rotherham","190","[c]","25830","23170"
"New entrant CS","2022","Declared non-disabled","White","Yorkshire and The Humber","Bradford","80","[c]","24370","21260"
"New entrant CS","2022","Declared non-disabled","White","Yorkshire and The Humber","Calderdale and Kirklees","75","[c]","28430","27570"
"New entrant CS","2022","Declared non-disabled","White","Yorkshire and The Humber","East Riding of Yorkshire","145","[c]","24190","23140"
"New entrant CS","2022","Declared non-disabled","White","Yorkshire and The Humber","Kingston upon Hull, City of","135","[c]","25240","23140"
"New entrant CS","2022","Declared non-disabled","White","Yorkshire and The Humber","Leeds","755","[c]","31790","27570"
"New entrant CS","2022","Declared non-disabled","White","Yorkshire and The Humber","North and North East Lincolnshire","40","[c]","27670","23170"
"New entrant CS","2022","Declared non-disabled","White","Yorkshire and The Humber","North Yorkshire CC","85","[c]","30400","25660"
"New entrant CS","2022","Declared non-disabled","White","Yorkshire and The Humber","Sheffield","250","[c]","29910","27570"
"New entrant CS","2022","Declared non-disabled","White","Yorkshire and The Humber","Wakefield","135","[c]","26120","23170"
"New entrant CS","2022","Declared non-disabled","White","Yorkshire and The Humber","York","250","[c]","32130","29180"
"New entrant CS","2022","Undeclared","Asian","East Midlands (England)","Derby","[c]","[c]","[c]","[c]"
"New entrant CS","2022","Undeclared","Asian","East Midlands (England)","East Derbyshire","[c]","[c]","[c]","[c]"
"New entrant CS","2022","Undeclared","Asian","East Midlands (England)","Leicester","[c]","[c]","[c]","[c]"
"New entrant CS","2022","Undeclared","Asian","East Midlands (England)","Leicestershire CC and Rutland","[c]","[c]","[c]","[c]"
"New entrant CS","2022","Undeclared","Asian","East Midlands (England)","Lincolnshire CC","[c]","[c]","[c]","[c]"
"New entrant CS","2022","Undeclared","Asian","East Midlands (England)","North Northamptonshire","[c]","[c]","[c]","[c]"
"New entrant CS","2022","Undeclared","Asian","East Midlands (England)","North Nottinghamshire","[c]","[c]","[c]","[c]"
"New entrant CS","2022","Undeclared","Asian","East Midlands (England)","Nottingham","5","[c]","[c]","[c]"
"New entrant CS","2022","Undeclared","Asian","East Midlands (England)","South and West Derbyshire","[c]","[c]","[c]","[c]"
"New entrant CS","2022","Undeclared","Asian","East Midlands (England)","South Nottinghamshire","[c]","[c]","[c]","[c]"
"New entrant CS","2022","Undeclared","Asian","East Midlands (England)","West Northamptonshire","[c]","[c]","[c]","[c]"
"New entrant CS","2022","Undeclared","Asian","East of England","Bedford","[c]","[c]","[c]","[c]"
"New entrant CS","2022","Undeclared","Asian","East of England","Breckland and South Norfolk","[c]","[c]","[c]","[c]"
"New entrant CS","2022","Undeclared","Asian","East of England","Cambridgeshire CC","[c]","[c]","[c]","[c]"
"New entrant CS","2022","Undeclared","Asian","East of England","Central Bedfordshire","[c]","[c]","[c]","[c]"
"New entrant CS","2022","Undeclared","Asian","East of England","Essex Haven Gateway","[c]","[c]","[c]","[c]"
"New entrant CS","2022","Undeclared","Asian","East of England","Essex Thames Gateway","[c]","[c]","[c]","[c]"
"New entrant CS","2022","Undeclared","Asian","East of England","Heart of Essex","[c]","[c]","[c]","[c]"
"New entrant CS","2022","Undeclared","Asian","East of England","Hertfordshire CC","[c]","[c]","[c]","[c]"
"New entrant CS","2022","Undeclared","Asian","East of England","Luton","[c]","[c]","[c]","[c]"
"New entrant CS","2022","Undeclared","Asian","East of England","North and West Norfolk","[c]","[c]","[c]","[c]"
"New entrant CS","2022","Undeclared","Asian","East of England","Norwich and East Norfolk","[c]","[c]","[c]","[c]"
"New entrant CS","2022","Undeclared","Asian","East of England","Peterborough","[c]","[c]","[c]","[c]"
"New entrant CS","2022","Undeclared","Asian","East of England","Southend-on-Sea","[c]","[c]","[c]","[c]"
"New entrant CS","2022","Undeclared","Asian","East of England","Suffolk CC","[c]","[c]","[c]","[c]"
"New entrant CS","2022","Undeclared","Asian","East of England","Thurrock","[c]","[c]","[c]","[c]"
"New entrant CS","2022","Undeclared","Asian","East of England","West Essex","[c]","[c]","[c]","[c]"
"New entrant CS","2022","Undeclared","Asian","London","Barking & Dagenham and Havering","[c]","[c]","[c]","[c]"
"New entrant CS","2022","Undeclared","Asian","London","Barnet","[c]","[c]","[c]","[c]"
"New entrant CS","2022","Undeclared","Asian","London","Bexley and Greenwich","[c]","[c]","[c]","[c]"
"New entrant CS","2022","Undeclared","Asian","London","Brent","[c]","[c]","[c]","[c]"
"New entrant CS","2022","Undeclared","Asian","London","Bromley","[c]","[c]","[c]","[c]"
"New entrant CS","2022","Undeclared","Asian","London","Camden and City of London","[c]","[c]","[c]","[c]"
"New entrant CS","2022","Undeclared","Asian","London","Croydon","[c]","[c]","[c]","[c]"
"New entrant CS","2022","Undeclared","Asian","London","Ealing","[c]","[c]","[c]","[c]"
"New entrant CS","2022","Undeclared","Asian","London","Enfield","[c]","[c]","[c]","[c]"
"New entrant CS","2022","Undeclared","Asian","London","Hackney and Newham","5","[c]","[c]","[c]"
"New entrant CS","2022","Undeclared","Asian","London","Haringey and Islington","[c]","[c]","[c]","[c]"
"New entrant CS","2022","Undeclared","Asian","London","Harrow and Hillingdon","[c]","[c]","[c]","[c]"
"New entrant CS","2022","Undeclared","Asian","London","Hounslow and Richmond upon Thames","[c]","[c]","[c]","[c]"
"New entrant CS","2022","Undeclared","Asian","London","Kensington & Chelsea and Hammersmith & Fulham","[c]","[c]","[c]","[c]"
"New entrant CS","2022","Undeclared","Asian","London","Lambeth","[c]","[c]","[c]","[c]"
"New entrant CS","2022","Undeclared","Asian","London","Lewisham and Southwark","[c]","[c]","[c]","[c]"
"New entrant CS","2022","Undeclared","Asian","London","Merton, Kingston upon Thames and Sutton","[c]","[c]","[c]","[c]"
"New entrant CS","2022","Undeclared","Asian","London","Redbridge and Waltham Forest","[c]","[c]","[c]","[c]"
"New entrant CS","2022","Undeclared","Asian","London","Tower Hamlets","5","[c]","[c]","[c]"
"New entrant CS","2022","Undeclared","Asian","London","Wandsworth","[c]","[c]","[c]","[c]"
"New entrant CS","2022","Undeclared","Asian","London","Westminster","35","[c]","36460","33390"
"New entrant CS","2022","Undeclared","Asian","North East (England)","Darlington","[c]","[c]","[c]","[c]"
"New entrant CS","2022","Undeclared","Asian","North East (England)","Durham","[c]","[c]","[c]","[c]"
"New entrant CS","2022","Undeclared","Asian","North East (England)","Hartlepool and Stockton-on-Tees","[c]","[c]","[c]","[c]"
"New entrant CS","2022","Undeclared","Asian","North East (England)","Northumberland","[c]","[c]","[c]","[c]"
"New entrant CS","2022","Undeclared","Asian","North East (England)","South Teesside","[c]","[c]","[c]","[c]"
"New entrant CS","2022","Undeclared","Asian","North East (England)","Sunderland","[c]","[c]","[c]","[c]"
"New entrant CS","2022","Undeclared","Asian","North East (England)","Tyneside","5","[c]","[c]","[c]"
"New entrant CS","2022","Undeclared","Asian","North West (England)","Blackburn with Darwen","[c]","[c]","[c]","[c]"
"New entrant CS","2022","Undeclared","Asian","North West (England)","Blackpool","[c]","[c]","[c]","[c]"
"New entrant CS","2022","Undeclared","Asian","North West (England)","Cheshire East","[c]","[c]","[c]","[c]"
"New entrant CS","2022","Undeclared","Asian","North West (England)","Cheshire West and Chester","[c]","[c]","[c]","[c]"
"New entrant CS","2022","Undeclared","Asian","North West (England)","Chorley and West Lancashire","[c]","[c]","[c]","[c]"
"New entrant CS","2022","Undeclared","Asian","North West (England)","East Cumbria","[c]","[c]","[c]","[c]"
"New entrant CS","2022","Undeclared","Asian","North West (England)","East Lancashire","[c]","[c]","[c]","[c]"
"New entrant CS","2022","Undeclared","Asian","North West (England)","East Merseyside","[c]","[c]","[c]","[c]"
"New entrant CS","2022","Undeclared","Asian","North West (England)","Greater Manchester North East","[c]","[c]","[c]","[c]"
"New entrant CS","2022","Undeclared","Asian","North West (England)","Greater Manchester North West","[c]","[c]","[c]","[c]"
"New entrant CS","2022","Undeclared","Asian","North West (England)","Greater Manchester South East","[c]","[c]","[c]","[c]"
"New entrant CS","2022","Undeclared","Asian","North West (England)","Greater Manchester South West","5","[c]","[c]","[c]"
"New entrant CS","2022","Undeclared","Asian","North West (England)","Lancaster and Wyre","[c]","[c]","[c]","[c]"
"New entrant CS","2022","Undeclared","Asian","North West (England)","Liverpool","[c]","[c]","[c]","[c]"
"New entrant CS","2022","Undeclared","Asian","North West (England)","Manchester","5","[c]","[c]","[c]"
"New entrant CS","2022","Undeclared","Asian","North West (England)","Mid Lancashire","[c]","[c]","[c]","[c]"
"New entrant CS","2022","Undeclared","Asian","North West (England)","Sefton","[c]","[c]","[c]","[c]"
"New entrant CS","2022","Undeclared","Asian","North West (England)","Warrington","[c]","[c]","[c]","[c]"
"New entrant CS","2022","Undeclared","Asian","North West (England)","West Cumbria","[c]","[c]","[c]","[c]"
"New entrant CS","2022","Undeclared","Asian","North West (England)","Wirral","[c]","[c]","[c]","[c]"
"New entrant CS","2022","Undeclared","Asian","Northern Ireland","Antrim and Newtownabbey","[c]","[c]","[c]","[c]"
"New entrant CS","2022","Undeclared","Asian","Northern Ireland","Ards and North Down","[c]","[c]","[c]","[c]"
"New entrant CS","2022","Undeclared","Asian","Northern Ireland","Armagh City, Banbridge and Craigavon","[c]","[c]","[c]","[c]"
"New entrant CS","2022","Undeclared","Asian","Northern Ireland","Belfast","[c]","[c]","[c]","[c]"
"New entrant CS","2022","Undeclared","Asian","Northern Ireland","Causeway Coast and Glens","[c]","[c]","[c]","[c]"
"New entrant CS","2022","Undeclared","Asian","Northern Ireland","Derry City and Strabane","[c]","[c]","[c]","[c]"
"New entrant CS","2022","Undeclared","Asian","Northern Ireland","Fermanagh and Omagh","[c]","[c]","[c]","[c]"
"New entrant CS","2022","Undeclared","Asian","Northern Ireland","Lisburn and Castlereagh","[c]","[c]","[c]","[c]"
"New entrant CS","2022","Undeclared","Asian","Northern Ireland","Mid and East Antrim","[c]","[c]","[c]","[c]"
"New entrant CS","2022","Undeclared","Asian","Northern Ireland","Mid Ulster","[c]","[c]","[c]","[c]"
"New entrant CS","2022","Undeclared","Asian","Northern Ireland","Newry, Mourne and Down","[c]","[c]","[c]","[c]"
"New entrant CS","2022","Undeclared","Asian","Overseas","Overseas","[c]","[c]","[c]","[c]"
"New entrant CS","2022","Undeclared","Asian","Scotland","Aberdeen City and Aberdeenshire","[c]","[c]","[c]","[c]"
"New entrant CS","2022","Undeclared","Asian","Scotland","Angus and Dundee City","[c]","[c]","[c]","[c]"
"New entrant CS","2022","Undeclared","Asian","Scotland","Caithness and Sutherland, and Ross and Cromarty","[c]","[c]","[c]","[c]"
"New entrant CS","2022","Undeclared","Asian","Scotland","City of Edinburgh","[c]","[c]","[c]","[c]"
"New entrant CS","2022","Undeclared","Asian","Scotland","Clackmannanshire and Fife","[c]","[c]","[c]","[c]"
"New entrant CS","2022","Undeclared","Asian","Scotland","Dumfries and Galloway","[c]","[c]","[c]","[c]"
"New entrant CS","2022","Undeclared","Asian","Scotland","East Ayrshire and North Ayrshire mainland","[c]","[c]","[c]","[c]"
"New entrant CS","2022","Undeclared","Asian","Scotland","East Dunbartonshire, West Dunbartonshire, and Helensburgh and Lomond","[c]","[c]","[c]","[c]"
"New entrant CS","2022","Undeclared","Asian","Scotland","East Lothian and Midlothian","[c]","[c]","[c]","[c]"
"New entrant CS","2022","Undeclared","Asian","Scotland","Falkirk","[c]","[c]","[c]","[c]"
"New entrant CS","2022","Undeclared","Asian","Scotland","Glasgow City","[c]","[c]","[c]","[c]"
"New entrant CS","2022","Undeclared","Asian","Scotland","Inverclyde, East Renfrewshire, and Renfrewshire","[c]","[c]","[c]","[c]"
"New entrant CS","2022","Undeclared","Asian","Scotland","Inverness and Nairn, Moray, and Badenoch and Strathspey","[c]","[c]","[c]","[c]"
"New entrant CS","2022","Undeclared","Asian","Scotland","Lochaber, Skye and Lochalsh, Arran and Cumbrae, and Argyll and Bute","[c]","[c]","[c]","[c]"
"New entrant CS","2022","Undeclared","Asian","Scotland","Na h-Eileanan Siar","[c]","[c]","[c]","[c]"
"New entrant CS","2022","Undeclared","Asian","Scotland","North Lanarkshire","[c]","[c]","[c]","[c]"
"New entrant CS","2022","Undeclared","Asian","Scotland","Orkney Islands","[c]","[c]","[c]","[c]"
"New entrant CS","2022","Undeclared","Asian","Scotland","Perth and Kinross, and Stirling","[c]","[c]","[c]","[c]"
"New entrant CS","2022","Undeclared","Asian","Scotland","Scottish Borders","[c]","[c]","[c]","[c]"
"New entrant CS","2022","Undeclared","Asian","Scotland","Shetland Islands","[c]","[c]","[c]","[c]"
"New entrant CS","2022","Undeclared","Asian","Scotland","South Ayrshire","[c]","[c]","[c]","[c]"
"New entrant CS","2022","Undeclared","Asian","Scotland","South Lanarkshire","[c]","[c]","[c]","[c]"
"New entrant CS","2022","Undeclared","Asian","Scotland","West Lothian","[c]","[c]","[c]","[c]"
"New entrant CS","2022","Undeclared","Asian","South East (England)","Berkshire","[c]","[c]","[c]","[c]"
"New entrant CS","2022","Undeclared","Asian","South East (England)","Brighton and Hove","[c]","[c]","[c]","[c]"
"New entrant CS","2022","Undeclared","Asian","South East (England)","Buckinghamshire","[c]","[c]","[c]","[c]"
"New entrant CS","2022","Undeclared","Asian","South East (England)","Central Hampshire","[c]","[c]","[c]","[c]"
"New entrant CS","2022","Undeclared","Asian","South East (England)","East Kent","[c]","[c]","[c]","[c]"
"New entrant CS","2022","Undeclared","Asian","South East (England)","East Surrey","[c]","[c]","[c]","[c]"
"New entrant CS","2022","Undeclared","Asian","South East (England)","East Sussex CC","[c]","[c]","[c]","[c]"
"New entrant CS","2022","Undeclared","Asian","South East (England)","Isle of Wight","[c]","[c]","[c]","[c]"
"New entrant CS","2022","Undeclared","Asian","South East (England)","Kent Thames Gateway","[c]","[c]","[c]","[c]"
"New entrant CS","2022","Undeclared","Asian","South East (England)","Medway","[c]","[c]","[c]","[c]"
"New entrant CS","2022","Undeclared","Asian","South East (England)","Mid Kent","[c]","[c]","[c]","[c]"
"New entrant CS","2022","Undeclared","Asian","South East (England)","Milton Keynes","[c]","[c]","[c]","[c]"
"New entrant CS","2022","Undeclared","Asian","South East (England)","North Hampshire","[c]","[c]","[c]","[c]"
"New entrant CS","2022","Undeclared","Asian","South East (England)","Oxfordshire CC","[c]","[c]","[c]","[c]"
"New entrant CS","2022","Undeclared","Asian","South East (England)","Portsmouth","[c]","[c]","[c]","[c]"
"New entrant CS","2022","Undeclared","Asian","South East (England)","South Hampshire","[c]","[c]","[c]","[c]"
"New entrant CS","2022","Undeclared","Asian","South East (England)","Southampton","[c]","[c]","[c]","[c]"
"New entrant CS","2022","Undeclared","Asian","South East (England)","West Kent","[c]","[c]","[c]","[c]"
"New entrant CS","2022","Undeclared","Asian","South East (England)","West Surrey","[c]","[c]","[c]","[c]"
"New entrant CS","2022","Undeclared","Asian","South East (England)","West Sussex (North East)","[c]","[c]","[c]","[c]"
"New entrant CS","2022","Undeclared","Asian","South East (England)","West Sussex (South West)","[c]","[c]","[c]","[c]"
"New entrant CS","2022","Undeclared","Asian","South West (England)","Bath and North East Somerset, North Somerset and South Gloucestershire","[c]","[c]","[c]","[c]"
"New entrant CS","2022","Undeclared","Asian","South West (England)","Bournemouth, Christchurch and Poole","[c]","[c]","[c]","[c]"
"New entrant CS","2022","Undeclared","Asian","South West (England)","Bristol, City of","[c]","[c]","[c]","[c]"
"New entrant CS","2022","Undeclared","Asian","South West (England)","Cornwall and Isles of Scilly","[c]","[c]","[c]","[c]"
"New entrant CS","2022","Undeclared","Asian","South West (England)","Devon CC","[c]","[c]","[c]","[c]"
"New entrant CS","2022","Undeclared","Asian","South West (England)","Dorset","[c]","[c]","[c]","[c]"
"New entrant CS","2022","Undeclared","Asian","South West (England)","Gloucestershire CC","[c]","[c]","[c]","[c]"
"New entrant CS","2022","Undeclared","Asian","South West (England)","Plymouth","[c]","[c]","[c]","[c]"
"New entrant CS","2022","Undeclared","Asian","South West (England)","Somerset CC","[c]","[c]","[c]","[c]"
"New entrant CS","2022","Undeclared","Asian","South West (England)","Swindon","[c]","[c]","[c]","[c]"
"New entrant CS","2022","Undeclared","Asian","South West (England)","Torbay","[c]","[c]","[c]","[c]"
"New entrant CS","2022","Undeclared","Asian","South West (England)","Wiltshire","[c]","[c]","[c]","[c]"
"New entrant CS","2022","Undeclared","Asian","Unknown","Unknown","[c]","[c]","[c]","[c]"
"New entrant CS","2022","Undeclared","Asian","Wales","Bridgend and Neath Port Talbot","[c]","[c]","[c]","[c]"
"New entrant CS","2022","Undeclared","Asian","Wales","Cardiff and Vale of Glamorgan","[c]","[c]","[c]","[c]"
"New entrant CS","2022","Undeclared","Asian","Wales","Central Valleys","[c]","[c]","[c]","[c]"
"New entrant CS","2022","Undeclared","Asian","Wales","Conwy and Denbighshire","[c]","[c]","[c]","[c]"
"New entrant CS","2022","Undeclared","Asian","Wales","Flintshire and Wrexham","[c]","[c]","[c]","[c]"
"New entrant CS","2022","Undeclared","Asian","Wales","Gwent Valleys","[c]","[c]","[c]","[c]"
"New entrant CS","2022","Undeclared","Asian","Wales","Gwynedd","[c]","[c]","[c]","[c]"
"New entrant CS","2022","Undeclared","Asian","Wales","Isle of Anglesey","[c]","[c]","[c]","[c]"
"New entrant CS","2022","Undeclared","Asian","Wales","Monmouthshire and Newport","[c]","[c]","[c]","[c]"
"New entrant CS","2022","Undeclared","Asian","Wales","Powys","[c]","[c]","[c]","[c]"
"New entrant CS","2022","Undeclared","Asian","Wales","South West Wales","[c]","[c]","[c]","[c]"
"New entrant CS","2022","Undeclared","Asian","Wales","Swansea","[c]","[c]","[c]","[c]"
"New entrant CS","2022","Undeclared","Asian","West Midlands (England)","Birmingham","15","[c]","[c]","[c]"
"New entrant CS","2022","Undeclared","Asian","West Midlands (England)","Coventry","[c]","[c]","[c]","[c]"
"New entrant CS","2022","Undeclared","Asian","West Midlands (England)","Dudley","[c]","[c]","[c]","[c]"
"New entrant CS","2022","Undeclared","Asian","West Midlands (England)","Herefordshire, County of","[c]","[c]","[c]","[c]"
"New entrant CS","2022","Undeclared","Asian","West Midlands (England)","Sandwell","[c]","[c]","[c]","[c]"
"New entrant CS","2022","Undeclared","Asian","West Midlands (England)","Shropshire","[c]","[c]","[c]","[c]"
"New entrant CS","2022","Undeclared","Asian","West Midlands (England)","Solihull","[c]","[c]","[c]","[c]"
"New entrant CS","2022","Undeclared","Asian","West Midlands (England)","Staffordshire CC","[c]","[c]","[c]","[c]"
"New entrant CS","2022","Undeclared","Asian","West Midlands (England)","Stoke-on-Trent","[c]","[c]","[c]","[c]"
"New entrant CS","2022","Undeclared","Asian","West Midlands (England)","Telford and Wrekin","[c]","[c]","[c]","[c]"
"New entrant CS","2022","Undeclared","Asian","West Midlands (England)","Walsall","[c]","[c]","[c]","[c]"
"New entrant CS","2022","Undeclared","Asian","West Midlands (England)","Warwickshire CC","[c]","[c]","[c]","[c]"
"New entrant CS","2022","Undeclared","Asian","West Midlands (England)","Wolverhampton","[c]","[c]","[c]","[c]"
"New entrant CS","2022","Undeclared","Asian","West Midlands (England)","Worcestershire CC","[c]","[c]","[c]","[c]"
"New entrant CS","2022","Undeclared","Asian","Yorkshire and The Humber","Barnsley, Doncaster and Rotherham","[c]","[c]","[c]","[c]"
"New entrant CS","2022","Undeclared","Asian","Yorkshire and The Humber","Bradford","10","[c]","[c]","[c]"
"New entrant CS","2022","Undeclared","Asian","Yorkshire and The Humber","Calderdale and Kirklees","[c]","[c]","[c]","[c]"
"New entrant CS","2022","Undeclared","Asian","Yorkshire and The Humber","East Riding of Yorkshire","[c]","[c]","[c]","[c]"
"New entrant CS","2022","Undeclared","Asian","Yorkshire and The Humber","Kingston upon Hull, City of","[c]","[c]","[c]","[c]"
"New entrant CS","2022","Undeclared","Asian","Yorkshire and The Humber","Leeds","10","[c]","[c]","[c]"
"New entrant CS","2022","Undeclared","Asian","Yorkshire and The Humber","North and North East Lincolnshire","[c]","[c]","[c]","[c]"
"New entrant CS","2022","Undeclared","Asian","Yorkshire and The Humber","North Yorkshire CC","[c]","[c]","[c]","[c]"
"New entrant CS","2022","Undeclared","Asian","Yorkshire and The Humber","Sheffield","[c]","[c]","[c]","[c]"
"New entrant CS","2022","Undeclared","Asian","Yorkshire and The Humber","Wakefield","[c]","[c]","[c]","[c]"
"New entrant CS","2022","Undeclared","Asian","Yorkshire and The Humber","York","[c]","[c]","[c]","[c]"
"New entrant CS","2022","Undeclared","Black","East Midlands (England)","Derby","[c]","[c]","[c]","[c]"
"New entrant CS","2022","Undeclared","Black","East Midlands (England)","East Derbyshire","[c]","[c]","[c]","[c]"
"New entrant CS","2022","Undeclared","Black","East Midlands (England)","Leicester","[c]","[c]","[c]","[c]"
"New entrant CS","2022","Undeclared","Black","East Midlands (England)","Leicestershire CC and Rutland","[c]","[c]","[c]","[c]"
"New entrant CS","2022","Undeclared","Black","East Midlands (England)","Lincolnshire CC","[c]","[c]","[c]","[c]"
"New entrant CS","2022","Undeclared","Black","East Midlands (England)","North Northamptonshire","[c]","[c]","[c]","[c]"
"New entrant CS","2022","Undeclared","Black","East Midlands (England)","North Nottinghamshire","[c]","[c]","[c]","[c]"
"New entrant CS","2022","Undeclared","Black","East Midlands (England)","Nottingham","[c]","[c]","[c]","[c]"
"New entrant CS","2022","Undeclared","Black","East Midlands (England)","South and West Derbyshire","[c]","[c]","[c]","[c]"
"New entrant CS","2022","Undeclared","Black","East Midlands (England)","South Nottinghamshire","[c]","[c]","[c]","[c]"
"New entrant CS","2022","Undeclared","Black","East Midlands (England)","West Northamptonshire","[c]","[c]","[c]","[c]"
"New entrant CS","2022","Undeclared","Black","East of England","Bedford","[c]","[c]","[c]","[c]"
"New entrant CS","2022","Undeclared","Black","East of England","Breckland and South Norfolk","[c]","[c]","[c]","[c]"
"New entrant CS","2022","Undeclared","Black","East of England","Cambridgeshire CC","[c]","[c]","[c]","[c]"
"New entrant CS","2022","Undeclared","Black","East of England","Central Bedfordshire","[c]","[c]","[c]","[c]"
"New entrant CS","2022","Undeclared","Black","East of England","Essex Haven Gateway","[c]","[c]","[c]","[c]"
"New entrant CS","2022","Undeclared","Black","East of England","Essex Thames Gateway","[c]","[c]","[c]","[c]"
"New entrant CS","2022","Undeclared","Black","East of England","Heart of Essex","[c]","[c]","[c]","[c]"
"New entrant CS","2022","Undeclared","Black","East of England","Hertfordshire CC","[c]","[c]","[c]","[c]"
"New entrant CS","2022","Undeclared","Black","East of England","Luton","[c]","[c]","[c]","[c]"
"New entrant CS","2022","Undeclared","Black","East of England","North and West Norfolk","[c]","[c]","[c]","[c]"
"New entrant CS","2022","Undeclared","Black","East of England","Norwich and East Norfolk","[c]","[c]","[c]","[c]"
"New entrant CS","2022","Undeclared","Black","East of England","Peterborough","[c]","[c]","[c]","[c]"
"New entrant CS","2022","Undeclared","Black","East of England","Southend-on-Sea","[c]","[c]","[c]","[c]"
"New entrant CS","2022","Undeclared","Black","East of England","Suffolk CC","[c]","[c]","[c]","[c]"
"New entrant CS","2022","Undeclared","Black","East of England","Thurrock","[c]","[c]","[c]","[c]"
"New entrant CS","2022","Undeclared","Black","East of England","West Essex","[c]","[c]","[c]","[c]"
"New entrant CS","2022","Undeclared","Black","London","Barking & Dagenham and Havering","[c]","[c]","[c]","[c]"
"New entrant CS","2022","Undeclared","Black","London","Barnet","[c]","[c]","[c]","[c]"
"New entrant CS","2022","Undeclared","Black","London","Bexley and Greenwich","[c]","[c]","[c]","[c]"
"New entrant CS","2022","Undeclared","Black","London","Brent","[c]","[c]","[c]","[c]"
"New entrant CS","2022","Undeclared","Black","London","Bromley","[c]","[c]","[c]","[c]"
"New entrant CS","2022","Undeclared","Black","London","Camden and City of London","[c]","[c]","[c]","[c]"
"New entrant CS","2022","Undeclared","Black","London","Croydon","5","[c]","[c]","[c]"
"New entrant CS","2022","Undeclared","Black","London","Ealing","[c]","[c]","[c]","[c]"
"New entrant CS","2022","Undeclared","Black","London","Enfield","[c]","[c]","[c]","[c]"
"New entrant CS","2022","Undeclared","Black","London","Hackney and Newham","[c]","[c]","[c]","[c]"
"New entrant CS","2022","Undeclared","Black","London","Haringey and Islington","[c]","[c]","[c]","[c]"
"New entrant CS","2022","Undeclared","Black","London","Harrow and Hillingdon","[c]","[c]","[c]","[c]"
"New entrant CS","2022","Undeclared","Black","London","Hounslow and Richmond upon Thames","[c]","[c]","[c]","[c]"
"New entrant CS","2022","Undeclared","Black","London","Kensington & Chelsea and Hammersmith & Fulham","[c]","[c]","[c]","[c]"
"New entrant CS","2022","Undeclared","Black","London","Lambeth","[c]","[c]","[c]","[c]"
"New entrant CS","2022","Undeclared","Black","London","Lewisham and Southwark","[c]","[c]","[c]","[c]"
"New entrant CS","2022","Undeclared","Black","London","Merton, Kingston upon Thames and Sutton","[c]","[c]","[c]","[c]"
"New entrant CS","2022","Undeclared","Black","London","Redbridge and Waltham Forest","[c]","[c]","[c]","[c]"
"New entrant CS","2022","Undeclared","Black","London","Tower Hamlets","[c]","[c]","[c]","[c]"
"New entrant CS","2022","Undeclared","Black","London","Wandsworth","[c]","[c]","[c]","[c]"
"New entrant CS","2022","Undeclared","Black","London","Westminster","20","[c]","[c]","[c]"
"New entrant CS","2022","Undeclared","Black","North East (England)","Darlington","[c]","[c]","[c]","[c]"
"New entrant CS","2022","Undeclared","Black","North East (England)","Durham","[c]","[c]","[c]","[c]"
"New entrant CS","2022","Undeclared","Black","North East (England)","Hartlepool and Stockton-on-Tees","[c]","[c]","[c]","[c]"
"New entrant CS","2022","Undeclared","Black","North East (England)","Northumberland","[c]","[c]","[c]","[c]"
"New entrant CS","2022","Undeclared","Black","North East (England)","South Teesside","[c]","[c]","[c]","[c]"
"New entrant CS","2022","Undeclared","Black","North East (England)","Sunderland","[c]","[c]","[c]","[c]"
"New entrant CS","2022","Undeclared","Black","North East (England)","Tyneside","[c]","[c]","[c]","[c]"
"New entrant CS","2022","Undeclared","Black","North West (England)","Blackburn with Darwen","[c]","[c]","[c]","[c]"
"New entrant CS","2022","Undeclared","Black","North West (England)","Blackpool","[c]","[c]","[c]","[c]"
"New entrant CS","2022","Undeclared","Black","North West (England)","Cheshire East","[c]","[c]","[c]","[c]"
"New entrant CS","2022","Undeclared","Black","North West (England)","Cheshire West and Chester","[c]","[c]","[c]","[c]"
"New entrant CS","2022","Undeclared","Black","North West (England)","Chorley and West Lancashire","[c]","[c]","[c]","[c]"
"New entrant CS","2022","Undeclared","Black","North West (England)","East Cumbria","[c]","[c]","[c]","[c]"
"New entrant CS","2022","Undeclared","Black","North West (England)","East Lancashire","[c]","[c]","[c]","[c]"
"New entrant CS","2022","Undeclared","Black","North West (England)","East Merseyside","[c]","[c]","[c]","[c]"
"New entrant CS","2022","Undeclared","Black","North West (England)","Greater Manchester North East","[c]","[c]","[c]","[c]"
"New entrant CS","2022","Undeclared","Black","North West (England)","Greater Manchester North West","[c]","[c]","[c]","[c]"
"New entrant CS","2022","Undeclared","Black","North West (England)","Greater Manchester South East","[c]","[c]","[c]","[c]"
"New entrant CS","2022","Undeclared","Black","North West (England)","Greater Manchester South West","[c]","[c]","[c]","[c]"
"New entrant CS","2022","Undeclared","Black","North West (England)","Lancaster and Wyre","[c]","[c]","[c]","[c]"
"New entrant CS","2022","Undeclared","Black","North West (England)","Liverpool","[c]","[c]","[c]","[c]"
"New entrant CS","2022","Undeclared","Black","North West (England)","Manchester","[c]","[c]","[c]","[c]"
"New entrant CS","2022","Undeclared","Black","North West (England)","Mid Lancashire","[c]","[c]","[c]","[c]"
"New entrant CS","2022","Undeclared","Black","North West (England)","Sefton","[c]","[c]","[c]","[c]"
"New entrant CS","2022","Undeclared","Black","North West (England)","Warrington","[c]","[c]","[c]","[c]"
"New entrant CS","2022","Undeclared","Black","North West (England)","West Cumbria","[c]","[c]","[c]","[c]"
"New entrant CS","2022","Undeclared","Black","North West (England)","Wirral","[c]","[c]","[c]","[c]"
"New entrant CS","2022","Undeclared","Black","Northern Ireland","Antrim and Newtownabbey","[c]","[c]","[c]","[c]"
"New entrant CS","2022","Undeclared","Black","Northern Ireland","Ards and North Down","[c]","[c]","[c]","[c]"
"New entrant CS","2022","Undeclared","Black","Northern Ireland","Armagh City, Banbridge and Craigavon","[c]","[c]","[c]","[c]"
"New entrant CS","2022","Undeclared","Black","Northern Ireland","Belfast","[c]","[c]","[c]","[c]"
"New entrant CS","2022","Undeclared","Black","Northern Ireland","Causeway Coast and Glens","[c]","[c]","[c]","[c]"
"New entrant CS","2022","Undeclared","Black","Northern Ireland","Derry City and Strabane","[c]","[c]","[c]","[c]"
"New entrant CS","2022","Undeclared","Black","Northern Ireland","Fermanagh and Omagh","[c]","[c]","[c]","[c]"
"New entrant CS","2022","Undeclared","Black","Northern Ireland","Lisburn and Castlereagh","[c]","[c]","[c]","[c]"
"New entrant CS","2022","Undeclared","Black","Northern Ireland","Mid and East Antrim","[c]","[c]","[c]","[c]"
"New entrant CS","2022","Undeclared","Black","Northern Ireland","Mid Ulster","[c]","[c]","[c]","[c]"
"New entrant CS","2022","Undeclared","Black","Northern Ireland","Newry, Mourne and Down","[c]","[c]","[c]","[c]"
"New entrant CS","2022","Undeclared","Black","Overseas","Overseas","[c]","[c]","[c]","[c]"
"New entrant CS","2022","Undeclared","Black","Scotland","Aberdeen City and Aberdeenshire","[c]","[c]","[c]","[c]"
"New entrant CS","2022","Undeclared","Black","Scotland","Angus and Dundee City","[c]","[c]","[c]","[c]"
"New entrant CS","2022","Undeclared","Black","Scotland","Caithness and Sutherland, and Ross and Cromarty","[c]","[c]","[c]","[c]"
"New entrant CS","2022","Undeclared","Black","Scotland","City of Edinburgh","[c]","[c]","[c]","[c]"
"New entrant CS","2022","Undeclared","Black","Scotland","Clackmannanshire and Fife","[c]","[c]","[c]","[c]"
"New entrant CS","2022","Undeclared","Black","Scotland","Dumfries and Galloway","[c]","[c]","[c]","[c]"
"New entrant CS","2022","Undeclared","Black","Scotland","East Ayrshire and North Ayrshire mainland","[c]","[c]","[c]","[c]"
"New entrant CS","2022","Undeclared","Black","Scotland","East Dunbartonshire, West Dunbartonshire, and Helensburgh and Lomond","[c]","[c]","[c]","[c]"
"New entrant CS","2022","Undeclared","Black","Scotland","East Lothian and Midlothian","[c]","[c]","[c]","[c]"
"New entrant CS","2022","Undeclared","Black","Scotland","Falkirk","[c]","[c]","[c]","[c]"
"New entrant CS","2022","Undeclared","Black","Scotland","Glasgow City","[c]","[c]","[c]","[c]"
"New entrant CS","2022","Undeclared","Black","Scotland","Inverclyde, East Renfrewshire, and Renfrewshire","[c]","[c]","[c]","[c]"
"New entrant CS","2022","Undeclared","Black","Scotland","Inverness and Nairn, Moray, and Badenoch and Strathspey","[c]","[c]","[c]","[c]"
"New entrant CS","2022","Undeclared","Black","Scotland","Lochaber, Skye and Lochalsh, Arran and Cumbrae, and Argyll and Bute","[c]","[c]","[c]","[c]"
"New entrant CS","2022","Undeclared","Black","Scotland","Na h-Eileanan Siar","[c]","[c]","[c]","[c]"
"New entrant CS","2022","Undeclared","Black","Scotland","North Lanarkshire","[c]","[c]","[c]","[c]"
"New entrant CS","2022","Undeclared","Black","Scotland","Orkney Islands","[c]","[c]","[c]","[c]"
"New entrant CS","2022","Undeclared","Black","Scotland","Perth and Kinross, and Stirling","[c]","[c]","[c]","[c]"
"New entrant CS","2022","Undeclared","Black","Scotland","Scottish Borders","[c]","[c]","[c]","[c]"
"New entrant CS","2022","Undeclared","Black","Scotland","Shetland Islands","[c]","[c]","[c]","[c]"
"New entrant CS","2022","Undeclared","Black","Scotland","South Ayrshire","[c]","[c]","[c]","[c]"
"New entrant CS","2022","Undeclared","Black","Scotland","South Lanarkshire","[c]","[c]","[c]","[c]"
"New entrant CS","2022","Undeclared","Black","Scotland","West Lothian","[c]","[c]","[c]","[c]"
"New entrant CS","2022","Undeclared","Black","South East (England)","Berkshire","[c]","[c]","[c]","[c]"
"New entrant CS","2022","Undeclared","Black","South East (England)","Brighton and Hove","[c]","[c]","[c]","[c]"
"New entrant CS","2022","Undeclared","Black","South East (England)","Buckinghamshire","[c]","[c]","[c]","[c]"
"New entrant CS","2022","Undeclared","Black","South East (England)","Central Hampshire","[c]","[c]","[c]","[c]"
"New entrant CS","2022","Undeclared","Black","South East (England)","East Kent","[c]","[c]","[c]","[c]"
"New entrant CS","2022","Undeclared","Black","South East (England)","East Surrey","[c]","[c]","[c]","[c]"
"New entrant CS","2022","Undeclared","Black","South East (England)","East Sussex CC","[c]","[c]","[c]","[c]"
"New entrant CS","2022","Undeclared","Black","South East (England)","Isle of Wight","[c]","[c]","[c]","[c]"
"New entrant CS","2022","Undeclared","Black","South East (England)","Kent Thames Gateway","[c]","[c]","[c]","[c]"
"New entrant CS","2022","Undeclared","Black","South East (England)","Medway","[c]","[c]","[c]","[c]"
"New entrant CS","2022","Undeclared","Black","South East (England)","Mid Kent","[c]","[c]","[c]","[c]"
"New entrant CS","2022","Undeclared","Black","South East (England)","Milton Keynes","[c]","[c]","[c]","[c]"
"New entrant CS","2022","Undeclared","Black","South East (England)","North Hampshire","[c]","[c]","[c]","[c]"
"New entrant CS","2022","Undeclared","Black","South East (England)","Oxfordshire CC","[c]","[c]","[c]","[c]"
"New entrant CS","2022","Undeclared","Black","South East (England)","Portsmouth","[c]","[c]","[c]","[c]"
"New entrant CS","2022","Undeclared","Black","South East (England)","South Hampshire","[c]","[c]","[c]","[c]"
"New entrant CS","2022","Undeclared","Black","South East (England)","Southampton","[c]","[c]","[c]","[c]"
"New entrant CS","2022","Undeclared","Black","South East (England)","West Kent","[c]","[c]","[c]","[c]"
"New entrant CS","2022","Undeclared","Black","South East (England)","West Surrey","[c]","[c]","[c]","[c]"
"New entrant CS","2022","Undeclared","Black","South East (England)","West Sussex (North East)","[c]","[c]","[c]","[c]"
"New entrant CS","2022","Undeclared","Black","South East (England)","West Sussex (South West)","[c]","[c]","[c]","[c]"
"New entrant CS","2022","Undeclared","Black","South West (England)","Bath and North East Somerset, North Somerset and South Gloucestershire","[c]","[c]","[c]","[c]"
"New entrant CS","2022","Undeclared","Black","South West (England)","Bournemouth, Christchurch and Poole","[c]","[c]","[c]","[c]"
"New entrant CS","2022","Undeclared","Black","South West (England)","Bristol, City of","[c]","[c]","[c]","[c]"
"New entrant CS","2022","Undeclared","Black","South West (England)","Cornwall and Isles of Scilly","[c]","[c]","[c]","[c]"
"New entrant CS","2022","Undeclared","Black","South West (England)","Devon CC","[c]","[c]","[c]","[c]"
"New entrant CS","2022","Undeclared","Black","South West (England)","Dorset","[c]","[c]","[c]","[c]"
"New entrant CS","2022","Undeclared","Black","South West (England)","Gloucestershire CC","[c]","[c]","[c]","[c]"
"New entrant CS","2022","Undeclared","Black","South West (England)","Plymouth","[c]","[c]","[c]","[c]"
"New entrant CS","2022","Undeclared","Black","South West (England)","Somerset CC","[c]","[c]","[c]","[c]"
"New entrant CS","2022","Undeclared","Black","South West (England)","Swindon","[c]","[c]","[c]","[c]"
"New entrant CS","2022","Undeclared","Black","South West (England)","Torbay","[c]","[c]","[c]","[c]"
"New entrant CS","2022","Undeclared","Black","South West (England)","Wiltshire","[c]","[c]","[c]","[c]"
"New entrant CS","2022","Undeclared","Black","Unknown","Unknown","[c]","[c]","[c]","[c]"
"New entrant CS","2022","Undeclared","Black","Wales","Bridgend and Neath Port Talbot","[c]","[c]","[c]","[c]"
"New entrant CS","2022","Undeclared","Black","Wales","Cardiff and Vale of Glamorgan","[c]","[c]","[c]","[c]"
"New entrant CS","2022","Undeclared","Black","Wales","Central Valleys","[c]","[c]","[c]","[c]"
"New entrant CS","2022","Undeclared","Black","Wales","Conwy and Denbighshire","[c]","[c]","[c]","[c]"
"New entrant CS","2022","Undeclared","Black","Wales","Flintshire and Wrexham","[c]","[c]","[c]","[c]"
"New entrant CS","2022","Undeclared","Black","Wales","Gwent Valleys","[c]","[c]","[c]","[c]"
"New entrant CS","2022","Undeclared","Black","Wales","Gwynedd","[c]","[c]","[c]","[c]"
"New entrant CS","2022","Undeclared","Black","Wales","Isle of Anglesey","[c]","[c]","[c]","[c]"
"New entrant CS","2022","Undeclared","Black","Wales","Monmouthshire and Newport","[c]","[c]","[c]","[c]"
"New entrant CS","2022","Undeclared","Black","Wales","Powys","[c]","[c]","[c]","[c]"
"New entrant CS","2022","Undeclared","Black","Wales","South West Wales","[c]","[c]","[c]","[c]"
"New entrant CS","2022","Undeclared","Black","Wales","Swansea","[c]","[c]","[c]","[c]"
"New entrant CS","2022","Undeclared","Black","West Midlands (England)","Birmingham","[c]","[c]","[c]","[c]"
"New entrant CS","2022","Undeclared","Black","West Midlands (England)","Coventry","[c]","[c]","[c]","[c]"
"New entrant CS","2022","Undeclared","Black","West Midlands (England)","Dudley","[c]","[c]","[c]","[c]"
"New entrant CS","2022","Undeclared","Black","West Midlands (England)","Herefordshire, County of","[c]","[c]","[c]","[c]"
"New entrant CS","2022","Undeclared","Black","West Midlands (England)","Sandwell","[c]","[c]","[c]","[c]"
"New entrant CS","2022","Undeclared","Black","West Midlands (England)","Shropshire","[c]","[c]","[c]","[c]"
"New entrant CS","2022","Undeclared","Black","West Midlands (England)","Solihull","[c]","[c]","[c]","[c]"
"New entrant CS","2022","Undeclared","Black","West Midlands (England)","Staffordshire CC","[c]","[c]","[c]","[c]"
"New entrant CS","2022","Undeclared","Black","West Midlands (England)","Stoke-on-Trent","[c]","[c]","[c]","[c]"
"New entrant CS","2022","Undeclared","Black","West Midlands (England)","Telford and Wrekin","[c]","[c]","[c]","[c]"
"New entrant CS","2022","Undeclared","Black","West Midlands (England)","Walsall","[c]","[c]","[c]","[c]"
"New entrant CS","2022","Undeclared","Black","West Midlands (England)","Warwickshire CC","[c]","[c]","[c]","[c]"
"New entrant CS","2022","Undeclared","Black","West Midlands (England)","Wolverhampton","[c]","[c]","[c]","[c]"
"New entrant CS","2022","Undeclared","Black","West Midlands (England)","Worcestershire CC","[c]","[c]","[c]","[c]"
"New entrant CS","2022","Undeclared","Black","Yorkshire and The Humber","Barnsley, Doncaster and Rotherham","[c]","[c]","[c]","[c]"
"New entrant CS","2022","Undeclared","Black","Yorkshire and The Humber","Bradford","[c]","[c]","[c]","[c]"
"New entrant CS","2022","Undeclared","Black","Yorkshire and The Humber","Calderdale and Kirklees","[c]","[c]","[c]","[c]"
"New entrant CS","2022","Undeclared","Black","Yorkshire and The Humber","East Riding of Yorkshire","[c]","[c]","[c]","[c]"
"New entrant CS","2022","Undeclared","Black","Yorkshire and The Humber","Kingston upon Hull, City of","[c]","[c]","[c]","[c]"
"New entrant CS","2022","Undeclared","Black","Yorkshire and The Humber","Leeds","[c]","[c]","[c]","[c]"
"New entrant CS","2022","Undeclared","Black","Yorkshire and The Humber","North and North East Lincolnshire","[c]","[c]","[c]","[c]"
"New entrant CS","2022","Undeclared","Black","Yorkshire and The Humber","North Yorkshire CC","[c]","[c]","[c]","[c]"
"New entrant CS","2022","Undeclared","Black","Yorkshire and The Humber","Sheffield","[c]","[c]","[c]","[c]"
"New entrant CS","2022","Undeclared","Black","Yorkshire and The Humber","Wakefield","[c]","[c]","[c]","[c]"
"New entrant CS","2022","Undeclared","Black","Yorkshire and The Humber","York","[c]","[c]","[c]","[c]"
"New entrant CS","2022","Undeclared","Mixed","East Midlands (England)","Derby","[c]","[c]","[c]","[c]"
"New entrant CS","2022","Undeclared","Mixed","East Midlands (England)","East Derbyshire","[c]","[c]","[c]","[c]"
"New entrant CS","2022","Undeclared","Mixed","East Midlands (England)","Leicester","[c]","[c]","[c]","[c]"
"New entrant CS","2022","Undeclared","Mixed","East Midlands (England)","Leicestershire CC and Rutland","[c]","[c]","[c]","[c]"
"New entrant CS","2022","Undeclared","Mixed","East Midlands (England)","Lincolnshire CC","[c]","[c]","[c]","[c]"
"New entrant CS","2022","Undeclared","Mixed","East Midlands (England)","North Northamptonshire","[c]","[c]","[c]","[c]"
"New entrant CS","2022","Undeclared","Mixed","East Midlands (England)","North Nottinghamshire","[c]","[c]","[c]","[c]"
"New entrant CS","2022","Undeclared","Mixed","East Midlands (England)","Nottingham","[c]","[c]","[c]","[c]"
"New entrant CS","2022","Undeclared","Mixed","East Midlands (England)","South and West Derbyshire","[c]","[c]","[c]","[c]"
"New entrant CS","2022","Undeclared","Mixed","East Midlands (England)","South Nottinghamshire","[c]","[c]","[c]","[c]"
"New entrant CS","2022","Undeclared","Mixed","East Midlands (England)","West Northamptonshire","[c]","[c]","[c]","[c]"
"New entrant CS","2022","Undeclared","Mixed","East of England","Bedford","[c]","[c]","[c]","[c]"
"New entrant CS","2022","Undeclared","Mixed","East of England","Breckland and South Norfolk","[c]","[c]","[c]","[c]"
"New entrant CS","2022","Undeclared","Mixed","East of England","Cambridgeshire CC","[c]","[c]","[c]","[c]"
"New entrant CS","2022","Undeclared","Mixed","East of England","Central Bedfordshire","[c]","[c]","[c]","[c]"
"New entrant CS","2022","Undeclared","Mixed","East of England","Essex Haven Gateway","[c]","[c]","[c]","[c]"
"New entrant CS","2022","Undeclared","Mixed","East of England","Essex Thames Gateway","[c]","[c]","[c]","[c]"
"New entrant CS","2022","Undeclared","Mixed","East of England","Heart of Essex","[c]","[c]","[c]","[c]"
"New entrant CS","2022","Undeclared","Mixed","East of England","Hertfordshire CC","[c]","[c]","[c]","[c]"
"New entrant CS","2022","Undeclared","Mixed","East of England","Luton","[c]","[c]","[c]","[c]"
"New entrant CS","2022","Undeclared","Mixed","East of England","North and West Norfolk","[c]","[c]","[c]","[c]"
"New entrant CS","2022","Undeclared","Mixed","East of England","Norwich and East Norfolk","[c]","[c]","[c]","[c]"
"New entrant CS","2022","Undeclared","Mixed","East of England","Peterborough","[c]","[c]","[c]","[c]"
"New entrant CS","2022","Undeclared","Mixed","East of England","Southend-on-Sea","[c]","[c]","[c]","[c]"
"New entrant CS","2022","Undeclared","Mixed","East of England","Suffolk CC","[c]","[c]","[c]","[c]"
"New entrant CS","2022","Undeclared","Mixed","East of England","Thurrock","[c]","[c]","[c]","[c]"
"New entrant CS","2022","Undeclared","Mixed","East of England","West Essex","[c]","[c]","[c]","[c]"
"New entrant CS","2022","Undeclared","Mixed","London","Barking & Dagenham and Havering","[c]","[c]","[c]","[c]"
"New entrant CS","2022","Undeclared","Mixed","London","Barnet","[c]","[c]","[c]","[c]"
"New entrant CS","2022","Undeclared","Mixed","London","Bexley and Greenwich","[c]","[c]","[c]","[c]"
"New entrant CS","2022","Undeclared","Mixed","London","Brent","[c]","[c]","[c]","[c]"
"New entrant CS","2022","Undeclared","Mixed","London","Bromley","[c]","[c]","[c]","[c]"
"New entrant CS","2022","Undeclared","Mixed","London","Camden and City of London","[c]","[c]","[c]","[c]"
"New entrant CS","2022","Undeclared","Mixed","London","Croydon","[c]","[c]","[c]","[c]"
"New entrant CS","2022","Undeclared","Mixed","London","Ealing","[c]","[c]","[c]","[c]"
"New entrant CS","2022","Undeclared","Mixed","London","Enfield","[c]","[c]","[c]","[c]"
"New entrant CS","2022","Undeclared","Mixed","London","Hackney and Newham","[c]","[c]","[c]","[c]"
"New entrant CS","2022","Undeclared","Mixed","London","Haringey and Islington","[c]","[c]","[c]","[c]"
"New entrant CS","2022","Undeclared","Mixed","London","Harrow and Hillingdon","[c]","[c]","[c]","[c]"
"New entrant CS","2022","Undeclared","Mixed","London","Hounslow and Richmond upon Thames","[c]","[c]","[c]","[c]"
"New entrant CS","2022","Undeclared","Mixed","London","Kensington & Chelsea and Hammersmith & Fulham","[c]","[c]","[c]","[c]"
"New entrant CS","2022","Undeclared","Mixed","London","Lambeth","[c]","[c]","[c]","[c]"
"New entrant CS","2022","Undeclared","Mixed","London","Lewisham and Southwark","[c]","[c]","[c]","[c]"
"New entrant CS","2022","Undeclared","Mixed","London","Merton, Kingston upon Thames and Sutton","[c]","[c]","[c]","[c]"
"New entrant CS","2022","Undeclared","Mixed","London","Redbridge and Waltham Forest","[c]","[c]","[c]","[c]"
"New entrant CS","2022","Undeclared","Mixed","London","Tower Hamlets","[c]","[c]","[c]","[c]"
"New entrant CS","2022","Undeclared","Mixed","London","Wandsworth","[c]","[c]","[c]","[c]"
"New entrant CS","2022","Undeclared","Mixed","London","Westminster","15","[c]","[c]","[c]"
"New entrant CS","2022","Undeclared","Mixed","North East (England)","Darlington","[c]","[c]","[c]","[c]"
"New entrant CS","2022","Undeclared","Mixed","North East (England)","Durham","[c]","[c]","[c]","[c]"
"New entrant CS","2022","Undeclared","Mixed","North East (England)","Hartlepool and Stockton-on-Tees","[c]","[c]","[c]","[c]"
"New entrant CS","2022","Undeclared","Mixed","North East (England)","Northumberland","[c]","[c]","[c]","[c]"
"New entrant CS","2022","Undeclared","Mixed","North East (England)","South Teesside","[c]","[c]","[c]","[c]"
"New entrant CS","2022","Undeclared","Mixed","North East (England)","Sunderland","[c]","[c]","[c]","[c]"
"New entrant CS","2022","Undeclared","Mixed","North East (England)","Tyneside","[c]","[c]","[c]","[c]"
"New entrant CS","2022","Undeclared","Mixed","North West (England)","Blackburn with Darwen","[c]","[c]","[c]","[c]"
"New entrant CS","2022","Undeclared","Mixed","North West (England)","Blackpool","[c]","[c]","[c]","[c]"
"New entrant CS","2022","Undeclared","Mixed","North West (England)","Cheshire East","[c]","[c]","[c]","[c]"
"New entrant CS","2022","Undeclared","Mixed","North West (England)","Cheshire West and Chester","[c]","[c]","[c]","[c]"
"New entrant CS","2022","Undeclared","Mixed","North West (England)","Chorley and West Lancashire","[c]","[c]","[c]","[c]"
"New entrant CS","2022","Undeclared","Mixed","North West (England)","East Cumbria","[c]","[c]","[c]","[c]"
"New entrant CS","2022","Undeclared","Mixed","North West (England)","East Lancashire","[c]","[c]","[c]","[c]"
"New entrant CS","2022","Undeclared","Mixed","North West (England)","East Merseyside","[c]","[c]","[c]","[c]"
"New entrant CS","2022","Undeclared","Mixed","North West (England)","Greater Manchester North East","[c]","[c]","[c]","[c]"
"New entrant CS","2022","Undeclared","Mixed","North West (England)","Greater Manchester North West","[c]","[c]","[c]","[c]"
"New entrant CS","2022","Undeclared","Mixed","North West (England)","Greater Manchester South East","[c]","[c]","[c]","[c]"
"New entrant CS","2022","Undeclared","Mixed","North West (England)","Greater Manchester South West","[c]","[c]","[c]","[c]"
"New entrant CS","2022","Undeclared","Mixed","North West (England)","Lancaster and Wyre","[c]","[c]","[c]","[c]"
"New entrant CS","2022","Undeclared","Mixed","North West (England)","Liverpool","[c]","[c]","[c]","[c]"
"New entrant CS","2022","Undeclared","Mixed","North West (England)","Manchester","[c]","[c]","[c]","[c]"
"New entrant CS","2022","Undeclared","Mixed","North West (England)","Mid Lancashire","[c]","[c]","[c]","[c]"
"New entrant CS","2022","Undeclared","Mixed","North West (England)","Sefton","[c]","[c]","[c]","[c]"
"New entrant CS","2022","Undeclared","Mixed","North West (England)","Warrington","[c]","[c]","[c]","[c]"
"New entrant CS","2022","Undeclared","Mixed","North West (England)","West Cumbria","[c]","[c]","[c]","[c]"
"New entrant CS","2022","Undeclared","Mixed","North West (England)","Wirral","[c]","[c]","[c]","[c]"
"New entrant CS","2022","Undeclared","Mixed","Northern Ireland","Antrim and Newtownabbey","[c]","[c]","[c]","[c]"
"New entrant CS","2022","Undeclared","Mixed","Northern Ireland","Ards and North Down","[c]","[c]","[c]","[c]"
"New entrant CS","2022","Undeclared","Mixed","Northern Ireland","Armagh City, Banbridge and Craigavon","[c]","[c]","[c]","[c]"
"New entrant CS","2022","Undeclared","Mixed","Northern Ireland","Belfast","[c]","[c]","[c]","[c]"
"New entrant CS","2022","Undeclared","Mixed","Northern Ireland","Causeway Coast and Glens","[c]","[c]","[c]","[c]"
"New entrant CS","2022","Undeclared","Mixed","Northern Ireland","Derry City and Strabane","[c]","[c]","[c]","[c]"
"New entrant CS","2022","Undeclared","Mixed","Northern Ireland","Fermanagh and Omagh","[c]","[c]","[c]","[c]"
"New entrant CS","2022","Undeclared","Mixed","Northern Ireland","Lisburn and Castlereagh","[c]","[c]","[c]","[c]"
"New entrant CS","2022","Undeclared","Mixed","Northern Ireland","Mid and East Antrim","[c]","[c]","[c]","[c]"
"New entrant CS","2022","Undeclared","Mixed","Northern Ireland","Mid Ulster","[c]","[c]","[c]","[c]"
"New entrant CS","2022","Undeclared","Mixed","Northern Ireland","Newry, Mourne and Down","[c]","[c]","[c]","[c]"
"New entrant CS","2022","Undeclared","Mixed","Overseas","Overseas","[c]","[c]","[c]","[c]"
"New entrant CS","2022","Undeclared","Mixed","Scotland","Aberdeen City and Aberdeenshire","[c]","[c]","[c]","[c]"
"New entrant CS","2022","Undeclared","Mixed","Scotland","Angus and Dundee City","[c]","[c]","[c]","[c]"
"New entrant CS","2022","Undeclared","Mixed","Scotland","Caithness and Sutherland, and Ross and Cromarty","[c]","[c]","[c]","[c]"
"New entrant CS","2022","Undeclared","Mixed","Scotland","City of Edinburgh","[c]","[c]","[c]","[c]"
"New entrant CS","2022","Undeclared","Mixed","Scotland","Clackmannanshire and Fife","[c]","[c]","[c]","[c]"
"New entrant CS","2022","Undeclared","Mixed","Scotland","Dumfries and Galloway","[c]","[c]","[c]","[c]"
"New entrant CS","2022","Undeclared","Mixed","Scotland","East Ayrshire and North Ayrshire mainland","[c]","[c]","[c]","[c]"
"New entrant CS","2022","Undeclared","Mixed","Scotland","East Dunbartonshire, West Dunbartonshire, and Helensburgh and Lomond","[c]","[c]","[c]","[c]"
"New entrant CS","2022","Undeclared","Mixed","Scotland","East Lothian and Midlothian","[c]","[c]","[c]","[c]"
"New entrant CS","2022","Undeclared","Mixed","Scotland","Falkirk","[c]","[c]","[c]","[c]"
"New entrant CS","2022","Undeclared","Mixed","Scotland","Glasgow City","[c]","[c]","[c]","[c]"
"New entrant CS","2022","Undeclared","Mixed","Scotland","Inverclyde, East Renfrewshire, and Renfrewshire","[c]","[c]","[c]","[c]"
"New entrant CS","2022","Undeclared","Mixed","Scotland","Inverness and Nairn, Moray, and Badenoch and Strathspey","[c]","[c]","[c]","[c]"
"New entrant CS","2022","Undeclared","Mixed","Scotland","Lochaber, Skye and Lochalsh, Arran and Cumbrae, and Argyll and Bute","[c]","[c]","[c]","[c]"
"New entrant CS","2022","Undeclared","Mixed","Scotland","Na h-Eileanan Siar","[c]","[c]","[c]","[c]"
"New entrant CS","2022","Undeclared","Mixed","Scotland","North Lanarkshire","[c]","[c]","[c]","[c]"
"New entrant CS","2022","Undeclared","Mixed","Scotland","Orkney Islands","[c]","[c]","[c]","[c]"
"New entrant CS","2022","Undeclared","Mixed","Scotland","Perth and Kinross, and Stirling","[c]","[c]","[c]","[c]"
"New entrant CS","2022","Undeclared","Mixed","Scotland","Scottish Borders","[c]","[c]","[c]","[c]"
"New entrant CS","2022","Undeclared","Mixed","Scotland","Shetland Islands","[c]","[c]","[c]","[c]"
"New entrant CS","2022","Undeclared","Mixed","Scotland","South Ayrshire","[c]","[c]","[c]","[c]"
"New entrant CS","2022","Undeclared","Mixed","Scotland","South Lanarkshire","[c]","[c]","[c]","[c]"
"New entrant CS","2022","Undeclared","Mixed","Scotland","West Lothian","[c]","[c]","[c]","[c]"
"New entrant CS","2022","Undeclared","Mixed","South East (England)","Berkshire","[c]","[c]","[c]","[c]"
"New entrant CS","2022","Undeclared","Mixed","South East (England)","Brighton and Hove","[c]","[c]","[c]","[c]"
"New entrant CS","2022","Undeclared","Mixed","South East (England)","Buckinghamshire","[c]","[c]","[c]","[c]"
"New entrant CS","2022","Undeclared","Mixed","South East (England)","Central Hampshire","[c]","[c]","[c]","[c]"
"New entrant CS","2022","Undeclared","Mixed","South East (England)","East Kent","[c]","[c]","[c]","[c]"
"New entrant CS","2022","Undeclared","Mixed","South East (England)","East Surrey","[c]","[c]","[c]","[c]"
"New entrant CS","2022","Undeclared","Mixed","South East (England)","East Sussex CC","[c]","[c]","[c]","[c]"
"New entrant CS","2022","Undeclared","Mixed","South East (England)","Isle of Wight","[c]","[c]","[c]","[c]"
"New entrant CS","2022","Undeclared","Mixed","South East (England)","Kent Thames Gateway","[c]","[c]","[c]","[c]"
"New entrant CS","2022","Undeclared","Mixed","South East (England)","Medway","[c]","[c]","[c]","[c]"
"New entrant CS","2022","Undeclared","Mixed","South East (England)","Mid Kent","[c]","[c]","[c]","[c]"
"New entrant CS","2022","Undeclared","Mixed","South East (England)","Milton Keynes","[c]","[c]","[c]","[c]"
"New entrant CS","2022","Undeclared","Mixed","South East (England)","North Hampshire","[c]","[c]","[c]","[c]"
"New entrant CS","2022","Undeclared","Mixed","South East (England)","Oxfordshire CC","[c]","[c]","[c]","[c]"
"New entrant CS","2022","Undeclared","Mixed","South East (England)","Portsmouth","[c]","[c]","[c]","[c]"
"New entrant CS","2022","Undeclared","Mixed","South East (England)","South Hampshire","[c]","[c]","[c]","[c]"
"New entrant CS","2022","Undeclared","Mixed","South East (England)","Southampton","[c]","[c]","[c]","[c]"
"New entrant CS","2022","Undeclared","Mixed","South East (England)","West Kent","[c]","[c]","[c]","[c]"
"New entrant CS","2022","Undeclared","Mixed","South East (England)","West Surrey","[c]","[c]","[c]","[c]"
"New entrant CS","2022","Undeclared","Mixed","South East (England)","West Sussex (North East)","[c]","[c]","[c]","[c]"
"New entrant CS","2022","Undeclared","Mixed","South East (England)","West Sussex (South West)","[c]","[c]","[c]","[c]"
"New entrant CS","2022","Undeclared","Mixed","South West (England)","Bath and North East Somerset, North Somerset and South Gloucestershire","[c]","[c]","[c]","[c]"
"New entrant CS","2022","Undeclared","Mixed","South West (England)","Bournemouth, Christchurch and Poole","[c]","[c]","[c]","[c]"
"New entrant CS","2022","Undeclared","Mixed","South West (England)","Bristol, City of","[c]","[c]","[c]","[c]"
"New entrant CS","2022","Undeclared","Mixed","South West (England)","Cornwall and Isles of Scilly","[c]","[c]","[c]","[c]"
"New entrant CS","2022","Undeclared","Mixed","South West (England)","Devon CC","[c]","[c]","[c]","[c]"
"New entrant CS","2022","Undeclared","Mixed","South West (England)","Dorset","[c]","[c]","[c]","[c]"
"New entrant CS","2022","Undeclared","Mixed","South West (England)","Gloucestershire CC","[c]","[c]","[c]","[c]"
"New entrant CS","2022","Undeclared","Mixed","South West (England)","Plymouth","[c]","[c]","[c]","[c]"
"New entrant CS","2022","Undeclared","Mixed","South West (England)","Somerset CC","[c]","[c]","[c]","[c]"
"New entrant CS","2022","Undeclared","Mixed","South West (England)","Swindon","[c]","[c]","[c]","[c]"
"New entrant CS","2022","Undeclared","Mixed","South West (England)","Torbay","[c]","[c]","[c]","[c]"
"New entrant CS","2022","Undeclared","Mixed","South West (England)","Wiltshire","[c]","[c]","[c]","[c]"
"New entrant CS","2022","Undeclared","Mixed","Unknown","Unknown","[c]","[c]","[c]","[c]"
"New entrant CS","2022","Undeclared","Mixed","Wales","Bridgend and Neath Port Talbot","[c]","[c]","[c]","[c]"
"New entrant CS","2022","Undeclared","Mixed","Wales","Cardiff and Vale of Glamorgan","[c]","[c]","[c]","[c]"
"New entrant CS","2022","Undeclared","Mixed","Wales","Central Valleys","[c]","[c]","[c]","[c]"
"New entrant CS","2022","Undeclared","Mixed","Wales","Conwy and Denbighshire","[c]","[c]","[c]","[c]"
"New entrant CS","2022","Undeclared","Mixed","Wales","Flintshire and Wrexham","[c]","[c]","[c]","[c]"
"New entrant CS","2022","Undeclared","Mixed","Wales","Gwent Valleys","[c]","[c]","[c]","[c]"
"New entrant CS","2022","Undeclared","Mixed","Wales","Gwynedd","[c]","[c]","[c]","[c]"
"New entrant CS","2022","Undeclared","Mixed","Wales","Isle of Anglesey","[c]","[c]","[c]","[c]"
"New entrant CS","2022","Undeclared","Mixed","Wales","Monmouthshire and Newport","[c]","[c]","[c]","[c]"
"New entrant CS","2022","Undeclared","Mixed","Wales","Powys","[c]","[c]","[c]","[c]"
"New entrant CS","2022","Undeclared","Mixed","Wales","South West Wales","[c]","[c]","[c]","[c]"
"New entrant CS","2022","Undeclared","Mixed","Wales","Swansea","[c]","[c]","[c]","[c]"
"New entrant CS","2022","Undeclared","Mixed","West Midlands (England)","Birmingham","[c]","[c]","[c]","[c]"
"New entrant CS","2022","Undeclared","Mixed","West Midlands (England)","Coventry","[c]","[c]","[c]","[c]"
"New entrant CS","2022","Undeclared","Mixed","West Midlands (England)","Dudley","[c]","[c]","[c]","[c]"
"New entrant CS","2022","Undeclared","Mixed","West Midlands (England)","Herefordshire, County of","[c]","[c]","[c]","[c]"
"New entrant CS","2022","Undeclared","Mixed","West Midlands (England)","Sandwell","[c]","[c]","[c]","[c]"
"New entrant CS","2022","Undeclared","Mixed","West Midlands (England)","Shropshire","[c]","[c]","[c]","[c]"
"New entrant CS","2022","Undeclared","Mixed","West Midlands (England)","Solihull","[c]","[c]","[c]","[c]"
"New entrant CS","2022","Undeclared","Mixed","West Midlands (England)","Staffordshire CC","[c]","[c]","[c]","[c]"
"New entrant CS","2022","Undeclared","Mixed","West Midlands (England)","Stoke-on-Trent","[c]","[c]","[c]","[c]"
"New entrant CS","2022","Undeclared","Mixed","West Midlands (England)","Telford and Wrekin","[c]","[c]","[c]","[c]"
"New entrant CS","2022","Undeclared","Mixed","West Midlands (England)","Walsall","[c]","[c]","[c]","[c]"
"New entrant CS","2022","Undeclared","Mixed","West Midlands (England)","Warwickshire CC","[c]","[c]","[c]","[c]"
"New entrant CS","2022","Undeclared","Mixed","West Midlands (England)","Wolverhampton","[c]","[c]","[c]","[c]"
"New entrant CS","2022","Undeclared","Mixed","West Midlands (England)","Worcestershire CC","[c]","[c]","[c]","[c]"
"New entrant CS","2022","Undeclared","Mixed","Yorkshire and The Humber","Barnsley, Doncaster and Rotherham","[c]","[c]","[c]","[c]"
"New entrant CS","2022","Undeclared","Mixed","Yorkshire and The Humber","Bradford","[c]","[c]","[c]","[c]"
"New entrant CS","2022","Undeclared","Mixed","Yorkshire and The Humber","Calderdale and Kirklees","[c]","[c]","[c]","[c]"
"New entrant CS","2022","Undeclared","Mixed","Yorkshire and The Humber","East Riding of Yorkshire","[c]","[c]","[c]","[c]"
"New entrant CS","2022","Undeclared","Mixed","Yorkshire and The Humber","Kingston upon Hull, City of","[c]","[c]","[c]","[c]"
"New entrant CS","2022","Undeclared","Mixed","Yorkshire and The Humber","Leeds","[c]","[c]","[c]","[c]"
"New entrant CS","2022","Undeclared","Mixed","Yorkshire and The Humber","North and North East Lincolnshire","[c]","[c]","[c]","[c]"
"New entrant CS","2022","Undeclared","Mixed","Yorkshire and The Humber","North Yorkshire CC","[c]","[c]","[c]","[c]"
"New entrant CS","2022","Undeclared","Mixed","Yorkshire and The Humber","Sheffield","[c]","[c]","[c]","[c]"
"New entrant CS","2022","Undeclared","Mixed","Yorkshire and The Humber","Wakefield","[c]","[c]","[c]","[c]"
"New entrant CS","2022","Undeclared","Mixed","Yorkshire and The Humber","York","[c]","[c]","[c]","[c]"
"New entrant CS","2022","Undeclared","Other ethnicity","East Midlands (England)","Derby","[c]","[c]","[c]","[c]"
"New entrant CS","2022","Undeclared","Other ethnicity","East Midlands (England)","East Derbyshire","[c]","[c]","[c]","[c]"
"New entrant CS","2022","Undeclared","Other ethnicity","East Midlands (England)","Leicester","[c]","[c]","[c]","[c]"
"New entrant CS","2022","Undeclared","Other ethnicity","East Midlands (England)","Leicestershire CC and Rutland","[c]","[c]","[c]","[c]"
"New entrant CS","2022","Undeclared","Other ethnicity","East Midlands (England)","Lincolnshire CC","[c]","[c]","[c]","[c]"
"New entrant CS","2022","Undeclared","Other ethnicity","East Midlands (England)","North Northamptonshire","[c]","[c]","[c]","[c]"
"New entrant CS","2022","Undeclared","Other ethnicity","East Midlands (England)","North Nottinghamshire","[c]","[c]","[c]","[c]"
"New entrant CS","2022","Undeclared","Other ethnicity","East Midlands (England)","Nottingham","[c]","[c]","[c]","[c]"
"New entrant CS","2022","Undeclared","Other ethnicity","East Midlands (England)","South and West Derbyshire","[c]","[c]","[c]","[c]"
"New entrant CS","2022","Undeclared","Other ethnicity","East Midlands (England)","South Nottinghamshire","[c]","[c]","[c]","[c]"
"New entrant CS","2022","Undeclared","Other ethnicity","East Midlands (England)","West Northamptonshire","[c]","[c]","[c]","[c]"
"New entrant CS","2022","Undeclared","Other ethnicity","East of England","Bedford","[c]","[c]","[c]","[c]"
"New entrant CS","2022","Undeclared","Other ethnicity","East of England","Breckland and South Norfolk","[c]","[c]","[c]","[c]"
"New entrant CS","2022","Undeclared","Other ethnicity","East of England","Cambridgeshire CC","[c]","[c]","[c]","[c]"
"New entrant CS","2022","Undeclared","Other ethnicity","East of England","Central Bedfordshire","[c]","[c]","[c]","[c]"
"New entrant CS","2022","Undeclared","Other ethnicity","East of England","Essex Haven Gateway","[c]","[c]","[c]","[c]"
"New entrant CS","2022","Undeclared","Other ethnicity","East of England","Essex Thames Gateway","[c]","[c]","[c]","[c]"
"New entrant CS","2022","Undeclared","Other ethnicity","East of England","Heart of Essex","[c]","[c]","[c]","[c]"
"New entrant CS","2022","Undeclared","Other ethnicity","East of England","Hertfordshire CC","[c]","[c]","[c]","[c]"
"New entrant CS","2022","Undeclared","Other ethnicity","East of England","Luton","[c]","[c]","[c]","[c]"
"New entrant CS","2022","Undeclared","Other ethnicity","East of England","North and West Norfolk","[c]","[c]","[c]","[c]"
"New entrant CS","2022","Undeclared","Other ethnicity","East of England","Norwich and East Norfolk","[c]","[c]","[c]","[c]"
"New entrant CS","2022","Undeclared","Other ethnicity","East of England","Peterborough","[c]","[c]","[c]","[c]"
"New entrant CS","2022","Undeclared","Other ethnicity","East of England","Southend-on-Sea","[c]","[c]","[c]","[c]"
"New entrant CS","2022","Undeclared","Other ethnicity","East of England","Suffolk CC","[c]","[c]","[c]","[c]"
"New entrant CS","2022","Undeclared","Other ethnicity","East of England","Thurrock","[c]","[c]","[c]","[c]"
"New entrant CS","2022","Undeclared","Other ethnicity","East of England","West Essex","[c]","[c]","[c]","[c]"
"New entrant CS","2022","Undeclared","Other ethnicity","London","Barking & Dagenham and Havering","[c]","[c]","[c]","[c]"
"New entrant CS","2022","Undeclared","Other ethnicity","London","Barnet","[c]","[c]","[c]","[c]"
"New entrant CS","2022","Undeclared","Other ethnicity","London","Bexley and Greenwich","[c]","[c]","[c]","[c]"
"New entrant CS","2022","Undeclared","Other ethnicity","London","Brent","[c]","[c]","[c]","[c]"
"New entrant CS","2022","Undeclared","Other ethnicity","London","Bromley","[c]","[c]","[c]","[c]"
"New entrant CS","2022","Undeclared","Other ethnicity","London","Camden and City of London","[c]","[c]","[c]","[c]"
"New entrant CS","2022","Undeclared","Other ethnicity","London","Croydon","[c]","[c]","[c]","[c]"
"New entrant CS","2022","Undeclared","Other ethnicity","London","Ealing","[c]","[c]","[c]","[c]"
"New entrant CS","2022","Undeclared","Other ethnicity","London","Enfield","[c]","[c]","[c]","[c]"
"New entrant CS","2022","Undeclared","Other ethnicity","London","Hackney and Newham","[c]","[c]","[c]","[c]"
"New entrant CS","2022","Undeclared","Other ethnicity","London","Haringey and Islington","[c]","[c]","[c]","[c]"
"New entrant CS","2022","Undeclared","Other ethnicity","London","Harrow and Hillingdon","[c]","[c]","[c]","[c]"
"New entrant CS","2022","Undeclared","Other ethnicity","London","Hounslow and Richmond upon Thames","[c]","[c]","[c]","[c]"
"New entrant CS","2022","Undeclared","Other ethnicity","London","Kensington & Chelsea and Hammersmith & Fulham","[c]","[c]","[c]","[c]"
"New entrant CS","2022","Undeclared","Other ethnicity","London","Lambeth","[c]","[c]","[c]","[c]"
"New entrant CS","2022","Undeclared","Other ethnicity","London","Lewisham and Southwark","[c]","[c]","[c]","[c]"
"New entrant CS","2022","Undeclared","Other ethnicity","London","Merton, Kingston upon Thames and Sutton","[c]","[c]","[c]","[c]"
"New entrant CS","2022","Undeclared","Other ethnicity","London","Redbridge and Waltham Forest","[c]","[c]","[c]","[c]"
"New entrant CS","2022","Undeclared","Other ethnicity","London","Tower Hamlets","[c]","[c]","[c]","[c]"
"New entrant CS","2022","Undeclared","Other ethnicity","London","Wandsworth","[c]","[c]","[c]","[c]"
"New entrant CS","2022","Undeclared","Other ethnicity","London","Westminster","5","[c]","[c]","[c]"
"New entrant CS","2022","Undeclared","Other ethnicity","North East (England)","Darlington","[c]","[c]","[c]","[c]"
"New entrant CS","2022","Undeclared","Other ethnicity","North East (England)","Durham","[c]","[c]","[c]","[c]"
"New entrant CS","2022","Undeclared","Other ethnicity","North East (England)","Hartlepool and Stockton-on-Tees","[c]","[c]","[c]","[c]"
"New entrant CS","2022","Undeclared","Other ethnicity","North East (England)","Northumberland","[c]","[c]","[c]","[c]"
"New entrant CS","2022","Undeclared","Other ethnicity","North East (England)","South Teesside","[c]","[c]","[c]","[c]"
"New entrant CS","2022","Undeclared","Other ethnicity","North East (England)","Sunderland","[c]","[c]","[c]","[c]"
"New entrant CS","2022","Undeclared","Other ethnicity","North East (England)","Tyneside","[c]","[c]","[c]","[c]"
"New entrant CS","2022","Undeclared","Other ethnicity","North West (England)","Blackburn with Darwen","[c]","[c]","[c]","[c]"
"New entrant CS","2022","Undeclared","Other ethnicity","North West (England)","Blackpool","[c]","[c]","[c]","[c]"
"New entrant CS","2022","Undeclared","Other ethnicity","North West (England)","Cheshire East","[c]","[c]","[c]","[c]"
"New entrant CS","2022","Undeclared","Other ethnicity","North West (England)","Cheshire West and Chester","[c]","[c]","[c]","[c]"
"New entrant CS","2022","Undeclared","Other ethnicity","North West (England)","Chorley and West Lancashire","[c]","[c]","[c]","[c]"
"New entrant CS","2022","Undeclared","Other ethnicity","North West (England)","East Cumbria","[c]","[c]","[c]","[c]"
"New entrant CS","2022","Undeclared","Other ethnicity","North West (England)","East Lancashire","[c]","[c]","[c]","[c]"
"New entrant CS","2022","Undeclared","Other ethnicity","North West (England)","East Merseyside","[c]","[c]","[c]","[c]"
"New entrant CS","2022","Undeclared","Other ethnicity","North West (England)","Greater Manchester North East","[c]","[c]","[c]","[c]"
"New entrant CS","2022","Undeclared","Other ethnicity","North West (England)","Greater Manchester North West","[c]","[c]","[c]","[c]"
"New entrant CS","2022","Undeclared","Other ethnicity","North West (England)","Greater Manchester South East","[c]","[c]","[c]","[c]"
"New entrant CS","2022","Undeclared","Other ethnicity","North West (England)","Greater Manchester South West","[c]","[c]","[c]","[c]"
"New entrant CS","2022","Undeclared","Other ethnicity","North West (England)","Lancaster and Wyre","[c]","[c]","[c]","[c]"
"New entrant CS","2022","Undeclared","Other ethnicity","North West (England)","Liverpool","[c]","[c]","[c]","[c]"
"New entrant CS","2022","Undeclared","Other ethnicity","North West (England)","Manchester","[c]","[c]","[c]","[c]"
"New entrant CS","2022","Undeclared","Other ethnicity","North West (England)","Mid Lancashire","[c]","[c]","[c]","[c]"
"New entrant CS","2022","Undeclared","Other ethnicity","North West (England)","Sefton","[c]","[c]","[c]","[c]"
"New entrant CS","2022","Undeclared","Other ethnicity","North West (England)","Warrington","[c]","[c]","[c]","[c]"
"New entrant CS","2022","Undeclared","Other ethnicity","North West (England)","West Cumbria","[c]","[c]","[c]","[c]"
"New entrant CS","2022","Undeclared","Other ethnicity","North West (England)","Wirral","[c]","[c]","[c]","[c]"
"New entrant CS","2022","Undeclared","Other ethnicity","Northern Ireland","Antrim and Newtownabbey","[c]","[c]","[c]","[c]"
"New entrant CS","2022","Undeclared","Other ethnicity","Northern Ireland","Ards and North Down","[c]","[c]","[c]","[c]"
"New entrant CS","2022","Undeclared","Other ethnicity","Northern Ireland","Armagh City, Banbridge and Craigavon","[c]","[c]","[c]","[c]"
"New entrant CS","2022","Undeclared","Other ethnicity","Northern Ireland","Belfast","[c]","[c]","[c]","[c]"
"New entrant CS","2022","Undeclared","Other ethnicity","Northern Ireland","Causeway Coast and Glens","[c]","[c]","[c]","[c]"
"New entrant CS","2022","Undeclared","Other ethnicity","Northern Ireland","Derry City and Strabane","[c]","[c]","[c]","[c]"
"New entrant CS","2022","Undeclared","Other ethnicity","Northern Ireland","Fermanagh and Omagh","[c]","[c]","[c]","[c]"
"New entrant CS","2022","Undeclared","Other ethnicity","Northern Ireland","Lisburn and Castlereagh","[c]","[c]","[c]","[c]"
"New entrant CS","2022","Undeclared","Other ethnicity","Northern Ireland","Mid and East Antrim","[c]","[c]","[c]","[c]"
"New entrant CS","2022","Undeclared","Other ethnicity","Northern Ireland","Mid Ulster","[c]","[c]","[c]","[c]"
"New entrant CS","2022","Undeclared","Other ethnicity","Northern Ireland","Newry, Mourne and Down","[c]","[c]","[c]","[c]"
"New entrant CS","2022","Undeclared","Other ethnicity","Overseas","Overseas","[c]","[c]","[c]","[c]"
"New entrant CS","2022","Undeclared","Other ethnicity","Scotland","Aberdeen City and Aberdeenshire","[c]","[c]","[c]","[c]"
"New entrant CS","2022","Undeclared","Other ethnicity","Scotland","Angus and Dundee City","[c]","[c]","[c]","[c]"
"New entrant CS","2022","Undeclared","Other ethnicity","Scotland","Caithness and Sutherland, and Ross and Cromarty","[c]","[c]","[c]","[c]"
"New entrant CS","2022","Undeclared","Other ethnicity","Scotland","City of Edinburgh","[c]","[c]","[c]","[c]"
"New entrant CS","2022","Undeclared","Other ethnicity","Scotland","Clackmannanshire and Fife","[c]","[c]","[c]","[c]"
"New entrant CS","2022","Undeclared","Other ethnicity","Scotland","Dumfries and Galloway","[c]","[c]","[c]","[c]"
"New entrant CS","2022","Undeclared","Other ethnicity","Scotland","East Ayrshire and North Ayrshire mainland","[c]","[c]","[c]","[c]"
"New entrant CS","2022","Undeclared","Other ethnicity","Scotland","East Dunbartonshire, West Dunbartonshire, and Helensburgh and Lomond","[c]","[c]","[c]","[c]"
"New entrant CS","2022","Undeclared","Other ethnicity","Scotland","East Lothian and Midlothian","[c]","[c]","[c]","[c]"
"New entrant CS","2022","Undeclared","Other ethnicity","Scotland","Falkirk","[c]","[c]","[c]","[c]"
"New entrant CS","2022","Undeclared","Other ethnicity","Scotland","Glasgow City","[c]","[c]","[c]","[c]"
"New entrant CS","2022","Undeclared","Other ethnicity","Scotland","Inverclyde, East Renfrewshire, and Renfrewshire","[c]","[c]","[c]","[c]"
"New entrant CS","2022","Undeclared","Other ethnicity","Scotland","Inverness and Nairn, Moray, and Badenoch and Strathspey","[c]","[c]","[c]","[c]"
"New entrant CS","2022","Undeclared","Other ethnicity","Scotland","Lochaber, Skye and Lochalsh, Arran and Cumbrae, and Argyll and Bute","[c]","[c]","[c]","[c]"
"New entrant CS","2022","Undeclared","Other ethnicity","Scotland","Na h-Eileanan Siar","[c]","[c]","[c]","[c]"
"New entrant CS","2022","Undeclared","Other ethnicity","Scotland","North Lanarkshire","[c]","[c]","[c]","[c]"
"New entrant CS","2022","Undeclared","Other ethnicity","Scotland","Orkney Islands","[c]","[c]","[c]","[c]"
"New entrant CS","2022","Undeclared","Other ethnicity","Scotland","Perth and Kinross, and Stirling","[c]","[c]","[c]","[c]"
"New entrant CS","2022","Undeclared","Other ethnicity","Scotland","Scottish Borders","[c]","[c]","[c]","[c]"
"New entrant CS","2022","Undeclared","Other ethnicity","Scotland","Shetland Islands","[c]","[c]","[c]","[c]"
"New entrant CS","2022","Undeclared","Other ethnicity","Scotland","South Ayrshire","[c]","[c]","[c]","[c]"
"New entrant CS","2022","Undeclared","Other ethnicity","Scotland","South Lanarkshire","[c]","[c]","[c]","[c]"
"New entrant CS","2022","Undeclared","Other ethnicity","Scotland","West Lothian","[c]","[c]","[c]","[c]"
"New entrant CS","2022","Undeclared","Other ethnicity","South East (England)","Berkshire","[c]","[c]","[c]","[c]"
"New entrant CS","2022","Undeclared","Other ethnicity","South East (England)","Brighton and Hove","[c]","[c]","[c]","[c]"
"New entrant CS","2022","Undeclared","Other ethnicity","South East (England)","Buckinghamshire","[c]","[c]","[c]","[c]"
"New entrant CS","2022","Undeclared","Other ethnicity","South East (England)","Central Hampshire","[c]","[c]","[c]","[c]"
"New entrant CS","2022","Undeclared","Other ethnicity","South East (England)","East Kent","[c]","[c]","[c]","[c]"
"New entrant CS","2022","Undeclared","Other ethnicity","South East (England)","East Surrey","[c]","[c]","[c]","[c]"
"New entrant CS","2022","Undeclared","Other ethnicity","South East (England)","East Sussex CC","[c]","[c]","[c]","[c]"
"New entrant CS","2022","Undeclared","Other ethnicity","South East (England)","Isle of Wight","[c]","[c]","[c]","[c]"
"New entrant CS","2022","Undeclared","Other ethnicity","South East (England)","Kent Thames Gateway","[c]","[c]","[c]","[c]"
"New entrant CS","2022","Undeclared","Other ethnicity","South East (England)","Medway","[c]","[c]","[c]","[c]"
"New entrant CS","2022","Undeclared","Other ethnicity","South East (England)","Mid Kent","[c]","[c]","[c]","[c]"
"New entrant CS","2022","Undeclared","Other ethnicity","South East (England)","Milton Keynes","[c]","[c]","[c]","[c]"
"New entrant CS","2022","Undeclared","Other ethnicity","South East (England)","North Hampshire","[c]","[c]","[c]","[c]"
"New entrant CS","2022","Undeclared","Other ethnicity","South East (England)","Oxfordshire CC","[c]","[c]","[c]","[c]"
"New entrant CS","2022","Undeclared","Other ethnicity","South East (England)","Portsmouth","[c]","[c]","[c]","[c]"
"New entrant CS","2022","Undeclared","Other ethnicity","South East (England)","South Hampshire","[c]","[c]","[c]","[c]"
"New entrant CS","2022","Undeclared","Other ethnicity","South East (England)","Southampton","[c]","[c]","[c]","[c]"
"New entrant CS","2022","Undeclared","Other ethnicity","South East (England)","West Kent","[c]","[c]","[c]","[c]"
"New entrant CS","2022","Undeclared","Other ethnicity","South East (England)","West Surrey","[c]","[c]","[c]","[c]"
"New entrant CS","2022","Undeclared","Other ethnicity","South East (England)","West Sussex (North East)","[c]","[c]","[c]","[c]"
"New entrant CS","2022","Undeclared","Other ethnicity","South East (England)","West Sussex (South West)","[c]","[c]","[c]","[c]"
"New entrant CS","2022","Undeclared","Other ethnicity","South West (England)","Bath and North East Somerset, North Somerset and South Gloucestershire","[c]","[c]","[c]","[c]"
"New entrant CS","2022","Undeclared","Other ethnicity","South West (England)","Bournemouth, Christchurch and Poole","[c]","[c]","[c]","[c]"
"New entrant CS","2022","Undeclared","Other ethnicity","South West (England)","Bristol, City of","[c]","[c]","[c]","[c]"
"New entrant CS","2022","Undeclared","Other ethnicity","South West (England)","Cornwall and Isles of Scilly","[c]","[c]","[c]","[c]"
"New entrant CS","2022","Undeclared","Other ethnicity","South West (England)","Devon CC","[c]","[c]","[c]","[c]"
"New entrant CS","2022","Undeclared","Other ethnicity","South West (England)","Dorset","[c]","[c]","[c]","[c]"
"New entrant CS","2022","Undeclared","Other ethnicity","South West (England)","Gloucestershire CC","[c]","[c]","[c]","[c]"
"New entrant CS","2022","Undeclared","Other ethnicity","South West (England)","Plymouth","[c]","[c]","[c]","[c]"
"New entrant CS","2022","Undeclared","Other ethnicity","South West (England)","Somerset CC","[c]","[c]","[c]","[c]"
"New entrant CS","2022","Undeclared","Other ethnicity","South West (England)","Swindon","[c]","[c]","[c]","[c]"
"New entrant CS","2022","Undeclared","Other ethnicity","South West (England)","Torbay","[c]","[c]","[c]","[c]"
"New entrant CS","2022","Undeclared","Other ethnicity","South West (England)","Wiltshire","[c]","[c]","[c]","[c]"
"New entrant CS","2022","Undeclared","Other ethnicity","Unknown","Unknown","[c]","[c]","[c]","[c]"
"New entrant CS","2022","Undeclared","Other ethnicity","Wales","Bridgend and Neath Port Talbot","[c]","[c]","[c]","[c]"
"New entrant CS","2022","Undeclared","Other ethnicity","Wales","Cardiff and Vale of Glamorgan","[c]","[c]","[c]","[c]"
"New entrant CS","2022","Undeclared","Other ethnicity","Wales","Central Valleys","[c]","[c]","[c]","[c]"
"New entrant CS","2022","Undeclared","Other ethnicity","Wales","Conwy and Denbighshire","[c]","[c]","[c]","[c]"
"New entrant CS","2022","Undeclared","Other ethnicity","Wales","Flintshire and Wrexham","[c]","[c]","[c]","[c]"
"New entrant CS","2022","Undeclared","Other ethnicity","Wales","Gwent Valleys","[c]","[c]","[c]","[c]"
"New entrant CS","2022","Undeclared","Other ethnicity","Wales","Gwynedd","[c]","[c]","[c]","[c]"
"New entrant CS","2022","Undeclared","Other ethnicity","Wales","Isle of Anglesey","[c]","[c]","[c]","[c]"
"New entrant CS","2022","Undeclared","Other ethnicity","Wales","Monmouthshire and Newport","[c]","[c]","[c]","[c]"
"New entrant CS","2022","Undeclared","Other ethnicity","Wales","Powys","[c]","[c]","[c]","[c]"
"New entrant CS","2022","Undeclared","Other ethnicity","Wales","South West Wales","[c]","[c]","[c]","[c]"
"New entrant CS","2022","Undeclared","Other ethnicity","Wales","Swansea","[c]","[c]","[c]","[c]"
"New entrant CS","2022","Undeclared","Other ethnicity","West Midlands (England)","Birmingham","[c]","[c]","[c]","[c]"
"New entrant CS","2022","Undeclared","Other ethnicity","West Midlands (England)","Coventry","[c]","[c]","[c]","[c]"
"New entrant CS","2022","Undeclared","Other ethnicity","West Midlands (England)","Dudley","[c]","[c]","[c]","[c]"
"New entrant CS","2022","Undeclared","Other ethnicity","West Midlands (England)","Herefordshire, County of","[c]","[c]","[c]","[c]"
"New entrant CS","2022","Undeclared","Other ethnicity","West Midlands (England)","Sandwell","[c]","[c]","[c]","[c]"
"New entrant CS","2022","Undeclared","Other ethnicity","West Midlands (England)","Shropshire","[c]","[c]","[c]","[c]"
"New entrant CS","2022","Undeclared","Other ethnicity","West Midlands (England)","Solihull","[c]","[c]","[c]","[c]"
"New entrant CS","2022","Undeclared","Other ethnicity","West Midlands (England)","Staffordshire CC","[c]","[c]","[c]","[c]"
"New entrant CS","2022","Undeclared","Other ethnicity","West Midlands (England)","Stoke-on-Trent","[c]","[c]","[c]","[c]"
"New entrant CS","2022","Undeclared","Other ethnicity","West Midlands (England)","Telford and Wrekin","[c]","[c]","[c]","[c]"
"New entrant CS","2022","Undeclared","Other ethnicity","West Midlands (England)","Walsall","[c]","[c]","[c]","[c]"
"New entrant CS","2022","Undeclared","Other ethnicity","West Midlands (England)","Warwickshire CC","[c]","[c]","[c]","[c]"
"New entrant CS","2022","Undeclared","Other ethnicity","West Midlands (England)","Wolverhampton","[c]","[c]","[c]","[c]"
"New entrant CS","2022","Undeclared","Other ethnicity","West Midlands (England)","Worcestershire CC","[c]","[c]","[c]","[c]"
"New entrant CS","2022","Undeclared","Other ethnicity","Yorkshire and The Humber","Barnsley, Doncaster and Rotherham","[c]","[c]","[c]","[c]"
"New entrant CS","2022","Undeclared","Other ethnicity","Yorkshire and The Humber","Bradford","[c]","[c]","[c]","[c]"
"New entrant CS","2022","Undeclared","Other ethnicity","Yorkshire and The Humber","Calderdale and Kirklees","[c]","[c]","[c]","[c]"
"New entrant CS","2022","Undeclared","Other ethnicity","Yorkshire and The Humber","East Riding of Yorkshire","[c]","[c]","[c]","[c]"
"New entrant CS","2022","Undeclared","Other ethnicity","Yorkshire and The Humber","Kingston upon Hull, City of","[c]","[c]","[c]","[c]"
"New entrant CS","2022","Undeclared","Other ethnicity","Yorkshire and The Humber","Leeds","[c]","[c]","[c]","[c]"
"New entrant CS","2022","Undeclared","Other ethnicity","Yorkshire and The Humber","North and North East Lincolnshire","[c]","[c]","[c]","[c]"
"New entrant CS","2022","Undeclared","Other ethnicity","Yorkshire and The Humber","North Yorkshire CC","[c]","[c]","[c]","[c]"
"New entrant CS","2022","Undeclared","Other ethnicity","Yorkshire and The Humber","Sheffield","[c]","[c]","[c]","[c]"
"New entrant CS","2022","Undeclared","Other ethnicity","Yorkshire and The Humber","Wakefield","[c]","[c]","[c]","[c]"
"New entrant CS","2022","Undeclared","Other ethnicity","Yorkshire and The Humber","York","[c]","[c]","[c]","[c]"
"New entrant CS","2022","Undeclared","Undeclared","East Midlands (England)","Derby","[c]","[c]","[c]","[c]"
"New entrant CS","2022","Undeclared","Undeclared","East Midlands (England)","Leicester","5","[c]","[c]","[c]"
"New entrant CS","2022","Undeclared","Undeclared","East Midlands (England)","Leicestershire CC and Rutland","[c]","[c]","[c]","[c]"
"New entrant CS","2022","Undeclared","Undeclared","East Midlands (England)","Lincolnshire CC","[c]","[c]","[c]","[c]"
"New entrant CS","2022","Undeclared","Undeclared","East Midlands (England)","North Northamptonshire","[c]","[c]","[c]","[c]"
"New entrant CS","2022","Undeclared","Undeclared","East Midlands (England)","North Nottinghamshire","[c]","[c]","[c]","[c]"
"New entrant CS","2022","Undeclared","Undeclared","East Midlands (England)","Nottingham","5","[c]","[c]","[c]"
"New entrant CS","2022","Undeclared","Undeclared","East Midlands (England)","South Nottinghamshire","[c]","[c]","[c]","[c]"
"New entrant CS","2022","Undeclared","Undeclared","East Midlands (England)","West Northamptonshire","[c]","[c]","[c]","[c]"
"New entrant CS","2022","Undeclared","Undeclared","East of England","Cambridgeshire CC","[c]","[c]","[c]","[c]"
"New entrant CS","2022","Undeclared","Undeclared","East of England","Heart of Essex","[c]","[c]","[c]","[c]"
"New entrant CS","2022","Undeclared","Undeclared","East of England","Hertfordshire CC","5","[c]","[c]","[c]"
"New entrant CS","2022","Undeclared","Undeclared","East of England","Norwich and East Norfolk","[c]","[c]","[c]","[c]"
"New entrant CS","2022","Undeclared","Undeclared","East of England","Suffolk CC","5","[c]","[c]","[c]"
"New entrant CS","2022","Undeclared","Undeclared","London","Barnet","[c]","[c]","[c]","[c]"
"New entrant CS","2022","Undeclared","Undeclared","London","Bexley and Greenwich","[c]","[c]","[c]","[c]"
"New entrant CS","2022","Undeclared","Undeclared","London","Brent","[c]","[c]","[c]","[c]"
"New entrant CS","2022","Undeclared","Undeclared","London","Camden and City of London","[c]","[c]","[c]","[c]"
"New entrant CS","2022","Undeclared","Undeclared","London","Croydon","[c]","[c]","[c]","[c]"
"New entrant CS","2022","Undeclared","Undeclared","London","Ealing","[c]","[c]","[c]","[c]"
"New entrant CS","2022","Undeclared","Undeclared","London","Hackney and Newham","[c]","[c]","[c]","[c]"
"New entrant CS","2022","Undeclared","Undeclared","London","Haringey and Islington","[c]","[c]","[c]","[c]"
"New entrant CS","2022","Undeclared","Undeclared","London","Harrow and Hillingdon","[c]","[c]","[c]","[c]"
"New entrant CS","2022","Undeclared","Undeclared","London","Hounslow and Richmond upon Thames","[c]","[c]","[c]","[c]"
"New entrant CS","2022","Undeclared","Undeclared","London","Kensington & Chelsea and Hammersmith & Fulham","[c]","[c]","[c]","[c]"
"New entrant CS","2022","Undeclared","Undeclared","London","Lambeth","[c]","[c]","[c]","[c]"
"New entrant CS","2022","Undeclared","Undeclared","London","Lewisham and Southwark","10","[c]","[c]","[c]"
"New entrant CS","2022","Undeclared","Undeclared","London","Merton, Kingston upon Thames and Sutton","[c]","[c]","[c]","[c]"
"New entrant CS","2022","Undeclared","Undeclared","London","Tower Hamlets","5","[c]","[c]","[c]"
"New entrant CS","2022","Undeclared","Undeclared","London","Westminster","45","[c]","40680","36650"
"New entrant CS","2022","Undeclared","Undeclared","North East (England)","Darlington","[c]","[c]","[c]","[c]"
"New entrant CS","2022","Undeclared","Undeclared","North East (England)","Durham","[c]","[c]","[c]","[c]"
"New entrant CS","2022","Undeclared","Undeclared","North East (England)","Hartlepool and Stockton-on-Tees","[c]","[c]","[c]","[c]"
"New entrant CS","2022","Undeclared","Undeclared","North East (England)","South Teesside","[c]","[c]","[c]","[c]"
"New entrant CS","2022","Undeclared","Undeclared","North East (England)","Tyneside","5","[c]","[c]","[c]"
"New entrant CS","2022","Undeclared","Undeclared","North West (England)","Blackpool","[c]","[c]","[c]","[c]"
"New entrant CS","2022","Undeclared","Undeclared","North West (England)","Cheshire East","[c]","[c]","[c]","[c]"
"New entrant CS","2022","Undeclared","Undeclared","North West (England)","Cheshire West and Chester","[c]","[c]","[c]","[c]"
"New entrant CS","2022","Undeclared","Undeclared","North West (England)","East Cumbria","[c]","[c]","[c]","[c]"
"New entrant CS","2022","Undeclared","Undeclared","North West (England)","Greater Manchester North East","[c]","[c]","[c]","[c]"
"New entrant CS","2022","Undeclared","Undeclared","North West (England)","Greater Manchester North West","[c]","[c]","[c]","[c]"
"New entrant CS","2022","Undeclared","Undeclared","North West (England)","Greater Manchester South West","[c]","[c]","[c]","[c]"
"New entrant CS","2022","Undeclared","Undeclared","North West (England)","Liverpool","5","[c]","[c]","[c]"
"New entrant CS","2022","Undeclared","Undeclared","North West (England)","Manchester","5","[c]","[c]","[c]"
"New entrant CS","2022","Undeclared","Undeclared","North West (England)","Mid Lancashire","[c]","[c]","[c]","[c]"
"New entrant CS","2022","Undeclared","Undeclared","North West (England)","Sefton","[c]","[c]","[c]","[c]"
"New entrant CS","2022","Undeclared","Undeclared","North West (England)","Warrington","[c]","[c]","[c]","[c]"
"New entrant CS","2022","Undeclared","Undeclared","North West (England)","West Cumbria","[c]","[c]","[c]","[c]"
"New entrant CS","2022","Undeclared","Undeclared","North West (England)","Wirral","[c]","[c]","[c]","[c]"
"New entrant CS","2022","Undeclared","Undeclared","Northern Ireland","Belfast","[c]","[c]","[c]","[c]"
"New entrant CS","2022","Undeclared","Undeclared","Scotland","Aberdeen City and Aberdeenshire","[c]","[c]","[c]","[c]"
"New entrant CS","2022","Undeclared","Undeclared","Scotland","Angus and Dundee City","[c]","[c]","[c]","[c]"
"New entrant CS","2022","Undeclared","Undeclared","Scotland","City of Edinburgh","10","[c]","[c]","[c]"
"New entrant CS","2022","Undeclared","Undeclared","Scotland","Falkirk","[c]","[c]","[c]","[c]"
"New entrant CS","2022","Undeclared","Undeclared","Scotland","Glasgow City","5","[c]","[c]","[c]"
"New entrant CS","2022","Undeclared","Undeclared","Scotland","South Ayrshire","[c]","[c]","[c]","[c]"
"New entrant CS","2022","Undeclared","Undeclared","Scotland","South Lanarkshire","[c]","[c]","[c]","[c]"
"New entrant CS","2022","Undeclared","Undeclared","South East (England)","Berkshire","[c]","[c]","[c]","[c]"
"New entrant CS","2022","Undeclared","Undeclared","South East (England)","Brighton and Hove","[c]","[c]","[c]","[c]"
"New entrant CS","2022","Undeclared","Undeclared","South East (England)","Buckinghamshire","[c]","[c]","[c]","[c]"
"New entrant CS","2022","Undeclared","Undeclared","South East (England)","Central Hampshire","[c]","[c]","[c]","[c]"
"New entrant CS","2022","Undeclared","Undeclared","South East (England)","East Kent","[c]","[c]","[c]","[c]"
"New entrant CS","2022","Undeclared","Undeclared","South East (England)","East Sussex CC","5","[c]","[c]","[c]"
"New entrant CS","2022","Undeclared","Undeclared","South East (England)","Mid Kent","[c]","[c]","[c]","[c]"
"New entrant CS","2022","Undeclared","Undeclared","South East (England)","Milton Keynes","[c]","[c]","[c]","[c]"
"New entrant CS","2022","Undeclared","Undeclared","South East (England)","North Hampshire","[c]","[c]","[c]","[c]"
"New entrant CS","2022","Undeclared","Undeclared","South East (England)","South Hampshire","[c]","[c]","[c]","[c]"
"New entrant CS","2022","Undeclared","Undeclared","South East (England)","Southampton","[c]","[c]","[c]","[c]"
"New entrant CS","2022","Undeclared","Undeclared","South East (England)","West Surrey","10","[c]","[c]","[c]"
"New entrant CS","2022","Undeclared","Undeclared","South West (England)","Bath and North East Somerset, North Somerset and South Gloucestershire","[c]","[c]","[c]","[c]"
"New entrant CS","2022","Undeclared","Undeclared","South West (England)","Bristol, City of","5","[c]","[c]","[c]"
"New entrant CS","2022","Undeclared","Undeclared","South West (England)","Cornwall and Isles of Scilly","[c]","[c]","[c]","[c]"
"New entrant CS","2022","Undeclared","Undeclared","South West (England)","Devon CC","[c]","[c]","[c]","[c]"
"New entrant CS","2022","Undeclared","Undeclared","South West (England)","Dorset","[c]","[c]","[c]","[c]"
"New entrant CS","2022","Undeclared","Undeclared","South West (England)","Gloucestershire CC","[c]","[c]","[c]","[c]"
"New entrant CS","2022","Undeclared","Undeclared","South West (England)","Plymouth","[c]","[c]","[c]","[c]"
"New entrant CS","2022","Undeclared","Undeclared","South West (England)","Somerset CC","[c]","[c]","[c]","[c]"
"New entrant CS","2022","Undeclared","Undeclared","South West (England)","Wiltshire","[c]","[c]","[c]","[c]"
"New entrant CS","2022","Undeclared","Undeclared","Unknown","Unknown","5","[c]","[c]","[c]"
"New entrant CS","2022","Undeclared","Undeclared","Wales","Cardiff and Vale of Glamorgan","5","[c]","[c]","[c]"
"New entrant CS","2022","Undeclared","Undeclared","Wales","Central Valleys","[c]","[c]","[c]","[c]"
"New entrant CS","2022","Undeclared","Undeclared","Wales","Conwy and Denbighshire","[c]","[c]","[c]","[c]"
"New entrant CS","2022","Undeclared","Undeclared","Wales","Flintshire and Wrexham","[c]","[c]","[c]","[c]"
"New entrant CS","2022","Undeclared","Undeclared","Wales","Gwynedd","[c]","[c]","[c]","[c]"
"New entrant CS","2022","Undeclared","Undeclared","Wales","Monmouthshire and Newport","[c]","[c]","[c]","[c]"
"New entrant CS","2022","Undeclared","Undeclared","Wales","South West Wales","[c]","[c]","[c]","[c]"
"New entrant CS","2022","Undeclared","Undeclared","Wales","Swansea","[c]","[c]","[c]","[c]"
"New entrant CS","2022","Undeclared","Undeclared","West Midlands (England)","Birmingham","10","[c]","[c]","[c]"
"New entrant CS","2022","Undeclared","Undeclared","West Midlands (England)","Sandwell","[c]","[c]","[c]","[c]"
"New entrant CS","2022","Undeclared","Undeclared","West Midlands (England)","Shropshire","[c]","[c]","[c]","[c]"
"New entrant CS","2022","Undeclared","Undeclared","West Midlands (England)","Staffordshire CC","[c]","[c]","[c]","[c]"
"New entrant CS","2022","Undeclared","Undeclared","West Midlands (England)","Stoke-on-Trent","[c]","[c]","[c]","[c]"
"New entrant CS","2022","Undeclared","Undeclared","West Midlands (England)","Telford and Wrekin","[c]","[c]","[c]","[c]"
"New entrant CS","2022","Undeclared","Undeclared","West Midlands (England)","Warwickshire CC","[c]","[c]","[c]","[c]"
"New entrant CS","2022","Undeclared","Undeclared","West Midlands (England)","Wolverhampton","[c]","[c]","[c]","[c]"
"New entrant CS","2022","Undeclared","Undeclared","West Midlands (England)","Worcestershire CC","[c]","[c]","[c]","[c]"
"New entrant CS","2022","Undeclared","Undeclared","Yorkshire and The Humber","Bradford","[c]","[c]","[c]","[c]"
"New entrant CS","2022","Undeclared","Undeclared","Yorkshire and The Humber","East Riding of Yorkshire","[c]","[c]","[c]","[c]"
"New entrant CS","2022","Undeclared","Undeclared","Yorkshire and The Humber","Leeds","10","[c]","[c]","[c]"
"New entrant CS","2022","Undeclared","Undeclared","Yorkshire and The Humber","North and North East Lincolnshire","[c]","[c]","[c]","[c]"
"New entrant CS","2022","Undeclared","Undeclared","Yorkshire and The Humber","North Yorkshire CC","[c]","[c]","[c]","[c]"
"New entrant CS","2022","Undeclared","Undeclared","Yorkshire and The Humber","Sheffield","5","[c]","[c]","[c]"
"New entrant CS","2022","Undeclared","Undeclared","Yorkshire and The Humber","York","[c]","[c]","[c]","[c]"
"New entrant CS","2022","Undeclared","Unknown","London","Croydon","[c]","[c]","[c]","[c]"
"New entrant CS","2022","Undeclared","Unknown","London","Harrow and Hillingdon","[c]","[c]","[c]","[c]"
"New entrant CS","2022","Undeclared","Unknown","London","Lambeth","[c]","[c]","[c]","[c]"
"New entrant CS","2022","Undeclared","Unknown","London","Lewisham and Southwark","[c]","[c]","[c]","[c]"
"New entrant CS","2022","Undeclared","Unknown","London","Westminster","10","[c]","[c]","[c]"
"New entrant CS","2022","Undeclared","Unknown","North East (England)","Darlington","[c]","[c]","[c]","[c]"
"New entrant CS","2022","Undeclared","Unknown","North East (England)","Tyneside","[c]","[c]","[c]","[c]"
"New entrant CS","2022","Undeclared","Unknown","North West (England)","Wirral","[c]","[c]","[c]","[c]"
"New entrant CS","2022","Undeclared","Unknown","South East (England)","East Surrey","[c]","[c]","[c]","[c]"
"New entrant CS","2022","Undeclared","Unknown","South East (England)","Oxfordshire CC","[c]","[c]","[c]","[c]"
"New entrant CS","2022","Undeclared","Unknown","South West (England)","Bath and North East Somerset, North Somerset and South Gloucestershire","[c]","[c]","[c]","[c]"
"New entrant CS","2022","Undeclared","Unknown","South West (England)","Somerset CC","[c]","[c]","[c]","[c]"
"New entrant CS","2022","Undeclared","Unknown","Wales","Cardiff and Vale of Glamorgan","[c]","[c]","[c]","[c]"
"New entrant CS","2022","Undeclared","Unknown","Wales","Monmouthshire and Newport","[c]","[c]","[c]","[c]"
"New entrant CS","2022","Undeclared","Unknown","West Midlands (England)","Worcestershire CC","[c]","[c]","[c]","[c]"
"New entrant CS","2022","Undeclared","Unknown","Yorkshire and The Humber","East Riding of Yorkshire","[c]","[c]","[c]","[c]"
"New entrant CS","2022","Undeclared","Unknown","Yorkshire and The Humber","Leeds","[c]","[c]","[c]","[c]"
"New entrant CS","2022","Undeclared","White","East Midlands (England)","Derby","[c]","[c]","[c]","[c]"
"New entrant CS","2022","Undeclared","White","East Midlands (England)","East Derbyshire","[c]","[c]","[c]","[c]"
"New entrant CS","2022","Undeclared","White","East Midlands (England)","Leicester","5","[c]","[c]","[c]"
"New entrant CS","2022","Undeclared","White","East Midlands (England)","Leicestershire CC and Rutland","5","[c]","[c]","[c]"
"New entrant CS","2022","Undeclared","White","East Midlands (England)","Lincolnshire CC","15","[c]","[c]","[c]"
"New entrant CS","2022","Undeclared","White","East Midlands (England)","North Northamptonshire","[c]","[c]","[c]","[c]"
"New entrant CS","2022","Undeclared","White","East Midlands (England)","North Nottinghamshire","[c]","[c]","[c]","[c]"
"New entrant CS","2022","Undeclared","White","East Midlands (England)","Nottingham","30","[c]","[c]","[c]"
"New entrant CS","2022","Undeclared","White","East Midlands (England)","South and West Derbyshire","5","[c]","[c]","[c]"
"New entrant CS","2022","Undeclared","White","East Midlands (England)","South Nottinghamshire","[c]","[c]","[c]","[c]"
"New entrant CS","2022","Undeclared","White","East Midlands (England)","West Northamptonshire","[c]","[c]","[c]","[c]"
"New entrant CS","2022","Undeclared","White","East of England","Bedford","[c]","[c]","[c]","[c]"
"New entrant CS","2022","Undeclared","White","East of England","Breckland and South Norfolk","[c]","[c]","[c]","[c]"
"New entrant CS","2022","Undeclared","White","East of England","Cambridgeshire CC","[c]","[c]","[c]","[c]"
"New entrant CS","2022","Undeclared","White","East of England","Central Bedfordshire","[c]","[c]","[c]","[c]"
"New entrant CS","2022","Undeclared","White","East of England","Essex Haven Gateway","[c]","[c]","[c]","[c]"
"New entrant CS","2022","Undeclared","White","East of England","Essex Thames Gateway","[c]","[c]","[c]","[c]"
"New entrant CS","2022","Undeclared","White","East of England","Heart of Essex","[c]","[c]","[c]","[c]"
"New entrant CS","2022","Undeclared","White","East of England","Hertfordshire CC","5","[c]","[c]","[c]"
"New entrant CS","2022","Undeclared","White","East of England","Luton","5","[c]","[c]","[c]"
"New entrant CS","2022","Undeclared","White","East of England","North and West Norfolk","[c]","[c]","[c]","[c]"
"New entrant CS","2022","Undeclared","White","East of England","Norwich and East Norfolk","10","[c]","[c]","[c]"
"New entrant CS","2022","Undeclared","White","East of England","Peterborough","[c]","[c]","[c]","[c]"
"New entrant CS","2022","Undeclared","White","East of England","Southend-on-Sea","[c]","[c]","[c]","[c]"
"New entrant CS","2022","Undeclared","White","East of England","Suffolk CC","10","[c]","[c]","[c]"
"New entrant CS","2022","Undeclared","White","East of England","Thurrock","[c]","[c]","[c]","[c]"
"New entrant CS","2022","Undeclared","White","East of England","West Essex","[c]","[c]","[c]","[c]"
"New entrant CS","2022","Undeclared","White","London","Barking & Dagenham and Havering","[c]","[c]","[c]","[c]"
"New entrant CS","2022","Undeclared","White","London","Barnet","[c]","[c]","[c]","[c]"
"New entrant CS","2022","Undeclared","White","London","Bexley and Greenwich","[c]","[c]","[c]","[c]"
"New entrant CS","2022","Undeclared","White","London","Brent","[c]","[c]","[c]","[c]"
"New entrant CS","2022","Undeclared","White","London","Bromley","[c]","[c]","[c]","[c]"
"New entrant CS","2022","Undeclared","White","London","Camden and City of London","5","[c]","[c]","[c]"
"New entrant CS","2022","Undeclared","White","London","Croydon","5","[c]","[c]","[c]"
"New entrant CS","2022","Undeclared","White","London","Ealing","[c]","[c]","[c]","[c]"
"New entrant CS","2022","Undeclared","White","London","Enfield","[c]","[c]","[c]","[c]"
"New entrant CS","2022","Undeclared","White","London","Hackney and Newham","5","[c]","[c]","[c]"
"New entrant CS","2022","Undeclared","White","London","Haringey and Islington","[c]","[c]","[c]","[c]"
"New entrant CS","2022","Undeclared","White","London","Harrow and Hillingdon","[c]","[c]","[c]","[c]"
"New entrant CS","2022","Undeclared","White","London","Hounslow and Richmond upon Thames","[c]","[c]","[c]","[c]"
"New entrant CS","2022","Undeclared","White","London","Kensington & Chelsea and Hammersmith & Fulham","[c]","[c]","[c]","[c]"
"New entrant CS","2022","Undeclared","White","London","Lambeth","5","[c]","[c]","[c]"
"New entrant CS","2022","Undeclared","White","London","Lewisham and Southwark","[c]","[c]","[c]","[c]"
"New entrant CS","2022","Undeclared","White","London","Merton, Kingston upon Thames and Sutton","[c]","[c]","[c]","[c]"
"New entrant CS","2022","Undeclared","White","London","Redbridge and Waltham Forest","[c]","[c]","[c]","[c]"
"New entrant CS","2022","Undeclared","White","London","Tower Hamlets","10","[c]","[c]","[c]"
"New entrant CS","2022","Undeclared","White","London","Wandsworth","[c]","[c]","[c]","[c]"
"New entrant CS","2022","Undeclared","White","London","Westminster","125","[c]","36280","34020"
"New entrant CS","2022","Undeclared","White","North East (England)","Darlington","5","[c]","[c]","[c]"
"New entrant CS","2022","Undeclared","White","North East (England)","Durham","15","[c]","[c]","[c]"
"New entrant CS","2022","Undeclared","White","North East (England)","Hartlepool and Stockton-on-Tees","10","[c]","[c]","[c]"
"New entrant CS","2022","Undeclared","White","North East (England)","Northumberland","[c]","[c]","[c]","[c]"
"New entrant CS","2022","Undeclared","White","North East (England)","South Teesside","[c]","[c]","[c]","[c]"
"New entrant CS","2022","Undeclared","White","North East (England)","Sunderland","5","[c]","[c]","[c]"
"New entrant CS","2022","Undeclared","White","North East (England)","Tyneside","65","[c]","25850","21260"
"New entrant CS","2022","Undeclared","White","North West (England)","Blackburn with Darwen","[c]","[c]","[c]","[c]"
"New entrant CS","2022","Undeclared","White","North West (England)","Blackpool","15","[c]","[c]","[c]"
"New entrant CS","2022","Undeclared","White","North West (England)","Cheshire East","[c]","[c]","[c]","[c]"
"New entrant CS","2022","Undeclared","White","North West (England)","Cheshire West and Chester","[c]","[c]","[c]","[c]"
"New entrant CS","2022","Undeclared","White","North West (England)","Chorley and West Lancashire","[c]","[c]","[c]","[c]"
"New entrant CS","2022","Undeclared","White","North West (England)","East Cumbria","[c]","[c]","[c]","[c]"
"New entrant CS","2022","Undeclared","White","North West (England)","East Lancashire","[c]","[c]","[c]","[c]"
"New entrant CS","2022","Undeclared","White","North West (England)","East Merseyside","[c]","[c]","[c]","[c]"
"New entrant CS","2022","Undeclared","White","North West (England)","Greater Manchester North East","5","[c]","[c]","[c]"
"New entrant CS","2022","Undeclared","White","North West (England)","Greater Manchester North West","10","[c]","[c]","[c]"
"New entrant CS","2022","Undeclared","White","North West (England)","Greater Manchester South East","[c]","[c]","[c]","[c]"
"New entrant CS","2022","Undeclared","White","North West (England)","Greater Manchester South West","20","[c]","[c]","[c]"
"New entrant CS","2022","Undeclared","White","North West (England)","Lancaster and Wyre","[c]","[c]","[c]","[c]"
"New entrant CS","2022","Undeclared","White","North West (England)","Liverpool","40","[c]","26570","26590"
"New entrant CS","2022","Undeclared","White","North West (England)","Manchester","25","[c]","[c]","[c]"
"New entrant CS","2022","Undeclared","White","North West (England)","Mid Lancashire","15","[c]","[c]","[c]"
"New entrant CS","2022","Undeclared","White","North West (England)","Sefton","15","[c]","[c]","[c]"
"New entrant CS","2022","Undeclared","White","North West (England)","Warrington","5","[c]","[c]","[c]"
"New entrant CS","2022","Undeclared","White","North West (England)","West Cumbria","[c]","[c]","[c]","[c]"
"New entrant CS","2022","Undeclared","White","North West (England)","Wirral","5","[c]","[c]","[c]"
"New entrant CS","2022","Undeclared","White","Northern Ireland","Antrim and Newtownabbey","[c]","[c]","[c]","[c]"
"New entrant CS","2022","Undeclared","White","Northern Ireland","Ards and North Down","[c]","[c]","[c]","[c]"
"New entrant CS","2022","Undeclared","White","Northern Ireland","Armagh City, Banbridge and Craigavon","[c]","[c]","[c]","[c]"
"New entrant CS","2022","Undeclared","White","Northern Ireland","Belfast","10","[c]","[c]","[c]"
"New entrant CS","2022","Undeclared","White","Northern Ireland","Causeway Coast and Glens","[c]","[c]","[c]","[c]"
"New entrant CS","2022","Undeclared","White","Northern Ireland","Derry City and Strabane","[c]","[c]","[c]","[c]"
"New entrant CS","2022","Undeclared","White","Northern Ireland","Fermanagh and Omagh","[c]","[c]","[c]","[c]"
"New entrant CS","2022","Undeclared","White","Northern Ireland","Lisburn and Castlereagh","[c]","[c]","[c]","[c]"
"New entrant CS","2022","Undeclared","White","Northern Ireland","Mid and East Antrim","[c]","[c]","[c]","[c]"
"New entrant CS","2022","Undeclared","White","Northern Ireland","Mid Ulster","[c]","[c]","[c]","[c]"
"New entrant CS","2022","Undeclared","White","Northern Ireland","Newry, Mourne and Down","[c]","[c]","[c]","[c]"
"New entrant CS","2022","Undeclared","White","Overseas","Overseas","[c]","[c]","[c]","[c]"
"New entrant CS","2022","Undeclared","White","Scotland","Aberdeen City and Aberdeenshire","[c]","[c]","[c]","[c]"
"New entrant CS","2022","Undeclared","White","Scotland","Angus and Dundee City","10","[c]","[c]","[c]"
"New entrant CS","2022","Undeclared","White","Scotland","Caithness and Sutherland, and Ross and Cromarty","[c]","[c]","[c]","[c]"
"New entrant CS","2022","Undeclared","White","Scotland","City of Edinburgh","30","[c]","[c]","[c]"
"New entrant CS","2022","Undeclared","White","Scotland","Clackmannanshire and Fife","[c]","[c]","[c]","[c]"
"New entrant CS","2022","Undeclared","White","Scotland","Dumfries and Galloway","[c]","[c]","[c]","[c]"
"New entrant CS","2022","Undeclared","White","Scotland","East Ayrshire and North Ayrshire mainland","[c]","[c]","[c]","[c]"
"New entrant CS","2022","Undeclared","White","Scotland","East Dunbartonshire, West Dunbartonshire, and Helensburgh and Lomond","[c]","[c]","[c]","[c]"
"New entrant CS","2022","Undeclared","White","Scotland","East Lothian and Midlothian","[c]","[c]","[c]","[c]"
"New entrant CS","2022","Undeclared","White","Scotland","Falkirk","5","[c]","[c]","[c]"
"New entrant CS","2022","Undeclared","White","Scotland","Glasgow City","30","[c]","28600","27570"
"New entrant CS","2022","Undeclared","White","Scotland","Inverclyde, East Renfrewshire, and Renfrewshire","[c]","[c]","[c]","[c]"
"New entrant CS","2022","Undeclared","White","Scotland","Inverness and Nairn, Moray, and Badenoch and Strathspey","[c]","[c]","[c]","[c]"
"New entrant CS","2022","Undeclared","White","Scotland","Lochaber, Skye and Lochalsh, Arran and Cumbrae, and Argyll and Bute","[c]","[c]","[c]","[c]"
"New entrant CS","2022","Undeclared","White","Scotland","Na h-Eileanan Siar","[c]","[c]","[c]","[c]"
"New entrant CS","2022","Undeclared","White","Scotland","North Lanarkshire","[c]","[c]","[c]","[c]"
"New entrant CS","2022","Undeclared","White","Scotland","Orkney Islands","[c]","[c]","[c]","[c]"
"New entrant CS","2022","Undeclared","White","Scotland","Perth and Kinross, and Stirling","[c]","[c]","[c]","[c]"
"New entrant CS","2022","Undeclared","White","Scotland","Scottish Borders","[c]","[c]","[c]","[c]"
"New entrant CS","2022","Undeclared","White","Scotland","Shetland Islands","[c]","[c]","[c]","[c]"
"New entrant CS","2022","Undeclared","White","Scotland","South Ayrshire","[c]","[c]","[c]","[c]"
"New entrant CS","2022","Undeclared","White","Scotland","South Lanarkshire","5","[c]","[c]","[c]"
"New entrant CS","2022","Undeclared","White","Scotland","West Lothian","[c]","[c]","[c]","[c]"
"New entrant CS","2022","Undeclared","White","South East (England)","Berkshire","15","[c]","[c]","[c]"
"New entrant CS","2022","Undeclared","White","South East (England)","Brighton and Hove","[c]","[c]","[c]","[c]"
"New entrant CS","2022","Undeclared","White","South East (England)","Buckinghamshire","[c]","[c]","[c]","[c]"
"New entrant CS","2022","Undeclared","White","South East (England)","Central Hampshire","5","[c]","[c]","[c]"
"New entrant CS","2022","Undeclared","White","South East (England)","East Kent","[c]","[c]","[c]","[c]"
"New entrant CS","2022","Undeclared","White","South East (England)","East Surrey","[c]","[c]","[c]","[c]"
"New entrant CS","2022","Undeclared","White","South East (England)","East Sussex CC","10","[c]","[c]","[c]"
"New entrant CS","2022","Undeclared","White","South East (England)","Isle of Wight","[c]","[c]","[c]","[c]"
"New entrant CS","2022","Undeclared","White","South East (England)","Kent Thames Gateway","[c]","[c]","[c]","[c]"
"New entrant CS","2022","Undeclared","White","South East (England)","Medway","[c]","[c]","[c]","[c]"
"New entrant CS","2022","Undeclared","White","South East (England)","Mid Kent","[c]","[c]","[c]","[c]"
"New entrant CS","2022","Undeclared","White","South East (England)","Milton Keynes","5","[c]","[c]","[c]"
"New entrant CS","2022","Undeclared","White","South East (England)","North Hampshire","5","[c]","[c]","[c]"
"New entrant CS","2022","Undeclared","White","South East (England)","Oxfordshire CC","10","[c]","[c]","[c]"
"New entrant CS","2022","Undeclared","White","South East (England)","Portsmouth","5","[c]","[c]","[c]"
"New entrant CS","2022","Undeclared","White","South East (England)","South Hampshire","20","[c]","[c]","[c]"
"New entrant CS","2022","Undeclared","White","South East (England)","Southampton","10","[c]","[c]","[c]"
"New entrant CS","2022","Undeclared","White","South East (England)","West Kent","[c]","[c]","[c]","[c]"
"New entrant CS","2022","Undeclared","White","South East (England)","West Surrey","5","[c]","[c]","[c]"
"New entrant CS","2022","Undeclared","White","South East (England)","West Sussex (North East)","[c]","[c]","[c]","[c]"
"New entrant CS","2022","Undeclared","White","South East (England)","West Sussex (South West)","5","[c]","[c]","[c]"
"New entrant CS","2022","Undeclared","White","South West (England)","Bath and North East Somerset, North Somerset and South Gloucestershire","25","[c]","[c]","[c]"
"New entrant CS","2022","Undeclared","White","South West (England)","Bournemouth, Christchurch and Poole","5","[c]","[c]","[c]"
"New entrant CS","2022","Undeclared","White","South West (England)","Bristol, City of","30","[c]","29040","26650"
"New entrant CS","2022","Undeclared","White","South West (England)","Cornwall and Isles of Scilly","5","[c]","[c]","[c]"
"New entrant CS","2022","Undeclared","White","South West (England)","Devon CC","5","[c]","[c]","[c]"
"New entrant CS","2022","Undeclared","White","South West (England)","Dorset","[c]","[c]","[c]","[c]"
"New entrant CS","2022","Undeclared","White","South West (England)","Gloucestershire CC","[c]","[c]","[c]","[c]"
"New entrant CS","2022","Undeclared","White","South West (England)","Plymouth","[c]","[c]","[c]","[c]"
"New entrant CS","2022","Undeclared","White","South West (England)","Somerset CC","[c]","[c]","[c]","[c]"
"New entrant CS","2022","Undeclared","White","South West (England)","Swindon","[c]","[c]","[c]","[c]"
"New entrant CS","2022","Undeclared","White","South West (England)","Torbay","[c]","[c]","[c]","[c]"
"New entrant CS","2022","Undeclared","White","South West (England)","Wiltshire","5","[c]","[c]","[c]"
"New entrant CS","2022","Undeclared","White","Unknown","Unknown","5","[c]","[c]","[c]"
"New entrant CS","2022","Undeclared","White","Wales","Bridgend and Neath Port Talbot","[c]","[c]","[c]","[c]"
"New entrant CS","2022","Undeclared","White","Wales","Cardiff and Vale of Glamorgan","20","[c]","[c]","[c]"
"New entrant CS","2022","Undeclared","White","Wales","Central Valleys","10","[c]","[c]","[c]"
"New entrant CS","2022","Undeclared","White","Wales","Conwy and Denbighshire","[c]","[c]","[c]","[c]"
"New entrant CS","2022","Undeclared","White","Wales","Flintshire and Wrexham","5","[c]","[c]","[c]"
"New entrant CS","2022","Undeclared","White","Wales","Gwent Valleys","[c]","[c]","[c]","[c]"
"New entrant CS","2022","Undeclared","White","Wales","Gwynedd","[c]","[c]","[c]","[c]"
"New entrant CS","2022","Undeclared","White","Wales","Isle of Anglesey","[c]","[c]","[c]","[c]"
"New entrant CS","2022","Undeclared","White","Wales","Monmouthshire and Newport","15","[c]","[c]","[c]"
"New entrant CS","2022","Undeclared","White","Wales","Powys","[c]","[c]","[c]","[c]"
"New entrant CS","2022","Undeclared","White","Wales","South West Wales","5","[c]","[c]","[c]"
"New entrant CS","2022","Undeclared","White","Wales","Swansea","30","[c]","23900","21840"
"New entrant CS","2022","Undeclared","White","West Midlands (England)","Birmingham","40","[c]","30200","27570"
"New entrant CS","2022","Undeclared","White","West Midlands (England)","Coventry","[c]","[c]","[c]","[c]"
"New entrant CS","2022","Undeclared","White","West Midlands (England)","Dudley","[c]","[c]","[c]","[c]"
"New entrant CS","2022","Undeclared","White","West Midlands (England)","Herefordshire, County of","[c]","[c]","[c]","[c]"
"New entrant CS","2022","Undeclared","White","West Midlands (England)","Sandwell","[c]","[c]","[c]","[c]"
"New entrant CS","2022","Undeclared","White","West Midlands (England)","Shropshire","[c]","[c]","[c]","[c]"
"New entrant CS","2022","Undeclared","White","West Midlands (England)","Solihull","[c]","[c]","[c]","[c]"
"New entrant CS","2022","Undeclared","White","West Midlands (England)","Staffordshire CC","10","[c]","[c]","[c]"
"New entrant CS","2022","Undeclared","White","West Midlands (England)","Stoke-on-Trent","[c]","[c]","[c]","[c]"
"New entrant CS","2022","Undeclared","White","West Midlands (England)","Telford and Wrekin","[c]","[c]","[c]","[c]"
"New entrant CS","2022","Undeclared","White","West Midlands (England)","Walsall","[c]","[c]","[c]","[c]"
"New entrant CS","2022","Undeclared","White","West Midlands (England)","Warwickshire CC","[c]","[c]","[c]","[c]"
"New entrant CS","2022","Undeclared","White","West Midlands (England)","Wolverhampton","[c]","[c]","[c]","[c]"
"New entrant CS","2022","Undeclared","White","West Midlands (England)","Worcestershire CC","15","[c]","[c]","[c]"
"New entrant CS","2022","Undeclared","White","Yorkshire and The Humber","Barnsley, Doncaster and Rotherham","[c]","[c]","[c]","[c]"
"New entrant CS","2022","Undeclared","White","Yorkshire and The Humber","Bradford","10","[c]","[c]","[c]"
"New entrant CS","2022","Undeclared","White","Yorkshire and The Humber","Calderdale and Kirklees","[c]","[c]","[c]","[c]"
"New entrant CS","2022","Undeclared","White","Yorkshire and The Humber","East Riding of Yorkshire","[c]","[c]","[c]","[c]"
"New entrant CS","2022","Undeclared","White","Yorkshire and The Humber","Kingston upon Hull, City of","[c]","[c]","[c]","[c]"
"New entrant CS","2022","Undeclared","White","Yorkshire and The Humber","Leeds","25","[c]","[c]","[c]"
"New entrant CS","2022","Undeclared","White","Yorkshire and The Humber","North and North East Lincolnshire","[c]","[c]","[c]","[c]"
"New entrant CS","2022","Undeclared","White","Yorkshire and The Humber","North Yorkshire CC","[c]","[c]","[c]","[c]"
"New entrant CS","2022","Undeclared","White","Yorkshire and The Humber","Sheffield","10","[c]","[c]","[c]"
"New entrant CS","2022","Undeclared","White","Yorkshire and The Humber","Wakefield","[c]","[c]","[c]","[c]"
"New entrant CS","2022","Undeclared","White","Yorkshire and The Humber","York","15","[c]","[c]","[c]"
"New entrant CS","2022","Unknown","Asian","East Midlands (England)","Derby","[c]","[c]","[c]","[c]"
"New entrant CS","2022","Unknown","Asian","East Midlands (England)","East Derbyshire","[c]","[c]","[c]","[c]"
"New entrant CS","2022","Unknown","Asian","East Midlands (England)","Leicester","5","[c]","[c]","[c]"
"New entrant CS","2022","Unknown","Asian","East Midlands (England)","Leicestershire CC and Rutland","[c]","[c]","[c]","[c]"
"New entrant CS","2022","Unknown","Asian","East Midlands (England)","Lincolnshire CC","[c]","[c]","[c]","[c]"
"New entrant CS","2022","Unknown","Asian","East Midlands (England)","North Northamptonshire","[c]","[c]","[c]","[c]"
"New entrant CS","2022","Unknown","Asian","East Midlands (England)","North Nottinghamshire","[c]","[c]","[c]","[c]"
"New entrant CS","2022","Unknown","Asian","East Midlands (England)","Nottingham","15","[c]","[c]","[c]"
"New entrant CS","2022","Unknown","Asian","East Midlands (England)","South and West Derbyshire","[c]","[c]","[c]","[c]"
"New entrant CS","2022","Unknown","Asian","East Midlands (England)","South Nottinghamshire","[c]","[c]","[c]","[c]"
"New entrant CS","2022","Unknown","Asian","East Midlands (England)","West Northamptonshire","[c]","[c]","[c]","[c]"
"New entrant CS","2022","Unknown","Asian","East of England","Bedford","[c]","[c]","[c]","[c]"
"New entrant CS","2022","Unknown","Asian","East of England","Breckland and South Norfolk","[c]","[c]","[c]","[c]"
"New entrant CS","2022","Unknown","Asian","East of England","Cambridgeshire CC","[c]","[c]","[c]","[c]"
"New entrant CS","2022","Unknown","Asian","East of England","Central Bedfordshire","[c]","[c]","[c]","[c]"
"New entrant CS","2022","Unknown","Asian","East of England","Essex Haven Gateway","[c]","[c]","[c]","[c]"
"New entrant CS","2022","Unknown","Asian","East of England","Essex Thames Gateway","[c]","[c]","[c]","[c]"
"New entrant CS","2022","Unknown","Asian","East of England","Heart of Essex","[c]","[c]","[c]","[c]"
"New entrant CS","2022","Unknown","Asian","East of England","Hertfordshire CC","[c]","[c]","[c]","[c]"
"New entrant CS","2022","Unknown","Asian","East of England","Luton","[c]","[c]","[c]","[c]"
"New entrant CS","2022","Unknown","Asian","East of England","North and West Norfolk","[c]","[c]","[c]","[c]"
"New entrant CS","2022","Unknown","Asian","East of England","Norwich and East Norfolk","[c]","[c]","[c]","[c]"
"New entrant CS","2022","Unknown","Asian","East of England","Peterborough","[c]","[c]","[c]","[c]"
"New entrant CS","2022","Unknown","Asian","East of England","Southend-on-Sea","[c]","[c]","[c]","[c]"
"New entrant CS","2022","Unknown","Asian","East of England","Suffolk CC","[c]","[c]","[c]","[c]"
"New entrant CS","2022","Unknown","Asian","East of England","Thurrock","[c]","[c]","[c]","[c]"
"New entrant CS","2022","Unknown","Asian","East of England","West Essex","[c]","[c]","[c]","[c]"
"New entrant CS","2022","Unknown","Asian","London","Barking & Dagenham and Havering","[c]","[c]","[c]","[c]"
"New entrant CS","2022","Unknown","Asian","London","Barnet","10","[c]","[c]","[c]"
"New entrant CS","2022","Unknown","Asian","London","Bexley and Greenwich","[c]","[c]","[c]","[c]"
"New entrant CS","2022","Unknown","Asian","London","Brent","[c]","[c]","[c]","[c]"
"New entrant CS","2022","Unknown","Asian","London","Bromley","[c]","[c]","[c]","[c]"
"New entrant CS","2022","Unknown","Asian","London","Camden and City of London","5","[c]","[c]","[c]"
"New entrant CS","2022","Unknown","Asian","London","Croydon","20","[c]","[c]","[c]"
"New entrant CS","2022","Unknown","Asian","London","Ealing","[c]","[c]","[c]","[c]"
"New entrant CS","2022","Unknown","Asian","London","Enfield","[c]","[c]","[c]","[c]"
"New entrant CS","2022","Unknown","Asian","London","Hackney and Newham","10","[c]","[c]","[c]"
"New entrant CS","2022","Unknown","Asian","London","Haringey and Islington","[c]","[c]","[c]","[c]"
"New entrant CS","2022","Unknown","Asian","London","Harrow and Hillingdon","10","[c]","[c]","[c]"
"New entrant CS","2022","Unknown","Asian","London","Hounslow and Richmond upon Thames","10","[c]","[c]","[c]"
"New entrant CS","2022","Unknown","Asian","London","Kensington & Chelsea and Hammersmith & Fulham","[c]","[c]","[c]","[c]"
"New entrant CS","2022","Unknown","Asian","London","Lambeth","30","[c]","[c]","[c]"
"New entrant CS","2022","Unknown","Asian","London","Lewisham and Southwark","[c]","[c]","[c]","[c]"
"New entrant CS","2022","Unknown","Asian","London","Merton, Kingston upon Thames and Sutton","[c]","[c]","[c]","[c]"
"New entrant CS","2022","Unknown","Asian","London","Redbridge and Waltham Forest","[c]","[c]","[c]","[c]"
"New entrant CS","2022","Unknown","Asian","London","Tower Hamlets","15","[c]","[c]","[c]"
"New entrant CS","2022","Unknown","Asian","London","Wandsworth","[c]","[c]","[c]","[c]"
"New entrant CS","2022","Unknown","Asian","London","Westminster","110","[c]","35910","32790"
"New entrant CS","2022","Unknown","Asian","North East (England)","Darlington","[c]","[c]","[c]","[c]"
"New entrant CS","2022","Unknown","Asian","North East (England)","Durham","[c]","[c]","[c]","[c]"
"New entrant CS","2022","Unknown","Asian","North East (England)","Hartlepool and Stockton-on-Tees","[c]","[c]","[c]","[c]"
"New entrant CS","2022","Unknown","Asian","North East (England)","Northumberland","[c]","[c]","[c]","[c]"
"New entrant CS","2022","Unknown","Asian","North East (England)","South Teesside","[c]","[c]","[c]","[c]"
"New entrant CS","2022","Unknown","Asian","North East (England)","Sunderland","[c]","[c]","[c]","[c]"
"New entrant CS","2022","Unknown","Asian","North East (England)","Tyneside","10","[c]","[c]","[c]"
"New entrant CS","2022","Unknown","Asian","North West (England)","Blackburn with Darwen","[c]","[c]","[c]","[c]"
"New entrant CS","2022","Unknown","Asian","North West (England)","Blackpool","[c]","[c]","[c]","[c]"
"New entrant CS","2022","Unknown","Asian","North West (England)","Cheshire East","[c]","[c]","[c]","[c]"
"New entrant CS","2022","Unknown","Asian","North West (England)","Cheshire West and Chester","[c]","[c]","[c]","[c]"
"New entrant CS","2022","Unknown","Asian","North West (England)","Chorley and West Lancashire","[c]","[c]","[c]","[c]"
"New entrant CS","2022","Unknown","Asian","North West (England)","East Cumbria","[c]","[c]","[c]","[c]"
"New entrant CS","2022","Unknown","Asian","North West (England)","East Lancashire","[c]","[c]","[c]","[c]"
"New entrant CS","2022","Unknown","Asian","North West (England)","East Merseyside","[c]","[c]","[c]","[c]"
"New entrant CS","2022","Unknown","Asian","North West (England)","Greater Manchester North East","[c]","[c]","[c]","[c]"
"New entrant CS","2022","Unknown","Asian","North West (England)","Greater Manchester North West","[c]","[c]","[c]","[c]"
"New entrant CS","2022","Unknown","Asian","North West (England)","Greater Manchester South East","[c]","[c]","[c]","[c]"
"New entrant CS","2022","Unknown","Asian","North West (England)","Greater Manchester South West","25","[c]","[c]","[c]"
"New entrant CS","2022","Unknown","Asian","North West (England)","Lancaster and Wyre","[c]","[c]","[c]","[c]"
"New entrant CS","2022","Unknown","Asian","North West (England)","Liverpool","[c]","[c]","[c]","[c]"
"New entrant CS","2022","Unknown","Asian","North West (England)","Manchester","30","[c]","33130","29360"
"New entrant CS","2022","Unknown","Asian","North West (England)","Mid Lancashire","[c]","[c]","[c]","[c]"
"New entrant CS","2022","Unknown","Asian","North West (England)","Sefton","[c]","[c]","[c]","[c]"
"New entrant CS","2022","Unknown","Asian","North West (England)","Warrington","[c]","[c]","[c]","[c]"
"New entrant CS","2022","Unknown","Asian","North West (England)","West Cumbria","[c]","[c]","[c]","[c]"
"New entrant CS","2022","Unknown","Asian","North West (England)","Wirral","[c]","[c]","[c]","[c]"
"New entrant CS","2022","Unknown","Asian","Northern Ireland","Antrim and Newtownabbey","[c]","[c]","[c]","[c]"
"New entrant CS","2022","Unknown","Asian","Northern Ireland","Ards and North Down","[c]","[c]","[c]","[c]"
"New entrant CS","2022","Unknown","Asian","Northern Ireland","Armagh City, Banbridge and Craigavon","[c]","[c]","[c]","[c]"
"New entrant CS","2022","Unknown","Asian","Northern Ireland","Belfast","[c]","[c]","[c]","[c]"
"New entrant CS","2022","Unknown","Asian","Northern Ireland","Causeway Coast and Glens","[c]","[c]","[c]","[c]"
"New entrant CS","2022","Unknown","Asian","Northern Ireland","Derry City and Strabane","[c]","[c]","[c]","[c]"
"New entrant CS","2022","Unknown","Asian","Northern Ireland","Fermanagh and Omagh","[c]","[c]","[c]","[c]"
"New entrant CS","2022","Unknown","Asian","Northern Ireland","Lisburn and Castlereagh","[c]","[c]","[c]","[c]"
"New entrant CS","2022","Unknown","Asian","Northern Ireland","Mid and East Antrim","[c]","[c]","[c]","[c]"
"New entrant CS","2022","Unknown","Asian","Northern Ireland","Mid Ulster","[c]","[c]","[c]","[c]"
"New entrant CS","2022","Unknown","Asian","Northern Ireland","Newry, Mourne and Down","[c]","[c]","[c]","[c]"
"New entrant CS","2022","Unknown","Asian","Overseas","Overseas","[c]","[c]","[c]","[c]"
"New entrant CS","2022","Unknown","Asian","Scotland","Aberdeen City and Aberdeenshire","[c]","[c]","[c]","[c]"
"New entrant CS","2022","Unknown","Asian","Scotland","Angus and Dundee City","5","[c]","[c]","[c]"
"New entrant CS","2022","Unknown","Asian","Scotland","Caithness and Sutherland, and Ross and Cromarty","[c]","[c]","[c]","[c]"
"New entrant CS","2022","Unknown","Asian","Scotland","City of Edinburgh","[c]","[c]","[c]","[c]"
"New entrant CS","2022","Unknown","Asian","Scotland","Clackmannanshire and Fife","[c]","[c]","[c]","[c]"
"New entrant CS","2022","Unknown","Asian","Scotland","Dumfries and Galloway","[c]","[c]","[c]","[c]"
"New entrant CS","2022","Unknown","Asian","Scotland","East Ayrshire and North Ayrshire mainland","[c]","[c]","[c]","[c]"
"New entrant CS","2022","Unknown","Asian","Scotland","East Dunbartonshire, West Dunbartonshire, and Helensburgh and Lomond","[c]","[c]","[c]","[c]"
"New entrant CS","2022","Unknown","Asian","Scotland","East Lothian and Midlothian","[c]","[c]","[c]","[c]"
"New entrant CS","2022","Unknown","Asian","Scotland","Falkirk","[c]","[c]","[c]","[c]"
"New entrant CS","2022","Unknown","Asian","Scotland","Glasgow City","10","[c]","[c]","[c]"
"New entrant CS","2022","Unknown","Asian","Scotland","Inverclyde, East Renfrewshire, and Renfrewshire","[c]","[c]","[c]","[c]"
"New entrant CS","2022","Unknown","Asian","Scotland","Inverness and Nairn, Moray, and Badenoch and Strathspey","[c]","[c]","[c]","[c]"
"New entrant CS","2022","Unknown","Asian","Scotland","Lochaber, Skye and Lochalsh, Arran and Cumbrae, and Argyll and Bute","[c]","[c]","[c]","[c]"
"New entrant CS","2022","Unknown","Asian","Scotland","Na h-Eileanan Siar","[c]","[c]","[c]","[c]"
"New entrant CS","2022","Unknown","Asian","Scotland","North Lanarkshire","[c]","[c]","[c]","[c]"
"New entrant CS","2022","Unknown","Asian","Scotland","Orkney Islands","[c]","[c]","[c]","[c]"
"New entrant CS","2022","Unknown","Asian","Scotland","Perth and Kinross, and Stirling","[c]","[c]","[c]","[c]"
"New entrant CS","2022","Unknown","Asian","Scotland","Scottish Borders","[c]","[c]","[c]","[c]"
"New entrant CS","2022","Unknown","Asian","Scotland","Shetland Islands","[c]","[c]","[c]","[c]"
"New entrant CS","2022","Unknown","Asian","Scotland","South Ayrshire","[c]","[c]","[c]","[c]"
"New entrant CS","2022","Unknown","Asian","Scotland","South Lanarkshire","[c]","[c]","[c]","[c]"
"New entrant CS","2022","Unknown","Asian","Scotland","West Lothian","[c]","[c]","[c]","[c]"
"New entrant CS","2022","Unknown","Asian","South East (England)","Berkshire","5","[c]","[c]","[c]"
"New entrant CS","2022","Unknown","Asian","South East (England)","Brighton and Hove","[c]","[c]","[c]","[c]"
"New entrant CS","2022","Unknown","Asian","South East (England)","Buckinghamshire","[c]","[c]","[c]","[c]"
"New entrant CS","2022","Unknown","Asian","South East (England)","Central Hampshire","[c]","[c]","[c]","[c]"
"New entrant CS","2022","Unknown","Asian","South East (England)","East Kent","[c]","[c]","[c]","[c]"
"New entrant CS","2022","Unknown","Asian","South East (England)","East Surrey","[c]","[c]","[c]","[c]"
"New entrant CS","2022","Unknown","Asian","South East (England)","East Sussex CC","[c]","[c]","[c]","[c]"
"New entrant CS","2022","Unknown","Asian","South East (England)","Isle of Wight","[c]","[c]","[c]","[c]"
"New entrant CS","2022","Unknown","Asian","South East (England)","Kent Thames Gateway","[c]","[c]","[c]","[c]"
"New entrant CS","2022","Unknown","Asian","South East (England)","Medway","[c]","[c]","[c]","[c]"
"New entrant CS","2022","Unknown","Asian","South East (England)","Mid Kent","[c]","[c]","[c]","[c]"
"New entrant CS","2022","Unknown","Asian","South East (England)","Milton Keynes","[c]","[c]","[c]","[c]"
"New entrant CS","2022","Unknown","Asian","South East (England)","North Hampshire","[c]","[c]","[c]","[c]"
"New entrant CS","2022","Unknown","Asian","South East (England)","Oxfordshire CC","[c]","[c]","[c]","[c]"
"New entrant CS","2022","Unknown","Asian","South East (England)","Portsmouth","[c]","[c]","[c]","[c]"
"New entrant CS","2022","Unknown","Asian","South East (England)","South Hampshire","10","[c]","[c]","[c]"
"New entrant CS","2022","Unknown","Asian","South East (England)","Southampton","[c]","[c]","[c]","[c]"
"New entrant CS","2022","Unknown","Asian","South East (England)","West Kent","[c]","[c]","[c]","[c]"
"New entrant CS","2022","Unknown","Asian","South East (England)","West Surrey","[c]","[c]","[c]","[c]"
"New entrant CS","2022","Unknown","Asian","South East (England)","West Sussex (North East)","[c]","[c]","[c]","[c]"
"New entrant CS","2022","Unknown","Asian","South East (England)","West Sussex (South West)","[c]","[c]","[c]","[c]"
"New entrant CS","2022","Unknown","Asian","South West (England)","Bath and North East Somerset, North Somerset and South Gloucestershire","5","[c]","[c]","[c]"
"New entrant CS","2022","Unknown","Asian","South West (England)","Bournemouth, Christchurch and Poole","[c]","[c]","[c]","[c]"
"New entrant CS","2022","Unknown","Asian","South West (England)","Bristol, City of","5","[c]","[c]","[c]"
"New entrant CS","2022","Unknown","Asian","South West (England)","Cornwall and Isles of Scilly","[c]","[c]","[c]","[c]"
"New entrant CS","2022","Unknown","Asian","South West (England)","Devon CC","[c]","[c]","[c]","[c]"
"New entrant CS","2022","Unknown","Asian","South West (England)","Dorset","[c]","[c]","[c]","[c]"
"New entrant CS","2022","Unknown","Asian","South West (England)","Gloucestershire CC","[c]","[c]","[c]","[c]"
"New entrant CS","2022","Unknown","Asian","South West (England)","Plymouth","[c]","[c]","[c]","[c]"
"New entrant CS","2022","Unknown","Asian","South West (England)","Somerset CC","[c]","[c]","[c]","[c]"
"New entrant CS","2022","Unknown","Asian","South West (England)","Swindon","[c]","[c]","[c]","[c]"
"New entrant CS","2022","Unknown","Asian","South West (England)","Torbay","[c]","[c]","[c]","[c]"
"New entrant CS","2022","Unknown","Asian","South West (England)","Wiltshire","[c]","[c]","[c]","[c]"
"New entrant CS","2022","Unknown","Asian","Unknown","Unknown","[c]","[c]","[c]","[c]"
"New entrant CS","2022","Unknown","Asian","Wales","Bridgend and Neath Port Talbot","[c]","[c]","[c]","[c]"
"New entrant CS","2022","Unknown","Asian","Wales","Cardiff and Vale of Glamorgan","[c]","[c]","[c]","[c]"
"New entrant CS","2022","Unknown","Asian","Wales","Central Valleys","[c]","[c]","[c]","[c]"
"New entrant CS","2022","Unknown","Asian","Wales","Conwy and Denbighshire","[c]","[c]","[c]","[c]"
"New entrant CS","2022","Unknown","Asian","Wales","Flintshire and Wrexham","[c]","[c]","[c]","[c]"
"New entrant CS","2022","Unknown","Asian","Wales","Gwent Valleys","[c]","[c]","[c]","[c]"
"New entrant CS","2022","Unknown","Asian","Wales","Gwynedd","[c]","[c]","[c]","[c]"
"New entrant CS","2022","Unknown","Asian","Wales","Isle of Anglesey","[c]","[c]","[c]","[c]"
"New entrant CS","2022","Unknown","Asian","Wales","Monmouthshire and Newport","15","[c]","[c]","[c]"
"New entrant CS","2022","Unknown","Asian","Wales","Powys","[c]","[c]","[c]","[c]"
"New entrant CS","2022","Unknown","Asian","Wales","South West Wales","[c]","[c]","[c]","[c]"
"New entrant CS","2022","Unknown","Asian","Wales","Swansea","[c]","[c]","[c]","[c]"
"New entrant CS","2022","Unknown","Asian","West Midlands (England)","Birmingham","45","[c]","28320","25480"
"New entrant CS","2022","Unknown","Asian","West Midlands (England)","Coventry","35","[c]","29130","25000"
"New entrant CS","2022","Unknown","Asian","West Midlands (England)","Dudley","[c]","[c]","[c]","[c]"
"New entrant CS","2022","Unknown","Asian","West Midlands (England)","Herefordshire, County of","[c]","[c]","[c]","[c]"
"New entrant CS","2022","Unknown","Asian","West Midlands (England)","Sandwell","[c]","[c]","[c]","[c]"
"New entrant CS","2022","Unknown","Asian","West Midlands (England)","Shropshire","[c]","[c]","[c]","[c]"
"New entrant CS","2022","Unknown","Asian","West Midlands (England)","Solihull","5","[c]","[c]","[c]"
"New entrant CS","2022","Unknown","Asian","West Midlands (England)","Staffordshire CC","[c]","[c]","[c]","[c]"
"New entrant CS","2022","Unknown","Asian","West Midlands (England)","Stoke-on-Trent","[c]","[c]","[c]","[c]"
"New entrant CS","2022","Unknown","Asian","West Midlands (England)","Telford and Wrekin","[c]","[c]","[c]","[c]"
"New entrant CS","2022","Unknown","Asian","West Midlands (England)","Walsall","[c]","[c]","[c]","[c]"
"New entrant CS","2022","Unknown","Asian","West Midlands (England)","Warwickshire CC","[c]","[c]","[c]","[c]"
"New entrant CS","2022","Unknown","Asian","West Midlands (England)","Wolverhampton","[c]","[c]","[c]","[c]"
"New entrant CS","2022","Unknown","Asian","West Midlands (England)","Worcestershire CC","[c]","[c]","[c]","[c]"
"New entrant CS","2022","Unknown","Asian","Yorkshire and The Humber","Barnsley, Doncaster and Rotherham","[c]","[c]","[c]","[c]"
"New entrant CS","2022","Unknown","Asian","Yorkshire and The Humber","Bradford","20","[c]","[c]","[c]"
"New entrant CS","2022","Unknown","Asian","Yorkshire and The Humber","Calderdale and Kirklees","[c]","[c]","[c]","[c]"
"New entrant CS","2022","Unknown","Asian","Yorkshire and The Humber","East Riding of Yorkshire","[c]","[c]","[c]","[c]"
"New entrant CS","2022","Unknown","Asian","Yorkshire and The Humber","Kingston upon Hull, City of","[c]","[c]","[c]","[c]"
"New entrant CS","2022","Unknown","Asian","Yorkshire and The Humber","Leeds","40","[c]","28470","26590"
"New entrant CS","2022","Unknown","Asian","Yorkshire and The Humber","North and North East Lincolnshire","[c]","[c]","[c]","[c]"
"New entrant CS","2022","Unknown","Asian","Yorkshire and The Humber","North Yorkshire CC","[c]","[c]","[c]","[c]"
"New entrant CS","2022","Unknown","Asian","Yorkshire and The Humber","Sheffield","20","[c]","[c]","[c]"
"New entrant CS","2022","Unknown","Asian","Yorkshire and The Humber","Wakefield","[c]","[c]","[c]","[c]"
"New entrant CS","2022","Unknown","Asian","Yorkshire and The Humber","York","[c]","[c]","[c]","[c]"
"New entrant CS","2022","Unknown","Black","East Midlands (England)","Derby","[c]","[c]","[c]","[c]"
"New entrant CS","2022","Unknown","Black","East Midlands (England)","East Derbyshire","[c]","[c]","[c]","[c]"
"New entrant CS","2022","Unknown","Black","East Midlands (England)","Leicester","[c]","[c]","[c]","[c]"
"New entrant CS","2022","Unknown","Black","East Midlands (England)","Leicestershire CC and Rutland","[c]","[c]","[c]","[c]"
"New entrant CS","2022","Unknown","Black","East Midlands (England)","Lincolnshire CC","[c]","[c]","[c]","[c]"
"New entrant CS","2022","Unknown","Black","East Midlands (England)","North Northamptonshire","[c]","[c]","[c]","[c]"
"New entrant CS","2022","Unknown","Black","East Midlands (England)","North Nottinghamshire","[c]","[c]","[c]","[c]"
"New entrant CS","2022","Unknown","Black","East Midlands (England)","Nottingham","5","[c]","[c]","[c]"
"New entrant CS","2022","Unknown","Black","East Midlands (England)","South and West Derbyshire","[c]","[c]","[c]","[c]"
"New entrant CS","2022","Unknown","Black","East Midlands (England)","South Nottinghamshire","[c]","[c]","[c]","[c]"
"New entrant CS","2022","Unknown","Black","East Midlands (England)","West Northamptonshire","[c]","[c]","[c]","[c]"
"New entrant CS","2022","Unknown","Black","East of England","Bedford","[c]","[c]","[c]","[c]"
"New entrant CS","2022","Unknown","Black","East of England","Breckland and South Norfolk","[c]","[c]","[c]","[c]"
"New entrant CS","2022","Unknown","Black","East of England","Cambridgeshire CC","[c]","[c]","[c]","[c]"
"New entrant CS","2022","Unknown","Black","East of England","Central Bedfordshire","[c]","[c]","[c]","[c]"
"New entrant CS","2022","Unknown","Black","East of England","Essex Haven Gateway","[c]","[c]","[c]","[c]"
"New entrant CS","2022","Unknown","Black","East of England","Essex Thames Gateway","[c]","[c]","[c]","[c]"
"New entrant CS","2022","Unknown","Black","East of England","Heart of Essex","[c]","[c]","[c]","[c]"
"New entrant CS","2022","Unknown","Black","East of England","Hertfordshire CC","[c]","[c]","[c]","[c]"
"New entrant CS","2022","Unknown","Black","East of England","Luton","[c]","[c]","[c]","[c]"
"New entrant CS","2022","Unknown","Black","East of England","North and West Norfolk","[c]","[c]","[c]","[c]"
"New entrant CS","2022","Unknown","Black","East of England","Norwich and East Norfolk","[c]","[c]","[c]","[c]"
"New entrant CS","2022","Unknown","Black","East of England","Peterborough","[c]","[c]","[c]","[c]"
"New entrant CS","2022","Unknown","Black","East of England","Southend-on-Sea","[c]","[c]","[c]","[c]"
"New entrant CS","2022","Unknown","Black","East of England","Suffolk CC","[c]","[c]","[c]","[c]"
"New entrant CS","2022","Unknown","Black","East of England","Thurrock","[c]","[c]","[c]","[c]"
"New entrant CS","2022","Unknown","Black","East of England","West Essex","[c]","[c]","[c]","[c]"
"New entrant CS","2022","Unknown","Black","London","Barking & Dagenham and Havering","[c]","[c]","[c]","[c]"
"New entrant CS","2022","Unknown","Black","London","Barnet","[c]","[c]","[c]","[c]"
"New entrant CS","2022","Unknown","Black","London","Bexley and Greenwich","[c]","[c]","[c]","[c]"
"New entrant CS","2022","Unknown","Black","London","Brent","[c]","[c]","[c]","[c]"
"New entrant CS","2022","Unknown","Black","London","Bromley","[c]","[c]","[c]","[c]"
"New entrant CS","2022","Unknown","Black","London","Camden and City of London","[c]","[c]","[c]","[c]"
"New entrant CS","2022","Unknown","Black","London","Croydon","25","[c]","[c]","[c]"
"New entrant CS","2022","Unknown","Black","London","Ealing","[c]","[c]","[c]","[c]"
"New entrant CS","2022","Unknown","Black","London","Enfield","[c]","[c]","[c]","[c]"
"New entrant CS","2022","Unknown","Black","London","Hackney and Newham","5","[c]","[c]","[c]"
"New entrant CS","2022","Unknown","Black","London","Haringey and Islington","[c]","[c]","[c]","[c]"
"New entrant CS","2022","Unknown","Black","London","Harrow and Hillingdon","[c]","[c]","[c]","[c]"
"New entrant CS","2022","Unknown","Black","London","Hounslow and Richmond upon Thames","[c]","[c]","[c]","[c]"
"New entrant CS","2022","Unknown","Black","London","Kensington & Chelsea and Hammersmith & Fulham","[c]","[c]","[c]","[c]"
"New entrant CS","2022","Unknown","Black","London","Lambeth","15","[c]","[c]","[c]"
"New entrant CS","2022","Unknown","Black","London","Lewisham and Southwark","[c]","[c]","[c]","[c]"
"New entrant CS","2022","Unknown","Black","London","Merton, Kingston upon Thames and Sutton","[c]","[c]","[c]","[c]"
"New entrant CS","2022","Unknown","Black","London","Redbridge and Waltham Forest","[c]","[c]","[c]","[c]"
"New entrant CS","2022","Unknown","Black","London","Tower Hamlets","5","[c]","[c]","[c]"
"New entrant CS","2022","Unknown","Black","London","Wandsworth","[c]","[c]","[c]","[c]"
"New entrant CS","2022","Unknown","Black","London","Westminster","55","[c]","37650","32790"
"New entrant CS","2022","Unknown","Black","North East (England)","Darlington","[c]","[c]","[c]","[c]"
"New entrant CS","2022","Unknown","Black","North East (England)","Durham","[c]","[c]","[c]","[c]"
"New entrant CS","2022","Unknown","Black","North East (England)","Hartlepool and Stockton-on-Tees","[c]","[c]","[c]","[c]"
"New entrant CS","2022","Unknown","Black","North East (England)","Northumberland","[c]","[c]","[c]","[c]"
"New entrant CS","2022","Unknown","Black","North East (England)","South Teesside","[c]","[c]","[c]","[c]"
"New entrant CS","2022","Unknown","Black","North East (England)","Sunderland","[c]","[c]","[c]","[c]"
"New entrant CS","2022","Unknown","Black","North East (England)","Tyneside","[c]","[c]","[c]","[c]"
"New entrant CS","2022","Unknown","Black","North West (England)","Blackburn with Darwen","[c]","[c]","[c]","[c]"
"New entrant CS","2022","Unknown","Black","North West (England)","Blackpool","[c]","[c]","[c]","[c]"
"New entrant CS","2022","Unknown","Black","North West (England)","Cheshire East","[c]","[c]","[c]","[c]"
"New entrant CS","2022","Unknown","Black","North West (England)","Cheshire West and Chester","[c]","[c]","[c]","[c]"
"New entrant CS","2022","Unknown","Black","North West (England)","Chorley and West Lancashire","[c]","[c]","[c]","[c]"
"New entrant CS","2022","Unknown","Black","North West (England)","East Cumbria","[c]","[c]","[c]","[c]"
"New entrant CS","2022","Unknown","Black","North West (England)","East Lancashire","[c]","[c]","[c]","[c]"
"New entrant CS","2022","Unknown","Black","North West (England)","East Merseyside","[c]","[c]","[c]","[c]"
"New entrant CS","2022","Unknown","Black","North West (England)","Greater Manchester North East","[c]","[c]","[c]","[c]"
"New entrant CS","2022","Unknown","Black","North West (England)","Greater Manchester North West","[c]","[c]","[c]","[c]"
"New entrant CS","2022","Unknown","Black","North West (England)","Greater Manchester South East","[c]","[c]","[c]","[c]"
"New entrant CS","2022","Unknown","Black","North West (England)","Greater Manchester South West","5","[c]","[c]","[c]"
"New entrant CS","2022","Unknown","Black","North West (England)","Lancaster and Wyre","[c]","[c]","[c]","[c]"
"New entrant CS","2022","Unknown","Black","North West (England)","Liverpool","[c]","[c]","[c]","[c]"
"New entrant CS","2022","Unknown","Black","North West (England)","Manchester","10","[c]","[c]","[c]"
"New entrant CS","2022","Unknown","Black","North West (England)","Mid Lancashire","[c]","[c]","[c]","[c]"
"New entrant CS","2022","Unknown","Black","North West (England)","Sefton","[c]","[c]","[c]","[c]"
"New entrant CS","2022","Unknown","Black","North West (England)","Warrington","[c]","[c]","[c]","[c]"
"New entrant CS","2022","Unknown","Black","North West (England)","West Cumbria","[c]","[c]","[c]","[c]"
"New entrant CS","2022","Unknown","Black","North West (England)","Wirral","[c]","[c]","[c]","[c]"
"New entrant CS","2022","Unknown","Black","Northern Ireland","Antrim and Newtownabbey","[c]","[c]","[c]","[c]"
"New entrant CS","2022","Unknown","Black","Northern Ireland","Ards and North Down","[c]","[c]","[c]","[c]"
"New entrant CS","2022","Unknown","Black","Northern Ireland","Armagh City, Banbridge and Craigavon","[c]","[c]","[c]","[c]"
"New entrant CS","2022","Unknown","Black","Northern Ireland","Belfast","[c]","[c]","[c]","[c]"
"New entrant CS","2022","Unknown","Black","Northern Ireland","Causeway Coast and Glens","[c]","[c]","[c]","[c]"
"New entrant CS","2022","Unknown","Black","Northern Ireland","Derry City and Strabane","[c]","[c]","[c]","[c]"
"New entrant CS","2022","Unknown","Black","Northern Ireland","Fermanagh and Omagh","[c]","[c]","[c]","[c]"
"New entrant CS","2022","Unknown","Black","Northern Ireland","Lisburn and Castlereagh","[c]","[c]","[c]","[c]"
"New entrant CS","2022","Unknown","Black","Northern Ireland","Mid and East Antrim","[c]","[c]","[c]","[c]"
"New entrant CS","2022","Unknown","Black","Northern Ireland","Mid Ulster","[c]","[c]","[c]","[c]"
"New entrant CS","2022","Unknown","Black","Northern Ireland","Newry, Mourne and Down","[c]","[c]","[c]","[c]"
"New entrant CS","2022","Unknown","Black","Overseas","Overseas","[c]","[c]","[c]","[c]"
"New entrant CS","2022","Unknown","Black","Scotland","Aberdeen City and Aberdeenshire","[c]","[c]","[c]","[c]"
"New entrant CS","2022","Unknown","Black","Scotland","Angus and Dundee City","[c]","[c]","[c]","[c]"
"New entrant CS","2022","Unknown","Black","Scotland","Caithness and Sutherland, and Ross and Cromarty","[c]","[c]","[c]","[c]"
"New entrant CS","2022","Unknown","Black","Scotland","City of Edinburgh","[c]","[c]","[c]","[c]"
"New entrant CS","2022","Unknown","Black","Scotland","Clackmannanshire and Fife","[c]","[c]","[c]","[c]"
"New entrant CS","2022","Unknown","Black","Scotland","Dumfries and Galloway","[c]","[c]","[c]","[c]"
"New entrant CS","2022","Unknown","Black","Scotland","East Ayrshire and North Ayrshire mainland","[c]","[c]","[c]","[c]"
"New entrant CS","2022","Unknown","Black","Scotland","East Dunbartonshire, West Dunbartonshire, and Helensburgh and Lomond","[c]","[c]","[c]","[c]"
"New entrant CS","2022","Unknown","Black","Scotland","East Lothian and Midlothian","[c]","[c]","[c]","[c]"
"New entrant CS","2022","Unknown","Black","Scotland","Falkirk","[c]","[c]","[c]","[c]"
"New entrant CS","2022","Unknown","Black","Scotland","Glasgow City","[c]","[c]","[c]","[c]"
"New entrant CS","2022","Unknown","Black","Scotland","Inverclyde, East Renfrewshire, and Renfrewshire","[c]","[c]","[c]","[c]"
"New entrant CS","2022","Unknown","Black","Scotland","Inverness and Nairn, Moray, and Badenoch and Strathspey","[c]","[c]","[c]","[c]"
"New entrant CS","2022","Unknown","Black","Scotland","Lochaber, Skye and Lochalsh, Arran and Cumbrae, and Argyll and Bute","[c]","[c]","[c]","[c]"
"New entrant CS","2022","Unknown","Black","Scotland","Na h-Eileanan Siar","[c]","[c]","[c]","[c]"
"New entrant CS","2022","Unknown","Black","Scotland","North Lanarkshire","[c]","[c]","[c]","[c]"
"New entrant CS","2022","Unknown","Black","Scotland","Orkney Islands","[c]","[c]","[c]","[c]"
"New entrant CS","2022","Unknown","Black","Scotland","Perth and Kinross, and Stirling","[c]","[c]","[c]","[c]"
"New entrant CS","2022","Unknown","Black","Scotland","Scottish Borders","[c]","[c]","[c]","[c]"
"New entrant CS","2022","Unknown","Black","Scotland","Shetland Islands","[c]","[c]","[c]","[c]"
"New entrant CS","2022","Unknown","Black","Scotland","South Ayrshire","[c]","[c]","[c]","[c]"
"New entrant CS","2022","Unknown","Black","Scotland","South Lanarkshire","[c]","[c]","[c]","[c]"
"New entrant CS","2022","Unknown","Black","Scotland","West Lothian","[c]","[c]","[c]","[c]"
"New entrant CS","2022","Unknown","Black","South East (England)","Berkshire","[c]","[c]","[c]","[c]"
"New entrant CS","2022","Unknown","Black","South East (England)","Brighton and Hove","[c]","[c]","[c]","[c]"
"New entrant CS","2022","Unknown","Black","South East (England)","Buckinghamshire","[c]","[c]","[c]","[c]"
"New entrant CS","2022","Unknown","Black","South East (England)","Central Hampshire","[c]","[c]","[c]","[c]"
"New entrant CS","2022","Unknown","Black","South East (England)","East Kent","[c]","[c]","[c]","[c]"
"New entrant CS","2022","Unknown","Black","South East (England)","East Surrey","[c]","[c]","[c]","[c]"
"New entrant CS","2022","Unknown","Black","South East (England)","East Sussex CC","[c]","[c]","[c]","[c]"
"New entrant CS","2022","Unknown","Black","South East (England)","Isle of Wight","[c]","[c]","[c]","[c]"
"New entrant CS","2022","Unknown","Black","South East (England)","Kent Thames Gateway","[c]","[c]","[c]","[c]"
"New entrant CS","2022","Unknown","Black","South East (England)","Medway","[c]","[c]","[c]","[c]"
"New entrant CS","2022","Unknown","Black","South East (England)","Mid Kent","[c]","[c]","[c]","[c]"
"New entrant CS","2022","Unknown","Black","South East (England)","Milton Keynes","[c]","[c]","[c]","[c]"
"New entrant CS","2022","Unknown","Black","South East (England)","North Hampshire","[c]","[c]","[c]","[c]"
"New entrant CS","2022","Unknown","Black","South East (England)","Oxfordshire CC","[c]","[c]","[c]","[c]"
"New entrant CS","2022","Unknown","Black","South East (England)","Portsmouth","[c]","[c]","[c]","[c]"
"New entrant CS","2022","Unknown","Black","South East (England)","South Hampshire","[c]","[c]","[c]","[c]"
"New entrant CS","2022","Unknown","Black","South East (England)","Southampton","[c]","[c]","[c]","[c]"
"New entrant CS","2022","Unknown","Black","South East (England)","West Kent","[c]","[c]","[c]","[c]"
"New entrant CS","2022","Unknown","Black","South East (England)","West Surrey","[c]","[c]","[c]","[c]"
"New entrant CS","2022","Unknown","Black","South East (England)","West Sussex (North East)","[c]","[c]","[c]","[c]"
"New entrant CS","2022","Unknown","Black","South East (England)","West Sussex (South West)","[c]","[c]","[c]","[c]"
"New entrant CS","2022","Unknown","Black","South West (England)","Bath and North East Somerset, North Somerset and South Gloucestershire","5","[c]","[c]","[c]"
"New entrant CS","2022","Unknown","Black","South West (England)","Bournemouth, Christchurch and Poole","[c]","[c]","[c]","[c]"
"New entrant CS","2022","Unknown","Black","South West (England)","Bristol, City of","[c]","[c]","[c]","[c]"
"New entrant CS","2022","Unknown","Black","South West (England)","Cornwall and Isles of Scilly","[c]","[c]","[c]","[c]"
"New entrant CS","2022","Unknown","Black","South West (England)","Devon CC","[c]","[c]","[c]","[c]"
"New entrant CS","2022","Unknown","Black","South West (England)","Dorset","[c]","[c]","[c]","[c]"
"New entrant CS","2022","Unknown","Black","South West (England)","Gloucestershire CC","[c]","[c]","[c]","[c]"
"New entrant CS","2022","Unknown","Black","South West (England)","Plymouth","[c]","[c]","[c]","[c]"
"New entrant CS","2022","Unknown","Black","South West (England)","Somerset CC","[c]","[c]","[c]","[c]"
"New entrant CS","2022","Unknown","Black","South West (England)","Swindon","[c]","[c]","[c]","[c]"
"New entrant CS","2022","Unknown","Black","South West (England)","Torbay","[c]","[c]","[c]","[c]"
"New entrant CS","2022","Unknown","Black","South West (England)","Wiltshire","[c]","[c]","[c]","[c]"
"New entrant CS","2022","Unknown","Black","Unknown","Unknown","[c]","[c]","[c]","[c]"
"New entrant CS","2022","Unknown","Black","Wales","Bridgend and Neath Port Talbot","[c]","[c]","[c]","[c]"
"New entrant CS","2022","Unknown","Black","Wales","Cardiff and Vale of Glamorgan","[c]","[c]","[c]","[c]"
"New entrant CS","2022","Unknown","Black","Wales","Central Valleys","[c]","[c]","[c]","[c]"
"New entrant CS","2022","Unknown","Black","Wales","Conwy and Denbighshire","[c]","[c]","[c]","[c]"
"New entrant CS","2022","Unknown","Black","Wales","Flintshire and Wrexham","[c]","[c]","[c]","[c]"
"New entrant CS","2022","Unknown","Black","Wales","Gwent Valleys","[c]","[c]","[c]","[c]"
"New entrant CS","2022","Unknown","Black","Wales","Gwynedd","[c]","[c]","[c]","[c]"
"New entrant CS","2022","Unknown","Black","Wales","Isle of Anglesey","[c]","[c]","[c]","[c]"
"New entrant CS","2022","Unknown","Black","Wales","Monmouthshire and Newport","[c]","[c]","[c]","[c]"
"New entrant CS","2022","Unknown","Black","Wales","Powys","[c]","[c]","[c]","[c]"
"New entrant CS","2022","Unknown","Black","Wales","South West Wales","[c]","[c]","[c]","[c]"
"New entrant CS","2022","Unknown","Black","Wales","Swansea","[c]","[c]","[c]","[c]"
"New entrant CS","2022","Unknown","Black","West Midlands (England)","Birmingham","10","[c]","[c]","[c]"
"New entrant CS","2022","Unknown","Black","West Midlands (England)","Coventry","10","[c]","[c]","[c]"
"New entrant CS","2022","Unknown","Black","West Midlands (England)","Dudley","[c]","[c]","[c]","[c]"
"New entrant CS","2022","Unknown","Black","West Midlands (England)","Herefordshire, County of","[c]","[c]","[c]","[c]"
"New entrant CS","2022","Unknown","Black","West Midlands (England)","Sandwell","[c]","[c]","[c]","[c]"
"New entrant CS","2022","Unknown","Black","West Midlands (England)","Shropshire","[c]","[c]","[c]","[c]"
"New entrant CS","2022","Unknown","Black","West Midlands (England)","Solihull","[c]","[c]","[c]","[c]"
"New entrant CS","2022","Unknown","Black","West Midlands (England)","Staffordshire CC","[c]","[c]","[c]","[c]"
"New entrant CS","2022","Unknown","Black","West Midlands (England)","Stoke-on-Trent","[c]","[c]","[c]","[c]"
"New entrant CS","2022","Unknown","Black","West Midlands (England)","Telford and Wrekin","[c]","[c]","[c]","[c]"
"New entrant CS","2022","Unknown","Black","West Midlands (England)","Walsall","[c]","[c]","[c]","[c]"
"New entrant CS","2022","Unknown","Black","West Midlands (England)","Warwickshire CC","[c]","[c]","[c]","[c]"
"New entrant CS","2022","Unknown","Black","West Midlands (England)","Wolverhampton","[c]","[c]","[c]","[c]"
"New entrant CS","2022","Unknown","Black","West Midlands (England)","Worcestershire CC","[c]","[c]","[c]","[c]"
"New entrant CS","2022","Unknown","Black","Yorkshire and The Humber","Barnsley, Doncaster and Rotherham","[c]","[c]","[c]","[c]"
"New entrant CS","2022","Unknown","Black","Yorkshire and The Humber","Bradford","[c]","[c]","[c]","[c]"
"New entrant CS","2022","Unknown","Black","Yorkshire and The Humber","Calderdale and Kirklees","[c]","[c]","[c]","[c]"
"New entrant CS","2022","Unknown","Black","Yorkshire and The Humber","East Riding of Yorkshire","[c]","[c]","[c]","[c]"
"New entrant CS","2022","Unknown","Black","Yorkshire and The Humber","Kingston upon Hull, City of","[c]","[c]","[c]","[c]"
"New entrant CS","2022","Unknown","Black","Yorkshire and The Humber","Leeds","5","[c]","[c]","[c]"
"New entrant CS","2022","Unknown","Black","Yorkshire and The Humber","North and North East Lincolnshire","[c]","[c]","[c]","[c]"
"New entrant CS","2022","Unknown","Black","Yorkshire and The Humber","North Yorkshire CC","[c]","[c]","[c]","[c]"
"New entrant CS","2022","Unknown","Black","Yorkshire and The Humber","Sheffield","5","[c]","[c]","[c]"
"New entrant CS","2022","Unknown","Black","Yorkshire and The Humber","Wakefield","[c]","[c]","[c]","[c]"
"New entrant CS","2022","Unknown","Black","Yorkshire and The Humber","York","[c]","[c]","[c]","[c]"
"New entrant CS","2022","Unknown","Mixed","East Midlands (England)","Derby","[c]","[c]","[c]","[c]"
"New entrant CS","2022","Unknown","Mixed","East Midlands (England)","East Derbyshire","[c]","[c]","[c]","[c]"
"New entrant CS","2022","Unknown","Mixed","East Midlands (England)","Leicester","[c]","[c]","[c]","[c]"
"New entrant CS","2022","Unknown","Mixed","East Midlands (England)","Leicestershire CC and Rutland","[c]","[c]","[c]","[c]"
"New entrant CS","2022","Unknown","Mixed","East Midlands (England)","Lincolnshire CC","[c]","[c]","[c]","[c]"
"New entrant CS","2022","Unknown","Mixed","East Midlands (England)","North Northamptonshire","[c]","[c]","[c]","[c]"
"New entrant CS","2022","Unknown","Mixed","East Midlands (England)","North Nottinghamshire","[c]","[c]","[c]","[c]"
"New entrant CS","2022","Unknown","Mixed","East Midlands (England)","Nottingham","10","[c]","[c]","[c]"
"New entrant CS","2022","Unknown","Mixed","East Midlands (England)","South and West Derbyshire","[c]","[c]","[c]","[c]"
"New entrant CS","2022","Unknown","Mixed","East Midlands (England)","South Nottinghamshire","[c]","[c]","[c]","[c]"
"New entrant CS","2022","Unknown","Mixed","East Midlands (England)","West Northamptonshire","[c]","[c]","[c]","[c]"
"New entrant CS","2022","Unknown","Mixed","East of England","Bedford","[c]","[c]","[c]","[c]"
"New entrant CS","2022","Unknown","Mixed","East of England","Breckland and South Norfolk","[c]","[c]","[c]","[c]"
"New entrant CS","2022","Unknown","Mixed","East of England","Cambridgeshire CC","[c]","[c]","[c]","[c]"
"New entrant CS","2022","Unknown","Mixed","East of England","Central Bedfordshire","[c]","[c]","[c]","[c]"
"New entrant CS","2022","Unknown","Mixed","East of England","Essex Haven Gateway","[c]","[c]","[c]","[c]"
"New entrant CS","2022","Unknown","Mixed","East of England","Essex Thames Gateway","[c]","[c]","[c]","[c]"
"New entrant CS","2022","Unknown","Mixed","East of England","Heart of Essex","[c]","[c]","[c]","[c]"
"New entrant CS","2022","Unknown","Mixed","East of England","Hertfordshire CC","[c]","[c]","[c]","[c]"
"New entrant CS","2022","Unknown","Mixed","East of England","Luton","[c]","[c]","[c]","[c]"
"New entrant CS","2022","Unknown","Mixed","East of England","North and West Norfolk","[c]","[c]","[c]","[c]"
"New entrant CS","2022","Unknown","Mixed","East of England","Norwich and East Norfolk","[c]","[c]","[c]","[c]"
"New entrant CS","2022","Unknown","Mixed","East of England","Peterborough","[c]","[c]","[c]","[c]"
"New entrant CS","2022","Unknown","Mixed","East of England","Southend-on-Sea","[c]","[c]","[c]","[c]"
"New entrant CS","2022","Unknown","Mixed","East of England","Suffolk CC","[c]","[c]","[c]","[c]"
"New entrant CS","2022","Unknown","Mixed","East of England","Thurrock","[c]","[c]","[c]","[c]"
"New entrant CS","2022","Unknown","Mixed","East of England","West Essex","[c]","[c]","[c]","[c]"
"New entrant CS","2022","Unknown","Mixed","London","Barking & Dagenham and Havering","[c]","[c]","[c]","[c]"
"New entrant CS","2022","Unknown","Mixed","London","Barnet","[c]","[c]","[c]","[c]"
"New entrant CS","2022","Unknown","Mixed","London","Bexley and Greenwich","[c]","[c]","[c]","[c]"
"New entrant CS","2022","Unknown","Mixed","London","Brent","[c]","[c]","[c]","[c]"
"New entrant CS","2022","Unknown","Mixed","London","Bromley","[c]","[c]","[c]","[c]"
"New entrant CS","2022","Unknown","Mixed","London","Camden and City of London","[c]","[c]","[c]","[c]"
"New entrant CS","2022","Unknown","Mixed","London","Croydon","5","[c]","[c]","[c]"
"New entrant CS","2022","Unknown","Mixed","London","Ealing","[c]","[c]","[c]","[c]"
"New entrant CS","2022","Unknown","Mixed","London","Enfield","[c]","[c]","[c]","[c]"
"New entrant CS","2022","Unknown","Mixed","London","Hackney and Newham","[c]","[c]","[c]","[c]"
"New entrant CS","2022","Unknown","Mixed","London","Haringey and Islington","[c]","[c]","[c]","[c]"
"New entrant CS","2022","Unknown","Mixed","London","Harrow and Hillingdon","[c]","[c]","[c]","[c]"
"New entrant CS","2022","Unknown","Mixed","London","Hounslow and Richmond upon Thames","[c]","[c]","[c]","[c]"
"New entrant CS","2022","Unknown","Mixed","London","Kensington & Chelsea and Hammersmith & Fulham","[c]","[c]","[c]","[c]"
"New entrant CS","2022","Unknown","Mixed","London","Lambeth","5","[c]","[c]","[c]"
"New entrant CS","2022","Unknown","Mixed","London","Lewisham and Southwark","[c]","[c]","[c]","[c]"
"New entrant CS","2022","Unknown","Mixed","London","Merton, Kingston upon Thames and Sutton","[c]","[c]","[c]","[c]"
"New entrant CS","2022","Unknown","Mixed","London","Redbridge and Waltham Forest","[c]","[c]","[c]","[c]"
"New entrant CS","2022","Unknown","Mixed","London","Tower Hamlets","5","[c]","[c]","[c]"
"New entrant CS","2022","Unknown","Mixed","London","Wandsworth","[c]","[c]","[c]","[c]"
"New entrant CS","2022","Unknown","Mixed","London","Westminster","50","[c]","37830","33180"
"New entrant CS","2022","Unknown","Mixed","North East (England)","Darlington","[c]","[c]","[c]","[c]"
"New entrant CS","2022","Unknown","Mixed","North East (England)","Durham","[c]","[c]","[c]","[c]"
"New entrant CS","2022","Unknown","Mixed","North East (England)","Hartlepool and Stockton-on-Tees","[c]","[c]","[c]","[c]"
"New entrant CS","2022","Unknown","Mixed","North East (England)","Northumberland","[c]","[c]","[c]","[c]"
"New entrant CS","2022","Unknown","Mixed","North East (England)","South Teesside","[c]","[c]","[c]","[c]"
"New entrant CS","2022","Unknown","Mixed","North East (England)","Sunderland","[c]","[c]","[c]","[c]"
"New entrant CS","2022","Unknown","Mixed","North East (England)","Tyneside","[c]","[c]","[c]","[c]"
"New entrant CS","2022","Unknown","Mixed","North West (England)","Blackburn with Darwen","[c]","[c]","[c]","[c]"
"New entrant CS","2022","Unknown","Mixed","North West (England)","Blackpool","[c]","[c]","[c]","[c]"
"New entrant CS","2022","Unknown","Mixed","North West (England)","Cheshire East","[c]","[c]","[c]","[c]"
"New entrant CS","2022","Unknown","Mixed","North West (England)","Cheshire West and Chester","[c]","[c]","[c]","[c]"
"New entrant CS","2022","Unknown","Mixed","North West (England)","Chorley and West Lancashire","[c]","[c]","[c]","[c]"
"New entrant CS","2022","Unknown","Mixed","North West (England)","East Cumbria","[c]","[c]","[c]","[c]"
"New entrant CS","2022","Unknown","Mixed","North West (England)","East Lancashire","[c]","[c]","[c]","[c]"
"New entrant CS","2022","Unknown","Mixed","North West (England)","East Merseyside","[c]","[c]","[c]","[c]"
"New entrant CS","2022","Unknown","Mixed","North West (England)","Greater Manchester North East","[c]","[c]","[c]","[c]"
"New entrant CS","2022","Unknown","Mixed","North West (England)","Greater Manchester North West","[c]","[c]","[c]","[c]"
"New entrant CS","2022","Unknown","Mixed","North West (England)","Greater Manchester South East","[c]","[c]","[c]","[c]"
"New entrant CS","2022","Unknown","Mixed","North West (England)","Greater Manchester South West","[c]","[c]","[c]","[c]"
"New entrant CS","2022","Unknown","Mixed","North West (England)","Lancaster and Wyre","[c]","[c]","[c]","[c]"
"New entrant CS","2022","Unknown","Mixed","North West (England)","Liverpool","5","[c]","[c]","[c]"
"New entrant CS","2022","Unknown","Mixed","North West (England)","Manchester","[c]","[c]","[c]","[c]"
"New entrant CS","2022","Unknown","Mixed","North West (England)","Mid Lancashire","[c]","[c]","[c]","[c]"
"New entrant CS","2022","Unknown","Mixed","North West (England)","Sefton","[c]","[c]","[c]","[c]"
"New entrant CS","2022","Unknown","Mixed","North West (England)","Warrington","[c]","[c]","[c]","[c]"
"New entrant CS","2022","Unknown","Mixed","North West (England)","West Cumbria","[c]","[c]","[c]","[c]"
"New entrant CS","2022","Unknown","Mixed","North West (England)","Wirral","[c]","[c]","[c]","[c]"
"New entrant CS","2022","Unknown","Mixed","Northern Ireland","Antrim and Newtownabbey","[c]","[c]","[c]","[c]"
"New entrant CS","2022","Unknown","Mixed","Northern Ireland","Ards and North Down","[c]","[c]","[c]","[c]"
"New entrant CS","2022","Unknown","Mixed","Northern Ireland","Armagh City, Banbridge and Craigavon","[c]","[c]","[c]","[c]"
"New entrant CS","2022","Unknown","Mixed","Northern Ireland","Belfast","[c]","[c]","[c]","[c]"
"New entrant CS","2022","Unknown","Mixed","Northern Ireland","Causeway Coast and Glens","[c]","[c]","[c]","[c]"
"New entrant CS","2022","Unknown","Mixed","Northern Ireland","Derry City and Strabane","[c]","[c]","[c]","[c]"
"New entrant CS","2022","Unknown","Mixed","Northern Ireland","Fermanagh and Omagh","[c]","[c]","[c]","[c]"
"New entrant CS","2022","Unknown","Mixed","Northern Ireland","Lisburn and Castlereagh","[c]","[c]","[c]","[c]"
"New entrant CS","2022","Unknown","Mixed","Northern Ireland","Mid and East Antrim","[c]","[c]","[c]","[c]"
"New entrant CS","2022","Unknown","Mixed","Northern Ireland","Mid Ulster","[c]","[c]","[c]","[c]"
"New entrant CS","2022","Unknown","Mixed","Northern Ireland","Newry, Mourne and Down","[c]","[c]","[c]","[c]"
"New entrant CS","2022","Unknown","Mixed","Overseas","Overseas","[c]","[c]","[c]","[c]"
"New entrant CS","2022","Unknown","Mixed","Scotland","Aberdeen City and Aberdeenshire","[c]","[c]","[c]","[c]"
"New entrant CS","2022","Unknown","Mixed","Scotland","Angus and Dundee City","[c]","[c]","[c]","[c]"
"New entrant CS","2022","Unknown","Mixed","Scotland","Caithness and Sutherland, and Ross and Cromarty","[c]","[c]","[c]","[c]"
"New entrant CS","2022","Unknown","Mixed","Scotland","City of Edinburgh","[c]","[c]","[c]","[c]"
"New entrant CS","2022","Unknown","Mixed","Scotland","Clackmannanshire and Fife","[c]","[c]","[c]","[c]"
"New entrant CS","2022","Unknown","Mixed","Scotland","Dumfries and Galloway","[c]","[c]","[c]","[c]"
"New entrant CS","2022","Unknown","Mixed","Scotland","East Ayrshire and North Ayrshire mainland","[c]","[c]","[c]","[c]"
"New entrant CS","2022","Unknown","Mixed","Scotland","East Dunbartonshire, West Dunbartonshire, and Helensburgh and Lomond","[c]","[c]","[c]","[c]"
"New entrant CS","2022","Unknown","Mixed","Scotland","East Lothian and Midlothian","[c]","[c]","[c]","[c]"
"New entrant CS","2022","Unknown","Mixed","Scotland","Falkirk","[c]","[c]","[c]","[c]"
"New entrant CS","2022","Unknown","Mixed","Scotland","Glasgow City","[c]","[c]","[c]","[c]"
"New entrant CS","2022","Unknown","Mixed","Scotland","Inverclyde, East Renfrewshire, and Renfrewshire","[c]","[c]","[c]","[c]"
"New entrant CS","2022","Unknown","Mixed","Scotland","Inverness and Nairn, Moray, and Badenoch and Strathspey","[c]","[c]","[c]","[c]"
"New entrant CS","2022","Unknown","Mixed","Scotland","Lochaber, Skye and Lochalsh, Arran and Cumbrae, and Argyll and Bute","[c]","[c]","[c]","[c]"
"New entrant CS","2022","Unknown","Mixed","Scotland","Na h-Eileanan Siar","[c]","[c]","[c]","[c]"
"New entrant CS","2022","Unknown","Mixed","Scotland","North Lanarkshire","[c]","[c]","[c]","[c]"
"New entrant CS","2022","Unknown","Mixed","Scotland","Orkney Islands","[c]","[c]","[c]","[c]"
"New entrant CS","2022","Unknown","Mixed","Scotland","Perth and Kinross, and Stirling","[c]","[c]","[c]","[c]"
"New entrant CS","2022","Unknown","Mixed","Scotland","Scottish Borders","[c]","[c]","[c]","[c]"
"New entrant CS","2022","Unknown","Mixed","Scotland","Shetland Islands","[c]","[c]","[c]","[c]"
"New entrant CS","2022","Unknown","Mixed","Scotland","South Ayrshire","[c]","[c]","[c]","[c]"
"New entrant CS","2022","Unknown","Mixed","Scotland","South Lanarkshire","[c]","[c]","[c]","[c]"
"New entrant CS","2022","Unknown","Mixed","Scotland","West Lothian","[c]","[c]","[c]","[c]"
"New entrant CS","2022","Unknown","Mixed","South East (England)","Berkshire","[c]","[c]","[c]","[c]"
"New entrant CS","2022","Unknown","Mixed","South East (England)","Brighton and Hove","[c]","[c]","[c]","[c]"
"New entrant CS","2022","Unknown","Mixed","South East (England)","Buckinghamshire","[c]","[c]","[c]","[c]"
"New entrant CS","2022","Unknown","Mixed","South East (England)","Central Hampshire","[c]","[c]","[c]","[c]"
"New entrant CS","2022","Unknown","Mixed","South East (England)","East Kent","[c]","[c]","[c]","[c]"
"New entrant CS","2022","Unknown","Mixed","South East (England)","East Surrey","[c]","[c]","[c]","[c]"
"New entrant CS","2022","Unknown","Mixed","South East (England)","East Sussex CC","[c]","[c]","[c]","[c]"
"New entrant CS","2022","Unknown","Mixed","South East (England)","Isle of Wight","[c]","[c]","[c]","[c]"
"New entrant CS","2022","Unknown","Mixed","South East (England)","Kent Thames Gateway","[c]","[c]","[c]","[c]"
"New entrant CS","2022","Unknown","Mixed","South East (England)","Medway","[c]","[c]","[c]","[c]"
"New entrant CS","2022","Unknown","Mixed","South East (England)","Mid Kent","[c]","[c]","[c]","[c]"
"New entrant CS","2022","Unknown","Mixed","South East (England)","Milton Keynes","[c]","[c]","[c]","[c]"
"New entrant CS","2022","Unknown","Mixed","South East (England)","North Hampshire","[c]","[c]","[c]","[c]"
"New entrant CS","2022","Unknown","Mixed","South East (England)","Oxfordshire CC","[c]","[c]","[c]","[c]"
"New entrant CS","2022","Unknown","Mixed","South East (England)","Portsmouth","[c]","[c]","[c]","[c]"
"New entrant CS","2022","Unknown","Mixed","South East (England)","South Hampshire","[c]","[c]","[c]","[c]"
"New entrant CS","2022","Unknown","Mixed","South East (England)","Southampton","[c]","[c]","[c]","[c]"
"New entrant CS","2022","Unknown","Mixed","South East (England)","West Kent","[c]","[c]","[c]","[c]"
"New entrant CS","2022","Unknown","Mixed","South East (England)","West Surrey","[c]","[c]","[c]","[c]"
"New entrant CS","2022","Unknown","Mixed","South East (England)","West Sussex (North East)","[c]","[c]","[c]","[c]"
"New entrant CS","2022","Unknown","Mixed","South East (England)","West Sussex (South West)","[c]","[c]","[c]","[c]"
"New entrant CS","2022","Unknown","Mixed","South West (England)","Bath and North East Somerset, North Somerset and South Gloucestershire","[c]","[c]","[c]","[c]"
"New entrant CS","2022","Unknown","Mixed","South West (England)","Bournemouth, Christchurch and Poole","[c]","[c]","[c]","[c]"
"New entrant CS","2022","Unknown","Mixed","South West (England)","Bristol, City of","[c]","[c]","[c]","[c]"
"New entrant CS","2022","Unknown","Mixed","South West (England)","Cornwall and Isles of Scilly","[c]","[c]","[c]","[c]"
"New entrant CS","2022","Unknown","Mixed","South West (England)","Devon CC","[c]","[c]","[c]","[c]"
"New entrant CS","2022","Unknown","Mixed","South West (England)","Dorset","[c]","[c]","[c]","[c]"
"New entrant CS","2022","Unknown","Mixed","South West (England)","Gloucestershire CC","[c]","[c]","[c]","[c]"
"New entrant CS","2022","Unknown","Mixed","South West (England)","Plymouth","[c]","[c]","[c]","[c]"
"New entrant CS","2022","Unknown","Mixed","South West (England)","Somerset CC","[c]","[c]","[c]","[c]"
"New entrant CS","2022","Unknown","Mixed","South West (England)","Swindon","[c]","[c]","[c]","[c]"
"New entrant CS","2022","Unknown","Mixed","South West (England)","Torbay","[c]","[c]","[c]","[c]"
"New entrant CS","2022","Unknown","Mixed","South West (England)","Wiltshire","[c]","[c]","[c]","[c]"
"New entrant CS","2022","Unknown","Mixed","Unknown","Unknown","[c]","[c]","[c]","[c]"
"New entrant CS","2022","Unknown","Mixed","Wales","Bridgend and Neath Port Talbot","[c]","[c]","[c]","[c]"
"New entrant CS","2022","Unknown","Mixed","Wales","Cardiff and Vale of Glamorgan","[c]","[c]","[c]","[c]"
"New entrant CS","2022","Unknown","Mixed","Wales","Central Valleys","[c]","[c]","[c]","[c]"
"New entrant CS","2022","Unknown","Mixed","Wales","Conwy and Denbighshire","[c]","[c]","[c]","[c]"
"New entrant CS","2022","Unknown","Mixed","Wales","Flintshire and Wrexham","[c]","[c]","[c]","[c]"
"New entrant CS","2022","Unknown","Mixed","Wales","Gwent Valleys","[c]","[c]","[c]","[c]"
"New entrant CS","2022","Unknown","Mixed","Wales","Gwynedd","[c]","[c]","[c]","[c]"
"New entrant CS","2022","Unknown","Mixed","Wales","Isle of Anglesey","[c]","[c]","[c]","[c]"
"New entrant CS","2022","Unknown","Mixed","Wales","Monmouthshire and Newport","5","[c]","[c]","[c]"
"New entrant CS","2022","Unknown","Mixed","Wales","Powys","[c]","[c]","[c]","[c]"
"New entrant CS","2022","Unknown","Mixed","Wales","South West Wales","[c]","[c]","[c]","[c]"
"New entrant CS","2022","Unknown","Mixed","Wales","Swansea","[c]","[c]","[c]","[c]"
"New entrant CS","2022","Unknown","Mixed","West Midlands (England)","Birmingham","10","[c]","[c]","[c]"
"New entrant CS","2022","Unknown","Mixed","West Midlands (England)","Coventry","5","[c]","[c]","[c]"
"New entrant CS","2022","Unknown","Mixed","West Midlands (England)","Dudley","[c]","[c]","[c]","[c]"
"New entrant CS","2022","Unknown","Mixed","West Midlands (England)","Herefordshire, County of","[c]","[c]","[c]","[c]"
"New entrant CS","2022","Unknown","Mixed","West Midlands (England)","Sandwell","[c]","[c]","[c]","[c]"
"New entrant CS","2022","Unknown","Mixed","West Midlands (England)","Shropshire","[c]","[c]","[c]","[c]"
"New entrant CS","2022","Unknown","Mixed","West Midlands (England)","Solihull","[c]","[c]","[c]","[c]"
"New entrant CS","2022","Unknown","Mixed","West Midlands (England)","Staffordshire CC","[c]","[c]","[c]","[c]"
"New entrant CS","2022","Unknown","Mixed","West Midlands (England)","Stoke-on-Trent","[c]","[c]","[c]","[c]"
"New entrant CS","2022","Unknown","Mixed","West Midlands (England)","Telford and Wrekin","[c]","[c]","[c]","[c]"
"New entrant CS","2022","Unknown","Mixed","West Midlands (England)","Walsall","[c]","[c]","[c]","[c]"
"New entrant CS","2022","Unknown","Mixed","West Midlands (England)","Warwickshire CC","[c]","[c]","[c]","[c]"
"New entrant CS","2022","Unknown","Mixed","West Midlands (England)","Wolverhampton","[c]","[c]","[c]","[c]"
"New entrant CS","2022","Unknown","Mixed","West Midlands (England)","Worcestershire CC","[c]","[c]","[c]","[c]"
"New entrant CS","2022","Unknown","Mixed","Yorkshire and The Humber","Barnsley, Doncaster and Rotherham","[c]","[c]","[c]","[c]"
"New entrant CS","2022","Unknown","Mixed","Yorkshire and The Humber","Bradford","[c]","[c]","[c]","[c]"
"New entrant CS","2022","Unknown","Mixed","Yorkshire and The Humber","Calderdale and Kirklees","[c]","[c]","[c]","[c]"
"New entrant CS","2022","Unknown","Mixed","Yorkshire and The Humber","East Riding of Yorkshire","[c]","[c]","[c]","[c]"
"New entrant CS","2022","Unknown","Mixed","Yorkshire and The Humber","Kingston upon Hull, City of","[c]","[c]","[c]","[c]"
"New entrant CS","2022","Unknown","Mixed","Yorkshire and The Humber","Leeds","[c]","[c]","[c]","[c]"
"New entrant CS","2022","Unknown","Mixed","Yorkshire and The Humber","North and North East Lincolnshire","[c]","[c]","[c]","[c]"
"New entrant CS","2022","Unknown","Mixed","Yorkshire and The Humber","North Yorkshire CC","[c]","[c]","[c]","[c]"
"New entrant CS","2022","Unknown","Mixed","Yorkshire and The Humber","Sheffield","[c]","[c]","[c]","[c]"
"New entrant CS","2022","Unknown","Mixed","Yorkshire and The Humber","Wakefield","[c]","[c]","[c]","[c]"
"New entrant CS","2022","Unknown","Mixed","Yorkshire and The Humber","York","[c]","[c]","[c]","[c]"
"New entrant CS","2022","Unknown","Other ethnicity","East Midlands (England)","Derby","[c]","[c]","[c]","[c]"
"New entrant CS","2022","Unknown","Other ethnicity","East Midlands (England)","East Derbyshire","[c]","[c]","[c]","[c]"
"New entrant CS","2022","Unknown","Other ethnicity","East Midlands (England)","Leicester","[c]","[c]","[c]","[c]"
"New entrant CS","2022","Unknown","Other ethnicity","East Midlands (England)","Leicestershire CC and Rutland","[c]","[c]","[c]","[c]"
"New entrant CS","2022","Unknown","Other ethnicity","East Midlands (England)","Lincolnshire CC","[c]","[c]","[c]","[c]"
"New entrant CS","2022","Unknown","Other ethnicity","East Midlands (England)","North Northamptonshire","[c]","[c]","[c]","[c]"
"New entrant CS","2022","Unknown","Other ethnicity","East Midlands (England)","North Nottinghamshire","[c]","[c]","[c]","[c]"
"New entrant CS","2022","Unknown","Other ethnicity","East Midlands (England)","Nottingham","[c]","[c]","[c]","[c]"
"New entrant CS","2022","Unknown","Other ethnicity","East Midlands (England)","South and West Derbyshire","[c]","[c]","[c]","[c]"
"New entrant CS","2022","Unknown","Other ethnicity","East Midlands (England)","South Nottinghamshire","[c]","[c]","[c]","[c]"
"New entrant CS","2022","Unknown","Other ethnicity","East Midlands (England)","West Northamptonshire","[c]","[c]","[c]","[c]"
"New entrant CS","2022","Unknown","Other ethnicity","East of England","Bedford","[c]","[c]","[c]","[c]"
"New entrant CS","2022","Unknown","Other ethnicity","East of England","Breckland and South Norfolk","[c]","[c]","[c]","[c]"
"New entrant CS","2022","Unknown","Other ethnicity","East of England","Cambridgeshire CC","[c]","[c]","[c]","[c]"
"New entrant CS","2022","Unknown","Other ethnicity","East of England","Central Bedfordshire","[c]","[c]","[c]","[c]"
"New entrant CS","2022","Unknown","Other ethnicity","East of England","Essex Haven Gateway","[c]","[c]","[c]","[c]"
"New entrant CS","2022","Unknown","Other ethnicity","East of England","Essex Thames Gateway","[c]","[c]","[c]","[c]"
"New entrant CS","2022","Unknown","Other ethnicity","East of England","Heart of Essex","[c]","[c]","[c]","[c]"
"New entrant CS","2022","Unknown","Other ethnicity","East of England","Hertfordshire CC","[c]","[c]","[c]","[c]"
"New entrant CS","2022","Unknown","Other ethnicity","East of England","Luton","[c]","[c]","[c]","[c]"
"New entrant CS","2022","Unknown","Other ethnicity","East of England","North and West Norfolk","[c]","[c]","[c]","[c]"
"New entrant CS","2022","Unknown","Other ethnicity","East of England","Norwich and East Norfolk","[c]","[c]","[c]","[c]"
"New entrant CS","2022","Unknown","Other ethnicity","East of England","Peterborough","[c]","[c]","[c]","[c]"
"New entrant CS","2022","Unknown","Other ethnicity","East of England","Southend-on-Sea","[c]","[c]","[c]","[c]"
"New entrant CS","2022","Unknown","Other ethnicity","East of England","Suffolk CC","[c]","[c]","[c]","[c]"
"New entrant CS","2022","Unknown","Other ethnicity","East of England","Thurrock","[c]","[c]","[c]","[c]"
"New entrant CS","2022","Unknown","Other ethnicity","East of England","West Essex","[c]","[c]","[c]","[c]"
"New entrant CS","2022","Unknown","Other ethnicity","London","Barking & Dagenham and Havering","[c]","[c]","[c]","[c]"
"New entrant CS","2022","Unknown","Other ethnicity","London","Barnet","[c]","[c]","[c]","[c]"
"New entrant CS","2022","Unknown","Other ethnicity","London","Bexley and Greenwich","[c]","[c]","[c]","[c]"
"New entrant CS","2022","Unknown","Other ethnicity","London","Brent","[c]","[c]","[c]","[c]"
"New entrant CS","2022","Unknown","Other ethnicity","London","Bromley","[c]","[c]","[c]","[c]"
"New entrant CS","2022","Unknown","Other ethnicity","London","Camden and City of London","[c]","[c]","[c]","[c]"
"New entrant CS","2022","Unknown","Other ethnicity","London","Croydon","[c]","[c]","[c]","[c]"
"New entrant CS","2022","Unknown","Other ethnicity","London","Ealing","[c]","[c]","[c]","[c]"
"New entrant CS","2022","Unknown","Other ethnicity","London","Enfield","[c]","[c]","[c]","[c]"
"New entrant CS","2022","Unknown","Other ethnicity","London","Hackney and Newham","[c]","[c]","[c]","[c]"
"New entrant CS","2022","Unknown","Other ethnicity","London","Haringey and Islington","[c]","[c]","[c]","[c]"
"New entrant CS","2022","Unknown","Other ethnicity","London","Harrow and Hillingdon","[c]","[c]","[c]","[c]"
"New entrant CS","2022","Unknown","Other ethnicity","London","Hounslow and Richmond upon Thames","[c]","[c]","[c]","[c]"
"New entrant CS","2022","Unknown","Other ethnicity","London","Kensington & Chelsea and Hammersmith & Fulham","[c]","[c]","[c]","[c]"
"New entrant CS","2022","Unknown","Other ethnicity","London","Lambeth","[c]","[c]","[c]","[c]"
"New entrant CS","2022","Unknown","Other ethnicity","London","Lewisham and Southwark","[c]","[c]","[c]","[c]"
"New entrant CS","2022","Unknown","Other ethnicity","London","Merton, Kingston upon Thames and Sutton","[c]","[c]","[c]","[c]"
"New entrant CS","2022","Unknown","Other ethnicity","London","Redbridge and Waltham Forest","[c]","[c]","[c]","[c]"
"New entrant CS","2022","Unknown","Other ethnicity","London","Tower Hamlets","[c]","[c]","[c]","[c]"
"New entrant CS","2022","Unknown","Other ethnicity","London","Wandsworth","[c]","[c]","[c]","[c]"
"New entrant CS","2022","Unknown","Other ethnicity","London","Westminster","15","[c]","[c]","[c]"
"New entrant CS","2022","Unknown","Other ethnicity","North East (England)","Darlington","[c]","[c]","[c]","[c]"
"New entrant CS","2022","Unknown","Other ethnicity","North East (England)","Durham","[c]","[c]","[c]","[c]"
"New entrant CS","2022","Unknown","Other ethnicity","North East (England)","Hartlepool and Stockton-on-Tees","[c]","[c]","[c]","[c]"
"New entrant CS","2022","Unknown","Other ethnicity","North East (England)","Northumberland","[c]","[c]","[c]","[c]"
"New entrant CS","2022","Unknown","Other ethnicity","North East (England)","South Teesside","[c]","[c]","[c]","[c]"
"New entrant CS","2022","Unknown","Other ethnicity","North East (England)","Sunderland","[c]","[c]","[c]","[c]"
"New entrant CS","2022","Unknown","Other ethnicity","North East (England)","Tyneside","[c]","[c]","[c]","[c]"
"New entrant CS","2022","Unknown","Other ethnicity","North West (England)","Blackburn with Darwen","[c]","[c]","[c]","[c]"
"New entrant CS","2022","Unknown","Other ethnicity","North West (England)","Blackpool","[c]","[c]","[c]","[c]"
"New entrant CS","2022","Unknown","Other ethnicity","North West (England)","Cheshire East","[c]","[c]","[c]","[c]"
"New entrant CS","2022","Unknown","Other ethnicity","North West (England)","Cheshire West and Chester","[c]","[c]","[c]","[c]"
"New entrant CS","2022","Unknown","Other ethnicity","North West (England)","Chorley and West Lancashire","[c]","[c]","[c]","[c]"
"New entrant CS","2022","Unknown","Other ethnicity","North West (England)","East Cumbria","[c]","[c]","[c]","[c]"
"New entrant CS","2022","Unknown","Other ethnicity","North West (England)","East Lancashire","[c]","[c]","[c]","[c]"
"New entrant CS","2022","Unknown","Other ethnicity","North West (England)","East Merseyside","[c]","[c]","[c]","[c]"
"New entrant CS","2022","Unknown","Other ethnicity","North West (England)","Greater Manchester North East","[c]","[c]","[c]","[c]"
"New entrant CS","2022","Unknown","Other ethnicity","North West (England)","Greater Manchester North West","[c]","[c]","[c]","[c]"
"New entrant CS","2022","Unknown","Other ethnicity","North West (England)","Greater Manchester South East","[c]","[c]","[c]","[c]"
"New entrant CS","2022","Unknown","Other ethnicity","North West (England)","Greater Manchester South West","[c]","[c]","[c]","[c]"
"New entrant CS","2022","Unknown","Other ethnicity","North West (England)","Lancaster and Wyre","[c]","[c]","[c]","[c]"
"New entrant CS","2022","Unknown","Other ethnicity","North West (England)","Liverpool","[c]","[c]","[c]","[c]"
"New entrant CS","2022","Unknown","Other ethnicity","North West (England)","Manchester","[c]","[c]","[c]","[c]"
"New entrant CS","2022","Unknown","Other ethnicity","North West (England)","Mid Lancashire","[c]","[c]","[c]","[c]"
"New entrant CS","2022","Unknown","Other ethnicity","North West (England)","Sefton","[c]","[c]","[c]","[c]"
"New entrant CS","2022","Unknown","Other ethnicity","North West (England)","Warrington","[c]","[c]","[c]","[c]"
"New entrant CS","2022","Unknown","Other ethnicity","North West (England)","West Cumbria","[c]","[c]","[c]","[c]"
"New entrant CS","2022","Unknown","Other ethnicity","North West (England)","Wirral","[c]","[c]","[c]","[c]"
"New entrant CS","2022","Unknown","Other ethnicity","Northern Ireland","Antrim and Newtownabbey","[c]","[c]","[c]","[c]"
"New entrant CS","2022","Unknown","Other ethnicity","Northern Ireland","Ards and North Down","[c]","[c]","[c]","[c]"
"New entrant CS","2022","Unknown","Other ethnicity","Northern Ireland","Armagh City, Banbridge and Craigavon","[c]","[c]","[c]","[c]"
"New entrant CS","2022","Unknown","Other ethnicity","Northern Ireland","Belfast","[c]","[c]","[c]","[c]"
"New entrant CS","2022","Unknown","Other ethnicity","Northern Ireland","Causeway Coast and Glens","[c]","[c]","[c]","[c]"
"New entrant CS","2022","Unknown","Other ethnicity","Northern Ireland","Derry City and Strabane","[c]","[c]","[c]","[c]"
"New entrant CS","2022","Unknown","Other ethnicity","Northern Ireland","Fermanagh and Omagh","[c]","[c]","[c]","[c]"
"New entrant CS","2022","Unknown","Other ethnicity","Northern Ireland","Lisburn and Castlereagh","[c]","[c]","[c]","[c]"
"New entrant CS","2022","Unknown","Other ethnicity","Northern Ireland","Mid and East Antrim","[c]","[c]","[c]","[c]"
"New entrant CS","2022","Unknown","Other ethnicity","Northern Ireland","Mid Ulster","[c]","[c]","[c]","[c]"
"New entrant CS","2022","Unknown","Other ethnicity","Northern Ireland","Newry, Mourne and Down","[c]","[c]","[c]","[c]"
"New entrant CS","2022","Unknown","Other ethnicity","Overseas","Overseas","[c]","[c]","[c]","[c]"
"New entrant CS","2022","Unknown","Other ethnicity","Scotland","Aberdeen City and Aberdeenshire","[c]","[c]","[c]","[c]"
"New entrant CS","2022","Unknown","Other ethnicity","Scotland","Angus and Dundee City","[c]","[c]","[c]","[c]"
"New entrant CS","2022","Unknown","Other ethnicity","Scotland","Caithness and Sutherland, and Ross and Cromarty","[c]","[c]","[c]","[c]"
"New entrant CS","2022","Unknown","Other ethnicity","Scotland","City of Edinburgh","[c]","[c]","[c]","[c]"
"New entrant CS","2022","Unknown","Other ethnicity","Scotland","Clackmannanshire and Fife","[c]","[c]","[c]","[c]"
"New entrant CS","2022","Unknown","Other ethnicity","Scotland","Dumfries and Galloway","[c]","[c]","[c]","[c]"
"New entrant CS","2022","Unknown","Other ethnicity","Scotland","East Ayrshire and North Ayrshire mainland","[c]","[c]","[c]","[c]"
"New entrant CS","2022","Unknown","Other ethnicity","Scotland","East Dunbartonshire, West Dunbartonshire, and Helensburgh and Lomond","[c]","[c]","[c]","[c]"
"New entrant CS","2022","Unknown","Other ethnicity","Scotland","East Lothian and Midlothian","[c]","[c]","[c]","[c]"
"New entrant CS","2022","Unknown","Other ethnicity","Scotland","Falkirk","[c]","[c]","[c]","[c]"
"New entrant CS","2022","Unknown","Other ethnicity","Scotland","Glasgow City","[c]","[c]","[c]","[c]"
"New entrant CS","2022","Unknown","Other ethnicity","Scotland","Inverclyde, East Renfrewshire, and Renfrewshire","[c]","[c]","[c]","[c]"
"New entrant CS","2022","Unknown","Other ethnicity","Scotland","Inverness and Nairn, Moray, and Badenoch and Strathspey","[c]","[c]","[c]","[c]"
"New entrant CS","2022","Unknown","Other ethnicity","Scotland","Lochaber, Skye and Lochalsh, Arran and Cumbrae, and Argyll and Bute","[c]","[c]","[c]","[c]"
"New entrant CS","2022","Unknown","Other ethnicity","Scotland","Na h-Eileanan Siar","[c]","[c]","[c]","[c]"
"New entrant CS","2022","Unknown","Other ethnicity","Scotland","North Lanarkshire","[c]","[c]","[c]","[c]"
"New entrant CS","2022","Unknown","Other ethnicity","Scotland","Orkney Islands","[c]","[c]","[c]","[c]"
"New entrant CS","2022","Unknown","Other ethnicity","Scotland","Perth and Kinross, and Stirling","[c]","[c]","[c]","[c]"
"New entrant CS","2022","Unknown","Other ethnicity","Scotland","Scottish Borders","[c]","[c]","[c]","[c]"
"New entrant CS","2022","Unknown","Other ethnicity","Scotland","Shetland Islands","[c]","[c]","[c]","[c]"
"New entrant CS","2022","Unknown","Other ethnicity","Scotland","South Ayrshire","[c]","[c]","[c]","[c]"
"New entrant CS","2022","Unknown","Other ethnicity","Scotland","South Lanarkshire","[c]","[c]","[c]","[c]"
"New entrant CS","2022","Unknown","Other ethnicity","Scotland","West Lothian","[c]","[c]","[c]","[c]"
"New entrant CS","2022","Unknown","Other ethnicity","South East (England)","Berkshire","[c]","[c]","[c]","[c]"
"New entrant CS","2022","Unknown","Other ethnicity","South East (England)","Brighton and Hove","[c]","[c]","[c]","[c]"
"New entrant CS","2022","Unknown","Other ethnicity","South East (England)","Buckinghamshire","[c]","[c]","[c]","[c]"
"New entrant CS","2022","Unknown","Other ethnicity","South East (England)","Central Hampshire","[c]","[c]","[c]","[c]"
"New entrant CS","2022","Unknown","Other ethnicity","South East (England)","East Kent","[c]","[c]","[c]","[c]"
"New entrant CS","2022","Unknown","Other ethnicity","South East (England)","East Surrey","[c]","[c]","[c]","[c]"
"New entrant CS","2022","Unknown","Other ethnicity","South East (England)","East Sussex CC","[c]","[c]","[c]","[c]"
"New entrant CS","2022","Unknown","Other ethnicity","South East (England)","Isle of Wight","[c]","[c]","[c]","[c]"
"New entrant CS","2022","Unknown","Other ethnicity","South East (England)","Kent Thames Gateway","[c]","[c]","[c]","[c]"
"New entrant CS","2022","Unknown","Other ethnicity","South East (England)","Medway","[c]","[c]","[c]","[c]"
"New entrant CS","2022","Unknown","Other ethnicity","South East (England)","Mid Kent","[c]","[c]","[c]","[c]"
"New entrant CS","2022","Unknown","Other ethnicity","South East (England)","Milton Keynes","[c]","[c]","[c]","[c]"
"New entrant CS","2022","Unknown","Other ethnicity","South East (England)","North Hampshire","[c]","[c]","[c]","[c]"
"New entrant CS","2022","Unknown","Other ethnicity","South East (England)","Oxfordshire CC","[c]","[c]","[c]","[c]"
"New entrant CS","2022","Unknown","Other ethnicity","South East (England)","Portsmouth","[c]","[c]","[c]","[c]"
"New entrant CS","2022","Unknown","Other ethnicity","South East (England)","South Hampshire","[c]","[c]","[c]","[c]"
"New entrant CS","2022","Unknown","Other ethnicity","South East (England)","Southampton","[c]","[c]","[c]","[c]"
"New entrant CS","2022","Unknown","Other ethnicity","South East (England)","West Kent","[c]","[c]","[c]","[c]"
"New entrant CS","2022","Unknown","Other ethnicity","South East (England)","West Surrey","[c]","[c]","[c]","[c]"
"New entrant CS","2022","Unknown","Other ethnicity","South East (England)","West Sussex (North East)","[c]","[c]","[c]","[c]"
"New entrant CS","2022","Unknown","Other ethnicity","South East (England)","West Sussex (South West)","[c]","[c]","[c]","[c]"
"New entrant CS","2022","Unknown","Other ethnicity","South West (England)","Bath and North East Somerset, North Somerset and South Gloucestershire","[c]","[c]","[c]","[c]"
"New entrant CS","2022","Unknown","Other ethnicity","South West (England)","Bournemouth, Christchurch and Poole","[c]","[c]","[c]","[c]"
"New entrant CS","2022","Unknown","Other ethnicity","South West (England)","Bristol, City of","[c]","[c]","[c]","[c]"
"New entrant CS","2022","Unknown","Other ethnicity","South West (England)","Cornwall and Isles of Scilly","[c]","[c]","[c]","[c]"
"New entrant CS","2022","Unknown","Other ethnicity","South West (England)","Devon CC","[c]","[c]","[c]","[c]"
"New entrant CS","2022","Unknown","Other ethnicity","South West (England)","Dorset","[c]","[c]","[c]","[c]"
"New entrant CS","2022","Unknown","Other ethnicity","South West (England)","Gloucestershire CC","[c]","[c]","[c]","[c]"
"New entrant CS","2022","Unknown","Other ethnicity","South West (England)","Plymouth","[c]","[c]","[c]","[c]"
"New entrant CS","2022","Unknown","Other ethnicity","South West (England)","Somerset CC","[c]","[c]","[c]","[c]"
"New entrant CS","2022","Unknown","Other ethnicity","South West (England)","Swindon","[c]","[c]","[c]","[c]"
"New entrant CS","2022","Unknown","Other ethnicity","South West (England)","Torbay","[c]","[c]","[c]","[c]"
"New entrant CS","2022","Unknown","Other ethnicity","South West (England)","Wiltshire","[c]","[c]","[c]","[c]"
"New entrant CS","2022","Unknown","Other ethnicity","Unknown","Unknown","[c]","[c]","[c]","[c]"
"New entrant CS","2022","Unknown","Other ethnicity","Wales","Bridgend and Neath Port Talbot","[c]","[c]","[c]","[c]"
"New entrant CS","2022","Unknown","Other ethnicity","Wales","Cardiff and Vale of Glamorgan","[c]","[c]","[c]","[c]"
"New entrant CS","2022","Unknown","Other ethnicity","Wales","Central Valleys","[c]","[c]","[c]","[c]"
"New entrant CS","2022","Unknown","Other ethnicity","Wales","Conwy and Denbighshire","[c]","[c]","[c]","[c]"
"New entrant CS","2022","Unknown","Other ethnicity","Wales","Flintshire and Wrexham","[c]","[c]","[c]","[c]"
"New entrant CS","2022","Unknown","Other ethnicity","Wales","Gwent Valleys","[c]","[c]","[c]","[c]"
"New entrant CS","2022","Unknown","Other ethnicity","Wales","Gwynedd","[c]","[c]","[c]","[c]"
"New entrant CS","2022","Unknown","Other ethnicity","Wales","Isle of Anglesey","[c]","[c]","[c]","[c]"
"New entrant CS","2022","Unknown","Other ethnicity","Wales","Monmouthshire and Newport","[c]","[c]","[c]","[c]"
"New entrant CS","2022","Unknown","Other ethnicity","Wales","Powys","[c]","[c]","[c]","[c]"
"New entrant CS","2022","Unknown","Other ethnicity","Wales","South West Wales","[c]","[c]","[c]","[c]"
"New entrant CS","2022","Unknown","Other ethnicity","Wales","Swansea","[c]","[c]","[c]","[c]"
"New entrant CS","2022","Unknown","Other ethnicity","West Midlands (England)","Birmingham","[c]","[c]","[c]","[c]"
"New entrant CS","2022","Unknown","Other ethnicity","West Midlands (England)","Coventry","[c]","[c]","[c]","[c]"
"New entrant CS","2022","Unknown","Other ethnicity","West Midlands (England)","Dudley","[c]","[c]","[c]","[c]"
"New entrant CS","2022","Unknown","Other ethnicity","West Midlands (England)","Herefordshire, County of","[c]","[c]","[c]","[c]"
"New entrant CS","2022","Unknown","Other ethnicity","West Midlands (England)","Sandwell","[c]","[c]","[c]","[c]"
"New entrant CS","2022","Unknown","Other ethnicity","West Midlands (England)","Shropshire","[c]","[c]","[c]","[c]"
"New entrant CS","2022","Unknown","Other ethnicity","West Midlands (England)","Solihull","[c]","[c]","[c]","[c]"
"New entrant CS","2022","Unknown","Other ethnicity","West Midlands (England)","Staffordshire CC","[c]","[c]","[c]","[c]"
"New entrant CS","2022","Unknown","Other ethnicity","West Midlands (England)","Stoke-on-Trent","[c]","[c]","[c]","[c]"
"New entrant CS","2022","Unknown","Other ethnicity","West Midlands (England)","Telford and Wrekin","[c]","[c]","[c]","[c]"
"New entrant CS","2022","Unknown","Other ethnicity","West Midlands (England)","Walsall","[c]","[c]","[c]","[c]"
"New entrant CS","2022","Unknown","Other ethnicity","West Midlands (England)","Warwickshire CC","[c]","[c]","[c]","[c]"
"New entrant CS","2022","Unknown","Other ethnicity","West Midlands (England)","Wolverhampton","[c]","[c]","[c]","[c]"
"New entrant CS","2022","Unknown","Other ethnicity","West Midlands (England)","Worcestershire CC","[c]","[c]","[c]","[c]"
"New entrant CS","2022","Unknown","Other ethnicity","Yorkshire and The Humber","Barnsley, Doncaster and Rotherham","[c]","[c]","[c]","[c]"
"New entrant CS","2022","Unknown","Other ethnicity","Yorkshire and The Humber","Bradford","[c]","[c]","[c]","[c]"
"New entrant CS","2022","Unknown","Other ethnicity","Yorkshire and The Humber","Calderdale and Kirklees","[c]","[c]","[c]","[c]"
"New entrant CS","2022","Unknown","Other ethnicity","Yorkshire and The Humber","East Riding of Yorkshire","[c]","[c]","[c]","[c]"
"New entrant CS","2022","Unknown","Other ethnicity","Yorkshire and The Humber","Kingston upon Hull, City of","[c]","[c]","[c]","[c]"
"New entrant CS","2022","Unknown","Other ethnicity","Yorkshire and The Humber","Leeds","[c]","[c]","[c]","[c]"
"New entrant CS","2022","Unknown","Other ethnicity","Yorkshire and The Humber","North and North East Lincolnshire","[c]","[c]","[c]","[c]"
"New entrant CS","2022","Unknown","Other ethnicity","Yorkshire and The Humber","North Yorkshire CC","[c]","[c]","[c]","[c]"
"New entrant CS","2022","Unknown","Other ethnicity","Yorkshire and The Humber","Sheffield","[c]","[c]","[c]","[c]"
"New entrant CS","2022","Unknown","Other ethnicity","Yorkshire and The Humber","Wakefield","[c]","[c]","[c]","[c]"
"New entrant CS","2022","Unknown","Other ethnicity","Yorkshire and The Humber","York","[c]","[c]","[c]","[c]"
"New entrant CS","2022","Unknown","Undeclared","East Midlands (England)","Leicestershire CC and Rutland","[c]","[c]","[c]","[c]"
"New entrant CS","2022","Unknown","Undeclared","East Midlands (England)","North Nottinghamshire","[c]","[c]","[c]","[c]"
"New entrant CS","2022","Unknown","Undeclared","East Midlands (England)","Nottingham","10","[c]","[c]","[c]"
"New entrant CS","2022","Unknown","Undeclared","East Midlands (England)","South and West Derbyshire","[c]","[c]","[c]","[c]"
"New entrant CS","2022","Unknown","Undeclared","East Midlands (England)","South Nottinghamshire","[c]","[c]","[c]","[c]"
"New entrant CS","2022","Unknown","Undeclared","East of England","Hertfordshire CC","[c]","[c]","[c]","[c]"
"New entrant CS","2022","Unknown","Undeclared","East of England","Norwich and East Norfolk","[c]","[c]","[c]","[c]"
"New entrant CS","2022","Unknown","Undeclared","London","Barnet","[c]","[c]","[c]","[c]"
"New entrant CS","2022","Unknown","Undeclared","London","Bexley and Greenwich","[c]","[c]","[c]","[c]"
"New entrant CS","2022","Unknown","Undeclared","London","Camden and City of London","[c]","[c]","[c]","[c]"
"New entrant CS","2022","Unknown","Undeclared","London","Croydon","[c]","[c]","[c]","[c]"
"New entrant CS","2022","Unknown","Undeclared","London","Hackney and Newham","[c]","[c]","[c]","[c]"
"New entrant CS","2022","Unknown","Undeclared","London","Kensington & Chelsea and Hammersmith & Fulham","[c]","[c]","[c]","[c]"
"New entrant CS","2022","Unknown","Undeclared","London","Lambeth","10","[c]","[c]","[c]"
"New entrant CS","2022","Unknown","Undeclared","London","Lewisham and Southwark","[c]","[c]","[c]","[c]"
"New entrant CS","2022","Unknown","Undeclared","London","Merton, Kingston upon Thames and Sutton","[c]","[c]","[c]","[c]"
"New entrant CS","2022","Unknown","Undeclared","London","Tower Hamlets","[c]","[c]","[c]","[c]"
"New entrant CS","2022","Unknown","Undeclared","London","Westminster","15","[c]","[c]","[c]"
"New entrant CS","2022","Unknown","Undeclared","North East (England)","Tyneside","[c]","[c]","[c]","[c]"
"New entrant CS","2022","Unknown","Undeclared","North West (England)","Greater Manchester South West","[c]","[c]","[c]","[c]"
"New entrant CS","2022","Unknown","Undeclared","North West (England)","Liverpool","[c]","[c]","[c]","[c]"
"New entrant CS","2022","Unknown","Undeclared","North West (England)","Manchester","[c]","[c]","[c]","[c]"
"New entrant CS","2022","Unknown","Undeclared","North West (England)","Sefton","[c]","[c]","[c]","[c]"
"New entrant CS","2022","Unknown","Undeclared","North West (England)","Warrington","[c]","[c]","[c]","[c]"
"New entrant CS","2022","Unknown","Undeclared","North West (England)","Wirral","[c]","[c]","[c]","[c]"
"New entrant CS","2022","Unknown","Undeclared","Northern Ireland","Lisburn and Castlereagh","[c]","[c]","[c]","[c]"
"New entrant CS","2022","Unknown","Undeclared","Scotland","City of Edinburgh","[c]","[c]","[c]","[c]"
"New entrant CS","2022","Unknown","Undeclared","Scotland","Clackmannanshire and Fife","[c]","[c]","[c]","[c]"
"New entrant CS","2022","Unknown","Undeclared","Scotland","Glasgow City","[c]","[c]","[c]","[c]"
"New entrant CS","2022","Unknown","Undeclared","South East (England)","Brighton and Hove","[c]","[c]","[c]","[c]"
"New entrant CS","2022","Unknown","Undeclared","South East (England)","Oxfordshire CC","[c]","[c]","[c]","[c]"
"New entrant CS","2022","Unknown","Undeclared","South East (England)","South Hampshire","15","[c]","[c]","[c]"
"New entrant CS","2022","Unknown","Undeclared","South East (England)","Southampton","[c]","[c]","[c]","[c]"
"New entrant CS","2022","Unknown","Undeclared","South West (England)","Bath and North East Somerset, North Somerset and South Gloucestershire","[c]","[c]","[c]","[c]"
"New entrant CS","2022","Unknown","Undeclared","South West (England)","Bristol, City of","5","[c]","[c]","[c]"
"New entrant CS","2022","Unknown","Undeclared","South West (England)","Plymouth","[c]","[c]","[c]","[c]"
"New entrant CS","2022","Unknown","Undeclared","South West (England)","Wiltshire","[c]","[c]","[c]","[c]"
"New entrant CS","2022","Unknown","Undeclared","Unknown","Unknown","[c]","[c]","[c]","[c]"
"New entrant CS","2022","Unknown","Undeclared","Wales","Cardiff and Vale of Glamorgan","5","[c]","[c]","[c]"
"New entrant CS","2022","Unknown","Undeclared","Wales","Conwy and Denbighshire","[c]","[c]","[c]","[c]"
"New entrant CS","2022","Unknown","Undeclared","Wales","Flintshire and Wrexham","[c]","[c]","[c]","[c]"
"New entrant CS","2022","Unknown","Undeclared","Wales","Monmouthshire and Newport","10","[c]","[c]","[c]"
"New entrant CS","2022","Unknown","Undeclared","Wales","Swansea","[c]","[c]","[c]","[c]"
"New entrant CS","2022","Unknown","Undeclared","West Midlands (England)","Birmingham","5","[c]","[c]","[c]"
"New entrant CS","2022","Unknown","Undeclared","West Midlands (England)","Coventry","5","[c]","[c]","[c]"
"New entrant CS","2022","Unknown","Undeclared","West Midlands (England)","Solihull","[c]","[c]","[c]","[c]"
"New entrant CS","2022","Unknown","Undeclared","West Midlands (England)","Staffordshire CC","[c]","[c]","[c]","[c]"
"New entrant CS","2022","Unknown","Undeclared","West Midlands (England)","Stoke-on-Trent","[c]","[c]","[c]","[c]"
"New entrant CS","2022","Unknown","Undeclared","Yorkshire and The Humber","Calderdale and Kirklees","[c]","[c]","[c]","[c]"
"New entrant CS","2022","Unknown","Undeclared","Yorkshire and The Humber","East Riding of Yorkshire","[c]","[c]","[c]","[c]"
"New entrant CS","2022","Unknown","Undeclared","Yorkshire and The Humber","Leeds","5","[c]","[c]","[c]"
"New entrant CS","2022","Unknown","Undeclared","Yorkshire and The Humber","Wakefield","[c]","[c]","[c]","[c]"
"New entrant CS","2022","Unknown","Unknown","East Midlands (England)","Derby","70","[c]","26190","25460"
"New entrant CS","2022","Unknown","Unknown","East Midlands (England)","East Derbyshire","20","[c]","[c]","[c]"
"New entrant CS","2022","Unknown","Unknown","East Midlands (England)","Leicester","115","[c]","23850","21260"
"New entrant CS","2022","Unknown","Unknown","East Midlands (England)","Leicestershire CC and Rutland","90","[c]","23160","21680"
"New entrant CS","2022","Unknown","Unknown","East Midlands (England)","Lincolnshire CC","65","[c]","26860","26130"
"New entrant CS","2022","Unknown","Unknown","East Midlands (England)","North Northamptonshire","35","[c]","24110","21680"
"New entrant CS","2022","Unknown","Unknown","East Midlands (England)","North Nottinghamshire","65","[c]","25500","24770"
"New entrant CS","2022","Unknown","Unknown","East Midlands (England)","Nottingham","380","[c]","26570","25120"
"New entrant CS","2022","Unknown","Unknown","East Midlands (England)","South and West Derbyshire","30","[c]","[c]","[c]"
"New entrant CS","2022","Unknown","Unknown","East Midlands (England)","South Nottinghamshire","30","[c]","[c]","[c]"
"New entrant CS","2022","Unknown","Unknown","East Midlands (England)","West Northamptonshire","55","[c]","26840","24800"
"New entrant CS","2022","Unknown","Unknown","East of England","Bedford","70","[c]","28110","27570"
"New entrant CS","2022","Unknown","Unknown","East of England","Breckland and South Norfolk","30","[c]","[c]","[c]"
"New entrant CS","2022","Unknown","Unknown","East of England","Cambridgeshire CC","95","[c]","27730","25000"
"New entrant CS","2022","Unknown","Unknown","East of England","Central Bedfordshire","10","[c]","[c]","[c]"
"New entrant CS","2022","Unknown","Unknown","East of England","Essex Haven Gateway","50","[c]","29930","25000"
"New entrant CS","2022","Unknown","Unknown","East of England","Essex Thames Gateway","30","[c]","[c]","[c]"
"New entrant CS","2022","Unknown","Unknown","East of England","Heart of Essex","95","[c]","23900","24620"
"New entrant CS","2022","Unknown","Unknown","East of England","Hertfordshire CC","90","[c]","27800","25640"
"New entrant CS","2022","Unknown","Unknown","East of England","Luton","35","[c]","28770","28200"
"New entrant CS","2022","Unknown","Unknown","East of England","North and West Norfolk","30","[c]","[c]","[c]"
"New entrant CS","2022","Unknown","Unknown","East of England","Norwich and East Norfolk","70","[c]","26240","24800"
"New entrant CS","2022","Unknown","Unknown","East of England","Peterborough","35","[c]","29860","27130"
"New entrant CS","2022","Unknown","Unknown","East of England","Southend-on-Sea","50","[c]","27780","26590"
"New entrant CS","2022","Unknown","Unknown","East of England","Suffolk CC","140","[c]","26990","24800"
"New entrant CS","2022","Unknown","Unknown","East of England","Thurrock","15","[c]","[c]","[c]"
"New entrant CS","2022","Unknown","Unknown","East of England","West Essex","25","[c]","[c]","[c]"
"New entrant CS","2022","Unknown","Unknown","London","Barking & Dagenham and Havering","15","[c]","[c]","[c]"
"New entrant CS","2022","Unknown","Unknown","London","Barnet","45","[c]","31460","30130"
"New entrant CS","2022","Unknown","Unknown","London","Bexley and Greenwich","135","[c]","28070","29020"
"New entrant CS","2022","Unknown","Unknown","London","Brent","35","[c]","30000","29000"
"New entrant CS","2022","Unknown","Unknown","London","Bromley","20","[c]","[c]","[c]"
"New entrant CS","2022","Unknown","Unknown","London","Camden and City of London","75","[c]","33420","23720"
"New entrant CS","2022","Unknown","Unknown","London","Croydon","460","[c]","34700","29000"
"New entrant CS","2022","Unknown","Unknown","London","Ealing","20","[c]","[c]","[c]"
"New entrant CS","2022","Unknown","Unknown","London","Enfield","10","[c]","[c]","[c]"
"New entrant CS","2022","Unknown","Unknown","London","Hackney and Newham","155","[c]","35530","31060"
"New entrant CS","2022","Unknown","Unknown","London","Haringey and Islington","125","[c]","30720","30520"
"New entrant CS","2022","Unknown","Unknown","London","Harrow and Hillingdon","100","[c]","29520","28650"
"New entrant CS","2022","Unknown","Unknown","London","Hounslow and Richmond upon Thames","180","[c]","28940","28700"
"New entrant CS","2022","Unknown","Unknown","London","Kensington & Chelsea and Hammersmith & Fulham","40","[c]","29230","30520"
"New entrant CS","2022","Unknown","Unknown","London","Lambeth","85","[c]","36820","31060"
"New entrant CS","2022","Unknown","Unknown","London","Lewisham and Southwark","75","[c]","33990","28650"
"New entrant CS","2022","Unknown","Unknown","London","Merton, Kingston upon Thames and Sutton","30","[c]","[c]","[c]"
"New entrant CS","2022","Unknown","Unknown","London","Redbridge and Waltham Forest","45","[c]","30260","30130"
"New entrant CS","2022","Unknown","Unknown","London","Tower Hamlets","145","[c]","36930","34260"
"New entrant CS","2022","Unknown","Unknown","London","Wandsworth","85","[c]","29200","30520"
"New entrant CS","2022","Unknown","Unknown","London","Westminster","2530","[c]","37920","32790"
"New entrant CS","2022","Unknown","Unknown","North East (England)","Darlington","45","[c]","33840","29360"
"New entrant CS","2022","Unknown","Unknown","North East (England)","Durham","225","[c]","23530","22010"
"New entrant CS","2022","Unknown","Unknown","North East (England)","Hartlepool and Stockton-on-Tees","45","[c]","28430","27660"
"New entrant CS","2022","Unknown","Unknown","North East (England)","Northumberland","15","[c]","[c]","[c]"
"New entrant CS","2022","Unknown","Unknown","North East (England)","South Teesside","25","[c]","[c]","[c]"
"New entrant CS","2022","Unknown","Unknown","North East (England)","Sunderland","105","[c]","23830","21250"
"New entrant CS","2022","Unknown","Unknown","North East (England)","Tyneside","610","[c]","26080","24880"
"New entrant CS","2022","Unknown","Unknown","North West (England)","Blackburn with Darwen","15","[c]","[c]","[c]"
"New entrant CS","2022","Unknown","Unknown","North West (England)","Blackpool","115","[c]","25870","21260"
"New entrant CS","2022","Unknown","Unknown","North West (England)","Cheshire East","50","[c]","25090","23140"
"New entrant CS","2022","Unknown","Unknown","North West (England)","Cheshire West and Chester","30","[c]","26510","24800"
"New entrant CS","2022","Unknown","Unknown","North West (England)","Chorley and West Lancashire","75","[c]","23810","23140"
"New entrant CS","2022","Unknown","Unknown","North West (England)","East Cumbria","35","[c]","25420","24800"
"New entrant CS","2022","Unknown","Unknown","North West (England)","East Lancashire","25","[c]","[c]","[c]"
"New entrant CS","2022","Unknown","Unknown","North West (England)","East Merseyside","55","[c]","30770","26130"
"New entrant CS","2022","Unknown","Unknown","North West (England)","Greater Manchester North East","65","[c]","26310","24800"
"New entrant CS","2022","Unknown","Unknown","North West (England)","Greater Manchester North West","65","[c]","27080","25480"
"New entrant CS","2022","Unknown","Unknown","North West (England)","Greater Manchester South East","45","[c]","25400","23170"
"New entrant CS","2022","Unknown","Unknown","North West (England)","Greater Manchester South West","515","[c]","28930","25120"
"New entrant CS","2022","Unknown","Unknown","North West (England)","Lancaster and Wyre","45","[c]","23810","23140"
"New entrant CS","2022","Unknown","Unknown","North West (England)","Liverpool","530","[c]","25030","24800"
"New entrant CS","2022","Unknown","Unknown","North West (England)","Manchester","405","[c]","29570","26590"
"New entrant CS","2022","Unknown","Unknown","North West (England)","Mid Lancashire","130","[c]","26230","24800"
"New entrant CS","2022","Unknown","Unknown","North West (England)","Sefton","245","[c]","25000","24880"
"New entrant CS","2022","Unknown","Unknown","North West (England)","Warrington","70","[c]","25540","23140"
"New entrant CS","2022","Unknown","Unknown","North West (England)","West Cumbria","30","[c]","[c]","[c]"
"New entrant CS","2022","Unknown","Unknown","North West (England)","Wirral","70","[c]","25420","22600"
"New entrant CS","2022","Unknown","Unknown","Northern Ireland","Antrim and Newtownabbey","5","[c]","[c]","[c]"
"New entrant CS","2022","Unknown","Unknown","Northern Ireland","Ards and North Down","5","[c]","[c]","[c]"
"New entrant CS","2022","Unknown","Unknown","Northern Ireland","Armagh City, Banbridge and Craigavon","[c]","[c]","[c]","[c]"
"New entrant CS","2022","Unknown","Unknown","Northern Ireland","Belfast","195","[c]","25190","21250"
"New entrant CS","2022","Unknown","Unknown","Northern Ireland","Causeway Coast and Glens","[c]","[c]","[c]","[c]"
"New entrant CS","2022","Unknown","Unknown","Northern Ireland","Derry City and Strabane","[c]","[c]","[c]","[c]"
"New entrant CS","2022","Unknown","Unknown","Northern Ireland","Lisburn and Castlereagh","20","[c]","[c]","[c]"
"New entrant CS","2022","Unknown","Unknown","Northern Ireland","Mid and East Antrim","[c]","[c]","[c]","[c]"
"New entrant CS","2022","Unknown","Unknown","Northern Ireland","Newry, Mourne and Down","10","[c]","[c]","[c]"
"New entrant CS","2022","Unknown","Unknown","Overseas","Overseas","25","[c]","[c]","[c]"
"New entrant CS","2022","Unknown","Unknown","Scotland","Aberdeen City and Aberdeenshire","90","[c]","28510","27230"
"New entrant CS","2022","Unknown","Unknown","Scotland","Angus and Dundee City","195","[c]","25060","22690"
"New entrant CS","2022","Unknown","Unknown","Scotland","Caithness and Sutherland, and Ross and Cromarty","[c]","[c]","[c]","[c]"
"New entrant CS","2022","Unknown","Unknown","Scotland","City of Edinburgh","775","[c]","32680","27750"
"New entrant CS","2022","Unknown","Unknown","Scotland","Clackmannanshire and Fife","60","[c]","23750","21640"
"New entrant CS","2022","Unknown","Unknown","Scotland","Dumfries and Galloway","10","[c]","[c]","[c]"
"New entrant CS","2022","Unknown","Unknown","Scotland","East Ayrshire and North Ayrshire mainland","30","[c]","[c]","[c]"
"New entrant CS","2022","Unknown","Unknown","Scotland","East Dunbartonshire, West Dunbartonshire, and Helensburgh and Lomond","100","[c]","25340","22630"
"New entrant CS","2022","Unknown","Unknown","Scotland","East Lothian and Midlothian","5","[c]","[c]","[c]"
"New entrant CS","2022","Unknown","Unknown","Scotland","Falkirk","65","[c]","22910","21640"
"New entrant CS","2022","Unknown","Unknown","Scotland","Glasgow City","765","[c]","29530","27230"
"New entrant CS","2022","Unknown","Unknown","Scotland","Inverclyde, East Renfrewshire, and Renfrewshire","40","[c]","27460","24880"
"New entrant CS","2022","Unknown","Unknown","Scotland","Inverness and Nairn, Moray, and Badenoch and Strathspey","30","[c]","28080","27120"
"New entrant CS","2022","Unknown","Unknown","Scotland","Lochaber, Skye and Lochalsh, Arran and Cumbrae, and Argyll and Bute","[c]","[c]","[c]","[c]"
"New entrant CS","2022","Unknown","Unknown","Scotland","Na h-Eileanan Siar","[c]","[c]","[c]","[c]"
"New entrant CS","2022","Unknown","Unknown","Scotland","North Lanarkshire","75","[c]","23500","21640"
"New entrant CS","2022","Unknown","Unknown","Scotland","Orkney Islands","[c]","[c]","[c]","[c]"
"New entrant CS","2022","Unknown","Unknown","Scotland","Perth and Kinross, and Stirling","80","[c]","24200","21640"
"New entrant CS","2022","Unknown","Unknown","Scotland","Scottish Borders","45","[c]","25060","24400"
"New entrant CS","2022","Unknown","Unknown","Scotland","Shetland Islands","[c]","[c]","[c]","[c]"
"New entrant CS","2022","Unknown","Unknown","Scotland","South Ayrshire","10","[c]","[c]","[c]"
"New entrant CS","2022","Unknown","Unknown","Scotland","South Lanarkshire","95","[c]","24190","21250"
"New entrant CS","2022","Unknown","Unknown","Scotland","West Lothian","15","[c]","[c]","[c]"
"New entrant CS","2022","Unknown","Unknown","South East (England)","Berkshire","130","[c]","29060","25630"
"New entrant CS","2022","Unknown","Unknown","South East (England)","Brighton and Hove","30","[c]","28120","26500"
"New entrant CS","2022","Unknown","Unknown","South East (England)","Buckinghamshire","60","[c]","30440","27570"
"New entrant CS","2022","Unknown","Unknown","South East (England)","Central Hampshire","65","[c]","31200","26350"
"New entrant CS","2022","Unknown","Unknown","South East (England)","East Kent","185","[c]","25230","24880"
"New entrant CS","2022","Unknown","Unknown","South East (England)","East Surrey","40","[c]","27910","26720"
"New entrant CS","2022","Unknown","Unknown","South East (England)","East Sussex CC","55","[c]","24770","24090"
"New entrant CS","2022","Unknown","Unknown","South East (England)","Isle of Wight","20","[c]","[c]","[c]"
"New entrant CS","2022","Unknown","Unknown","South East (England)","Kent Thames Gateway","95","[c]","27190","28140"
"New entrant CS","2022","Unknown","Unknown","South East (England)","Medway","80","[c]","25940","26140"
"New entrant CS","2022","Unknown","Unknown","South East (England)","Mid Kent","55","[c]","26290","24800"
"New entrant CS","2022","Unknown","Unknown","South East (England)","Milton Keynes","60","[c]","27690","27570"
"New entrant CS","2022","Unknown","Unknown","South East (England)","North Hampshire","45","[c]","32050","26960"
"New entrant CS","2022","Unknown","Unknown","South East (England)","Oxfordshire CC","140","[c]","26850","26350"
"New entrant CS","2022","Unknown","Unknown","South East (England)","Portsmouth","100","[c]","26970","24880"
"New entrant CS","2022","Unknown","Unknown","South East (England)","South Hampshire","90","[c]","24460","19860"
"New entrant CS","2022","Unknown","Unknown","South East (England)","Southampton","55","[c]","31150","26130"
"New entrant CS","2022","Unknown","Unknown","South East (England)","West Kent","15","[c]","[c]","[c]"
"New entrant CS","2022","Unknown","Unknown","South East (England)","West Surrey","90","[c]","33490","27960"
"New entrant CS","2022","Unknown","Unknown","South East (England)","West Sussex (North East)","85","[c]","27770","25770"
"New entrant CS","2022","Unknown","Unknown","South East (England)","West Sussex (South West)","50","[c]","29840","26520"
"New entrant CS","2022","Unknown","Unknown","South West (England)","Bath and North East Somerset, North Somerset and South Gloucestershire","325","[c]","28250","25000"
"New entrant CS","2022","Unknown","Unknown","South West (England)","Bournemouth, Christchurch and Poole","35","[c]","24870","24800"
"New entrant CS","2022","Unknown","Unknown","South West (England)","Bristol, City of","280","[c]","29070","25000"
"New entrant CS","2022","Unknown","Unknown","South West (England)","Cornwall and Isles of Scilly","45","[c]","25930","24800"
"New entrant CS","2022","Unknown","Unknown","South West (England)","Devon CC","125","[c]","25130","23140"
"New entrant CS","2022","Unknown","Unknown","South West (England)","Dorset","70","[c]","23840","23140"
"New entrant CS","2022","Unknown","Unknown","South West (England)","Gloucestershire CC","50","[c]","27280","26350"
"New entrant CS","2022","Unknown","Unknown","South West (England)","Plymouth","125","[c]","25100","22550"
"New entrant CS","2022","Unknown","Unknown","South West (England)","Somerset CC","95","[c]","28760","24090"
"New entrant CS","2022","Unknown","Unknown","South West (England)","Swindon","25","[c]","[c]","[c]"
"New entrant CS","2022","Unknown","Unknown","South West (England)","Torbay","10","[c]","[c]","[c]"
"New entrant CS","2022","Unknown","Unknown","South West (England)","Wiltshire","100","[c]","32400","26310"
"New entrant CS","2022","Unknown","Unknown","Unknown","Unknown","550","[c]","27700","25020"
"New entrant CS","2022","Unknown","Unknown","Wales","Bridgend and Neath Port Talbot","35","[c]","25030","23170"
"New entrant CS","2022","Unknown","Unknown","Wales","Cardiff and Vale of Glamorgan","325","[c]","25300","23140"
"New entrant CS","2022","Unknown","Unknown","Wales","Central Valleys","60","[c]","26670","27570"
"New entrant CS","2022","Unknown","Unknown","Wales","Conwy and Denbighshire","15","[c]","[c]","[c]"
"New entrant CS","2022","Unknown","Unknown","Wales","Flintshire and Wrexham","60","[c]","25070","21260"
"New entrant CS","2022","Unknown","Unknown","Wales","Gwent Valleys","10","[c]","[c]","[c]"
"New entrant CS","2022","Unknown","Unknown","Wales","Gwynedd","15","[c]","[c]","[c]"
"New entrant CS","2022","Unknown","Unknown","Wales","Isle of Anglesey","10","[c]","[c]","[c]"
"New entrant CS","2022","Unknown","Unknown","Wales","Monmouthshire and Newport","155","[c]","28410","24030"
"New entrant CS","2022","Unknown","Unknown","Wales","Powys","10","[c]","[c]","[c]"
"New entrant CS","2022","Unknown","Unknown","Wales","South West Wales","30","[c]","[c]","[c]"
"New entrant CS","2022","Unknown","Unknown","Wales","Swansea","305","[c]","22730","21260"
"New entrant CS","2022","Unknown","Unknown","West Midlands (England)","Birmingham","770","[c]","26790","23170"
"New entrant CS","2022","Unknown","Unknown","West Midlands (England)","Coventry","65","[c]","31970","29360"
"New entrant CS","2022","Unknown","Unknown","West Midlands (England)","Dudley","25","[c]","[c]","[c]"
"New entrant CS","2022","Unknown","Unknown","West Midlands (England)","Herefordshire, County of","15","[c]","[c]","[c]"
"New entrant CS","2022","Unknown","Unknown","West Midlands (England)","Sandwell","30","[c]","[c]","[c]"
"New entrant CS","2022","Unknown","Unknown","West Midlands (England)","Shropshire","25","[c]","[c]","[c]"
"New entrant CS","2022","Unknown","Unknown","West Midlands (England)","Solihull","70","[c]","28820","24880"
"New entrant CS","2022","Unknown","Unknown","West Midlands (England)","Staffordshire CC","160","[c]","26390","23140"
"New entrant CS","2022","Unknown","Unknown","West Midlands (England)","Stoke-on-Trent","45","[c]","23530","20970"
"New entrant CS","2022","Unknown","Unknown","West Midlands (England)","Telford and Wrekin","45","[c]","34760","27130"
"New entrant CS","2022","Unknown","Unknown","West Midlands (England)","Walsall","15","[c]","[c]","[c]"
"New entrant CS","2022","Unknown","Unknown","West Midlands (England)","Warwickshire CC","45","[c]","25350","24880"
"New entrant CS","2022","Unknown","Unknown","West Midlands (England)","Wolverhampton","65","[c]","32930","27880"
"New entrant CS","2022","Unknown","Unknown","West Midlands (England)","Worcestershire CC","105","[c]","26580","23140"
"New entrant CS","2022","Unknown","Unknown","Yorkshire and The Humber","Barnsley, Doncaster and Rotherham","150","[c]","25170","23140"
"New entrant CS","2022","Unknown","Unknown","Yorkshire and The Humber","Bradford","215","[c]","23950","21250"
"New entrant CS","2022","Unknown","Unknown","Yorkshire and The Humber","Calderdale and Kirklees","35","[c]","26340","27570"
"New entrant CS","2022","Unknown","Unknown","Yorkshire and The Humber","East Riding of Yorkshire","75","[c]","23730","23140"
"New entrant CS","2022","Unknown","Unknown","Yorkshire and The Humber","Kingston upon Hull, City of","65","[c]","23730","23140"
"New entrant CS","2022","Unknown","Unknown","Yorkshire and The Humber","Leeds","890","[c]","30840","26590"
"New entrant CS","2022","Unknown","Unknown","Yorkshire and The Humber","North and North East Lincolnshire","25","[c]","[c]","[c]"
"New entrant CS","2022","Unknown","Unknown","Yorkshire and The Humber","North Yorkshire CC","55","[c]","29210","25890"
"New entrant CS","2022","Unknown","Unknown","Yorkshire and The Humber","Sheffield","240","[c]","29870","24880"
"New entrant CS","2022","Unknown","Unknown","Yorkshire and The Humber","Wakefield","80","[c]","25020","23140"
"New entrant CS","2022","Unknown","Unknown","Yorkshire and The Humber","York","85","[c]","31580","28200"
"New entrant CS","2022","Unknown","White","East Midlands (England)","Derby","[c]","[c]","[c]","[c]"
"New entrant CS","2022","Unknown","White","East Midlands (England)","East Derbyshire","[c]","[c]","[c]","[c]"
"New entrant CS","2022","Unknown","White","East Midlands (England)","Leicester","5","[c]","[c]","[c]"
"New entrant CS","2022","Unknown","White","East Midlands (England)","Leicestershire CC and Rutland","20","[c]","[c]","[c]"
"New entrant CS","2022","Unknown","White","East Midlands (England)","Lincolnshire CC","20","[c]","[c]","[c]"
"New entrant CS","2022","Unknown","White","East Midlands (England)","North Northamptonshire","[c]","[c]","[c]","[c]"
"New entrant CS","2022","Unknown","White","East Midlands (England)","North Nottinghamshire","[c]","[c]","[c]","[c]"
"New entrant CS","2022","Unknown","White","East Midlands (England)","Nottingham","70","[c]","31230","28970"
"New entrant CS","2022","Unknown","White","East Midlands (England)","South and West Derbyshire","[c]","[c]","[c]","[c]"
"New entrant CS","2022","Unknown","White","East Midlands (England)","South Nottinghamshire","10","[c]","[c]","[c]"
"New entrant CS","2022","Unknown","White","East Midlands (England)","West Northamptonshire","[c]","[c]","[c]","[c]"
"New entrant CS","2022","Unknown","White","East of England","Bedford","10","[c]","[c]","[c]"
"New entrant CS","2022","Unknown","White","East of England","Breckland and South Norfolk","[c]","[c]","[c]","[c]"
"New entrant CS","2022","Unknown","White","East of England","Cambridgeshire CC","25","[c]","[c]","[c]"
"New entrant CS","2022","Unknown","White","East of England","Central Bedfordshire","[c]","[c]","[c]","[c]"
"New entrant CS","2022","Unknown","White","East of England","Essex Haven Gateway","10","[c]","[c]","[c]"
"New entrant CS","2022","Unknown","White","East of England","Essex Thames Gateway","[c]","[c]","[c]","[c]"
"New entrant CS","2022","Unknown","White","East of England","Heart of Essex","10","[c]","[c]","[c]"
"New entrant CS","2022","Unknown","White","East of England","Hertfordshire CC","15","[c]","[c]","[c]"
"New entrant CS","2022","Unknown","White","East of England","Luton","[c]","[c]","[c]","[c]"
"New entrant CS","2022","Unknown","White","East of England","North and West Norfolk","5","[c]","[c]","[c]"
"New entrant CS","2022","Unknown","White","East of England","Norwich and East Norfolk","10","[c]","[c]","[c]"
"New entrant CS","2022","Unknown","White","East of England","Peterborough","5","[c]","[c]","[c]"
"New entrant CS","2022","Unknown","White","East of England","Southend-on-Sea","[c]","[c]","[c]","[c]"
"New entrant CS","2022","Unknown","White","East of England","Suffolk CC","20","[c]","[c]","[c]"
"New entrant CS","2022","Unknown","White","East of England","Thurrock","[c]","[c]","[c]","[c]"
"New entrant CS","2022","Unknown","White","East of England","West Essex","10","[c]","[c]","[c]"
"New entrant CS","2022","Unknown","White","London","Barking & Dagenham and Havering","[c]","[c]","[c]","[c]"
"New entrant CS","2022","Unknown","White","London","Barnet","10","[c]","[c]","[c]"
"New entrant CS","2022","Unknown","White","London","Bexley and Greenwich","[c]","[c]","[c]","[c]"
"New entrant CS","2022","Unknown","White","London","Brent","[c]","[c]","[c]","[c]"
"New entrant CS","2022","Unknown","White","London","Bromley","[c]","[c]","[c]","[c]"
"New entrant CS","2022","Unknown","White","London","Camden and City of London","15","[c]","[c]","[c]"
"New entrant CS","2022","Unknown","White","London","Croydon","50","[c]","34030","30680"
"New entrant CS","2022","Unknown","White","London","Ealing","[c]","[c]","[c]","[c]"
"New entrant CS","2022","Unknown","White","London","Enfield","[c]","[c]","[c]","[c]"
"New entrant CS","2022","Unknown","White","London","Hackney and Newham","10","[c]","[c]","[c]"
"New entrant CS","2022","Unknown","White","London","Haringey and Islington","5","[c]","[c]","[c]"
"New entrant CS","2022","Unknown","White","London","Harrow and Hillingdon","10","[c]","[c]","[c]"
"New entrant CS","2022","Unknown","White","London","Hounslow and Richmond upon Thames","25","[c]","[c]","[c]"
"New entrant CS","2022","Unknown","White","London","Kensington & Chelsea and Hammersmith & Fulham","[c]","[c]","[c]","[c]"
"New entrant CS","2022","Unknown","White","London","Lambeth","115","[c]","41600","37560"
"New entrant CS","2022","Unknown","White","London","Lewisham and Southwark","5","[c]","[c]","[c]"
"New entrant CS","2022","Unknown","White","London","Merton, Kingston upon Thames and Sutton","10","[c]","[c]","[c]"
"New entrant CS","2022","Unknown","White","London","Redbridge and Waltham Forest","[c]","[c]","[c]","[c]"
"New entrant CS","2022","Unknown","White","London","Tower Hamlets","20","[c]","[c]","[c]"
"New entrant CS","2022","Unknown","White","London","Wandsworth","[c]","[c]","[c]","[c]"
"New entrant CS","2022","Unknown","White","London","Westminster","390","[c]","38890","34710"
"New entrant CS","2022","Unknown","White","North East (England)","Darlington","60","[c]","31360","29360"
"New entrant CS","2022","Unknown","White","North East (England)","Durham","20","[c]","[c]","[c]"
"New entrant CS","2022","Unknown","White","North East (England)","Hartlepool and Stockton-on-Tees","[c]","[c]","[c]","[c]"
"New entrant CS","2022","Unknown","White","North East (England)","Northumberland","[c]","[c]","[c]","[c]"
"New entrant CS","2022","Unknown","White","North East (England)","South Teesside","5","[c]","[c]","[c]"
"New entrant CS","2022","Unknown","White","North East (England)","Sunderland","10","[c]","[c]","[c]"
"New entrant CS","2022","Unknown","White","North East (England)","Tyneside","95","[c]","28730","25000"
"New entrant CS","2022","Unknown","White","North West (England)","Blackburn with Darwen","[c]","[c]","[c]","[c]"
"New entrant CS","2022","Unknown","White","North West (England)","Blackpool","[c]","[c]","[c]","[c]"
"New entrant CS","2022","Unknown","White","North West (England)","Cheshire East","10","[c]","[c]","[c]"
"New entrant CS","2022","Unknown","White","North West (England)","Cheshire West and Chester","[c]","[c]","[c]","[c]"
"New entrant CS","2022","Unknown","White","North West (England)","Chorley and West Lancashire","5","[c]","[c]","[c]"
"New entrant CS","2022","Unknown","White","North West (England)","East Cumbria","[c]","[c]","[c]","[c]"
"New entrant CS","2022","Unknown","White","North West (England)","East Lancashire","[c]","[c]","[c]","[c]"
"New entrant CS","2022","Unknown","White","North West (England)","East Merseyside","10","[c]","[c]","[c]"
"New entrant CS","2022","Unknown","White","North West (England)","Greater Manchester North East","5","[c]","[c]","[c]"
"New entrant CS","2022","Unknown","White","North West (England)","Greater Manchester North West","[c]","[c]","[c]","[c]"
"New entrant CS","2022","Unknown","White","North West (England)","Greater Manchester South East","[c]","[c]","[c]","[c]"
"New entrant CS","2022","Unknown","White","North West (England)","Greater Manchester South West","70","[c]","33380","26590"
"New entrant CS","2022","Unknown","White","North West (England)","Lancaster and Wyre","15","[c]","[c]","[c]"
"New entrant CS","2022","Unknown","White","North West (England)","Liverpool","105","[c]","27090","24880"
"New entrant CS","2022","Unknown","White","North West (England)","Manchester","115","[c]","33810","30150"
"New entrant CS","2022","Unknown","White","North West (England)","Mid Lancashire","5","[c]","[c]","[c]"
"New entrant CS","2022","Unknown","White","North West (England)","Sefton","50","[c]","23730","24880"
"New entrant CS","2022","Unknown","White","North West (England)","Warrington","80","[c]","33530","32770"
"New entrant CS","2022","Unknown","White","North West (England)","West Cumbria","10","[c]","[c]","[c]"
"New entrant CS","2022","Unknown","White","North West (England)","Wirral","15","[c]","[c]","[c]"
"New entrant CS","2022","Unknown","White","Northern Ireland","Antrim and Newtownabbey","[c]","[c]","[c]","[c]"
"New entrant CS","2022","Unknown","White","Northern Ireland","Ards and North Down","[c]","[c]","[c]","[c]"
"New entrant CS","2022","Unknown","White","Northern Ireland","Armagh City, Banbridge and Craigavon","[c]","[c]","[c]","[c]"
"New entrant CS","2022","Unknown","White","Northern Ireland","Belfast","30","[c]","[c]","[c]"
"New entrant CS","2022","Unknown","White","Northern Ireland","Causeway Coast and Glens","[c]","[c]","[c]","[c]"
"New entrant CS","2022","Unknown","White","Northern Ireland","Derry City and Strabane","[c]","[c]","[c]","[c]"
"New entrant CS","2022","Unknown","White","Northern Ireland","Fermanagh and Omagh","[c]","[c]","[c]","[c]"
"New entrant CS","2022","Unknown","White","Northern Ireland","Lisburn and Castlereagh","10","[c]","[c]","[c]"
"New entrant CS","2022","Unknown","White","Northern Ireland","Mid and East Antrim","[c]","[c]","[c]","[c]"
"New entrant CS","2022","Unknown","White","Northern Ireland","Mid Ulster","[c]","[c]","[c]","[c]"
"New entrant CS","2022","Unknown","White","Northern Ireland","Newry, Mourne and Down","[c]","[c]","[c]","[c]"
"New entrant CS","2022","Unknown","White","Overseas","Overseas","15","[c]","[c]","[c]"
"New entrant CS","2022","Unknown","White","Scotland","Aberdeen City and Aberdeenshire","20","[c]","[c]","[c]"
"New entrant CS","2022","Unknown","White","Scotland","Angus and Dundee City","35","[c]","27080","27230"
"New entrant CS","2022","Unknown","White","Scotland","Caithness and Sutherland, and Ross and Cromarty","[c]","[c]","[c]","[c]"
"New entrant CS","2022","Unknown","White","Scotland","City of Edinburgh","120","[c]","35320","31540"
"New entrant CS","2022","Unknown","White","Scotland","Clackmannanshire and Fife","10","[c]","[c]","[c]"
"New entrant CS","2022","Unknown","White","Scotland","Dumfries and Galloway","[c]","[c]","[c]","[c]"
"New entrant CS","2022","Unknown","White","Scotland","East Ayrshire and North Ayrshire mainland","[c]","[c]","[c]","[c]"
"New entrant CS","2022","Unknown","White","Scotland","East Dunbartonshire, West Dunbartonshire, and Helensburgh and Lomond","25","[c]","[c]","[c]"
"New entrant CS","2022","Unknown","White","Scotland","East Lothian and Midlothian","[c]","[c]","[c]","[c]"
"New entrant CS","2022","Unknown","White","Scotland","Falkirk","[c]","[c]","[c]","[c]"
"New entrant CS","2022","Unknown","White","Scotland","Glasgow City","135","[c]","30450","27230"
"New entrant CS","2022","Unknown","White","Scotland","Inverclyde, East Renfrewshire, and Renfrewshire","15","[c]","[c]","[c]"
"New entrant CS","2022","Unknown","White","Scotland","Inverness and Nairn, Moray, and Badenoch and Strathspey","15","[c]","[c]","[c]"
"New entrant CS","2022","Unknown","White","Scotland","Lochaber, Skye and Lochalsh, Arran and Cumbrae, and Argyll and Bute","[c]","[c]","[c]","[c]"
"New entrant CS","2022","Unknown","White","Scotland","Na h-Eileanan Siar","[c]","[c]","[c]","[c]"
"New entrant CS","2022","Unknown","White","Scotland","North Lanarkshire","5","[c]","[c]","[c]"
"New entrant CS","2022","Unknown","White","Scotland","Orkney Islands","[c]","[c]","[c]","[c]"
"New entrant CS","2022","Unknown","White","Scotland","Perth and Kinross, and Stirling","[c]","[c]","[c]","[c]"
"New entrant CS","2022","Unknown","White","Scotland","Scottish Borders","[c]","[c]","[c]","[c]"
"New entrant CS","2022","Unknown","White","Scotland","Shetland Islands","[c]","[c]","[c]","[c]"
"New entrant CS","2022","Unknown","White","Scotland","South Ayrshire","[c]","[c]","[c]","[c]"
"New entrant CS","2022","Unknown","White","Scotland","South Lanarkshire","10","[c]","[c]","[c]"
"New entrant CS","2022","Unknown","White","Scotland","West Lothian","[c]","[c]","[c]","[c]"
"New entrant CS","2022","Unknown","White","South East (England)","Berkshire","25","[c]","[c]","[c]"
"New entrant CS","2022","Unknown","White","South East (England)","Brighton and Hove","5","[c]","[c]","[c]"
"New entrant CS","2022","Unknown","White","South East (England)","Buckinghamshire","15","[c]","[c]","[c]"
"New entrant CS","2022","Unknown","White","South East (England)","Central Hampshire","25","[c]","[c]","[c]"
"New entrant CS","2022","Unknown","White","South East (England)","East Kent","55","[c]","26160","24880"
"New entrant CS","2022","Unknown","White","South East (England)","East Surrey","[c]","[c]","[c]","[c]"
"New entrant CS","2022","Unknown","White","South East (England)","East Sussex CC","[c]","[c]","[c]","[c]"
"New entrant CS","2022","Unknown","White","South East (England)","Isle of Wight","[c]","[c]","[c]","[c]"
"New entrant CS","2022","Unknown","White","South East (England)","Kent Thames Gateway","[c]","[c]","[c]","[c]"
"New entrant CS","2022","Unknown","White","South East (England)","Medway","10","[c]","[c]","[c]"
"New entrant CS","2022","Unknown","White","South East (England)","Mid Kent","[c]","[c]","[c]","[c]"
"New entrant CS","2022","Unknown","White","South East (England)","Milton Keynes","[c]","[c]","[c]","[c]"
"New entrant CS","2022","Unknown","White","South East (England)","North Hampshire","5","[c]","[c]","[c]"
"New entrant CS","2022","Unknown","White","South East (England)","Oxfordshire CC","15","[c]","[c]","[c]"
"New entrant CS","2022","Unknown","White","South East (England)","Portsmouth","30","[c]","[c]","[c]"
"New entrant CS","2022","Unknown","White","South East (England)","South Hampshire","90","[c]","26160","19860"
"New entrant CS","2022","Unknown","White","South East (England)","Southampton","25","[c]","[c]","[c]"
"New entrant CS","2022","Unknown","White","South East (England)","West Kent","[c]","[c]","[c]","[c]"
"New entrant CS","2022","Unknown","White","South East (England)","West Surrey","5","[c]","[c]","[c]"
"New entrant CS","2022","Unknown","White","South East (England)","West Sussex (North East)","20","[c]","[c]","[c]"
"New entrant CS","2022","Unknown","White","South East (England)","West Sussex (South West)","[c]","[c]","[c]","[c]"
"New entrant CS","2022","Unknown","White","South West (England)","Bath and North East Somerset, North Somerset and South Gloucestershire","125","[c]","33540","32000"
"New entrant CS","2022","Unknown","White","South West (England)","Bournemouth, Christchurch and Poole","5","[c]","[c]","[c]"
"New entrant CS","2022","Unknown","White","South West (England)","Bristol, City of","65","[c]","37290","32870"
"New entrant CS","2022","Unknown","White","South West (England)","Cornwall and Isles of Scilly","15","[c]","[c]","[c]"
"New entrant CS","2022","Unknown","White","South West (England)","Devon CC","15","[c]","[c]","[c]"
"New entrant CS","2022","Unknown","White","South West (England)","Dorset","20","[c]","[c]","[c]"
"New entrant CS","2022","Unknown","White","South West (England)","Gloucestershire CC","20","[c]","[c]","[c]"
"New entrant CS","2022","Unknown","White","South West (England)","Plymouth","40","[c]","31670","25910"
"New entrant CS","2022","Unknown","White","South West (England)","Somerset CC","20","[c]","[c]","[c]"
"New entrant CS","2022","Unknown","White","South West (England)","Swindon","[c]","[c]","[c]","[c]"
"New entrant CS","2022","Unknown","White","South West (England)","Torbay","[c]","[c]","[c]","[c]"
"New entrant CS","2022","Unknown","White","South West (England)","Wiltshire","40","[c]","32200","26350"
"New entrant CS","2022","Unknown","White","Unknown","Unknown","20","[c]","[c]","[c]"
"New entrant CS","2022","Unknown","White","Wales","Bridgend and Neath Port Talbot","5","[c]","[c]","[c]"
"New entrant CS","2022","Unknown","White","Wales","Cardiff and Vale of Glamorgan","65","[c]","28340","24880"
"New entrant CS","2022","Unknown","White","Wales","Central Valleys","5","[c]","[c]","[c]"
"New entrant CS","2022","Unknown","White","Wales","Conwy and Denbighshire","[c]","[c]","[c]","[c]"
"New entrant CS","2022","Unknown","White","Wales","Flintshire and Wrexham","10","[c]","[c]","[c]"
"New entrant CS","2022","Unknown","White","Wales","Gwent Valleys","[c]","[c]","[c]","[c]"
"New entrant CS","2022","Unknown","White","Wales","Gwynedd","[c]","[c]","[c]","[c]"
"New entrant CS","2022","Unknown","White","Wales","Isle of Anglesey","[c]","[c]","[c]","[c]"
"New entrant CS","2022","Unknown","White","Wales","Monmouthshire and Newport","120","[c]","29880","30210"
"New entrant CS","2022","Unknown","White","Wales","Powys","[c]","[c]","[c]","[c]"
"New entrant CS","2022","Unknown","White","Wales","South West Wales","5","[c]","[c]","[c]"
"New entrant CS","2022","Unknown","White","Wales","Swansea","30","[c]","[c]","[c]"
"New entrant CS","2022","Unknown","White","West Midlands (England)","Birmingham","50","[c]","35390","32770"
"New entrant CS","2022","Unknown","White","West Midlands (England)","Coventry","65","[c]","33490","29360"
"New entrant CS","2022","Unknown","White","West Midlands (England)","Dudley","[c]","[c]","[c]","[c]"
"New entrant CS","2022","Unknown","White","West Midlands (England)","Herefordshire, County of","[c]","[c]","[c]","[c]"
"New entrant CS","2022","Unknown","White","West Midlands (England)","Sandwell","[c]","[c]","[c]","[c]"
"New entrant CS","2022","Unknown","White","West Midlands (England)","Shropshire","15","[c]","[c]","[c]"
"New entrant CS","2022","Unknown","White","West Midlands (England)","Solihull","10","[c]","[c]","[c]"
"New entrant CS","2022","Unknown","White","West Midlands (England)","Staffordshire CC","30","[c]","31150","28840"
"New entrant CS","2022","Unknown","White","West Midlands (England)","Stoke-on-Trent","[c]","[c]","[c]","[c]"
"New entrant CS","2022","Unknown","White","West Midlands (England)","Telford and Wrekin","15","[c]","[c]","[c]"
"New entrant CS","2022","Unknown","White","West Midlands (England)","Walsall","[c]","[c]","[c]","[c]"
"New entrant CS","2022","Unknown","White","West Midlands (England)","Warwickshire CC","[c]","[c]","[c]","[c]"
"New entrant CS","2022","Unknown","White","West Midlands (England)","Wolverhampton","[c]","[c]","[c]","[c]"
"New entrant CS","2022","Unknown","White","West Midlands (England)","Worcestershire CC","[c]","[c]","[c]","[c]"
"New entrant CS","2022","Unknown","White","Yorkshire and The Humber","Barnsley, Doncaster and Rotherham","[c]","[c]","[c]","[c]"
"New entrant CS","2022","Unknown","White","Yorkshire and The Humber","Bradford","[c]","[c]","[c]","[c]"
"New entrant CS","2022","Unknown","White","Yorkshire and The Humber","Calderdale and Kirklees","5","[c]","[c]","[c]"
"New entrant CS","2022","Unknown","White","Yorkshire and The Humber","East Riding of Yorkshire","15","[c]","[c]","[c]"
"New entrant CS","2022","Unknown","White","Yorkshire and The Humber","Kingston upon Hull, City of","10","[c]","[c]","[c]"
"New entrant CS","2022","Unknown","White","Yorkshire and The Humber","Leeds","120","[c]","31460","27270"
"New entrant CS","2022","Unknown","White","Yorkshire and The Humber","North and North East Lincolnshire","5","[c]","[c]","[c]"
"New entrant CS","2022","Unknown","White","Yorkshire and The Humber","North Yorkshire CC","15","[c]","[c]","[c]"
"New entrant CS","2022","Unknown","White","Yorkshire and The Humber","Sheffield","155","[c]","32240","29360"
"New entrant CS","2022","Unknown","White","Yorkshire and The Humber","Wakefield","15","[c]","[c]","[c]"
"New entrant CS","2022","Unknown","White","Yorkshire and The Humber","York","10","[c]","[c]","[c]"
"Notes","Summary figures are suppressed when information relates to less than 5 civil servants for FTE or Headcount, and less than 10 civil servants for median and mean salary (shown as [c]). Zero responses and salaries for less than 30 civil servants have been suppressed for GPDR special category data. FTE figures are not shown for entrants or leavers due to data quality concerns for these groups. Figures are rounded to the nearest 5, or £10 as appropriate.","","","","","","","",""
"Data source","All figures are aggregated from the Cabinet Office Annual Civil Service Employment Survey collection. https://www.gov.uk/government/collections/civil-service-statistics","","","","","","","",""
"Version","Generated on 2023-02-15, with GIT 71a76ea.","","","","","","","",""
"Data column","Description","","","","","","","",""
"Status","Employment status of the civil servants.","","","","","","","",""
"","In post - includes staff that were in post on the reference date (31 March).","","","","","","","",""
"","New entrant CS - includes new entrants to the Civil Service over the year (1 April to 31 March).","","","","","","","",""
"","Leaver CS - includes leavers from the Civil Service over the year (1 April to 31 March). This includes employees who have an Unknown leaving cause.","","","","","","","",""
"","Leaver Dept. - includes leavers from the department over the year (1 April to 31 March), who did not leave the Civil Service.","","","","","","","",""
"","Five organisations do not report when their employees first entered the Civil Service and so entrants data for these organisations is not available . These are as follows: Foreign Commonwealth and Development Office (excl. agencies), Foreign Commonwealth and Development Office Services, Defence Electronics and Components Agency, Scottish Forestry and Forest and Land Scotland. A further three organisations also could not provide entrants data in 2021. These are as follows: Department for International Development, Foreign and Commonwealth Office (excl. agencies) and Royal Fleet Auxiliary.","","","","","","","",""
"","Organisation specific notes on status: In late June 2021 around 7,000 employees from Community Rehabilitation Companies were transferred in from the private sector to HM Prison and Probation Service, counting as entrants. HM Land Registry do not record where their departing employees transfer to and so are unable to identify those that transfer to another Civil Service department.","","","","","","","",""
"Year","Year of data collection (as at 31 March).","","","","","","","",""
"Region_ITL1","Workplace postcode data are used to derive geographical information using the International Territorial Level (ITL) classification standard.","","","","","","","",""
"","Following the UK's withdrawal from the EU, a new UK-managed international statistical geography - International Territorial Levels (ITL) - was introduced from 1st January 2021, replacing the former NUTS classification. They align with international standards, enabling comparability both over time and internationally. To ensure continued alignment, the ITLs mirror the NUTS system. They also follow a similar review timetable - every three years.","","","","","","","",""
"","ITL 1 divides into Wales, Scotland, Northern Ireland, and the 9 statistical regions of England.","","","","","","","",""
"Region_ITL3","Workplace postcode data are used to derive geographical information using the International Territorial Level (ITL) classification standard.","","","","","","","",""
"","Following the UK's withdrawal from the EU, a new UK-managed international statistical geography - International Territorial Levels (ITL) - was introduced from 1st January 2021, replacing the former NUTS classification. They align with international standards, enabling comparability both over time and internationally. To ensure continued alignment, the ITLs mirror the NUTS system. They also follow a similar review timetable - every three years.","","","","","","","",""
"","ITL 3 divides into counties, unitary authorities, or districts in England (some grouped), groups of unitary authorities in Wales, groups of council areas in Scotland, groups of districts in Northern Ireland.","","","","","","","",""
"Ethnicity","Self reported ethnicity. ""Undeclared"" accounts for employees who have actively declared that they do not want to disclose their ethnicity and ""Unknown"" accounts for employees who have not made an active declaration about their ethnicity.","","","","","","","",""
"Disability","Self reported disability.","","","","","","","",""
"","""Undeclared"" accounts for employees who have actively declared that they do not want to disclose their disability status and ""Unknown"" accounts for employees who have not made an active declaration about their disability status.","","","","","","","",""
"Headcount","Total number of civil servants (rounded to nearest 5).","","","","","","","",""
"FTE","Total full-time equivalent (FTE) employment numbers (rounded to nearest 5).","","","","","","","",""
"","FTE figures are not shown for entrants or leavers due to data quality concerns for these groups.","","","","","","","",""
"Mean_salary","Average salary (mean, rounded to nearest £10). For part-time employees, salaries represent the full-time equivalent earnings, while for full-time employees they are the actual annual gross salaries.","","","","","","","",""
"","These figures should be interpreted with caution when the total number of employees in a group is small, as they will tend to show more variability than larger groups (i.e. may be much higher or lower than can be explained by the data shown).","","","","","","","",""
"Median_salary","Median salary (rounded to nearest £10). For part-time employees, salaries represent the full-time equivalent earnings, while for full-time employees they are the actual annual gross salaries.","","","","","","","",""
"","These figures should be interpreted with caution when the total number of employees in a group is small, as they will tend to show more variability than larger groups (i.e. may be much higher or lower than can be explained by the data shown).","","","","","","","",""
